#DataSignature: 0
#FileSignature: 0
#OperatorSignature: 2
#legend: No Name
#logy: logy
#sim_duration: 0.008730
#title_str: z = 
#tlabel: z
#tscale: 0.007058
#tscale_str: $L_{NL}$
#tunit_str: m
#xcordID: ST
#xlabel: $\\omega$
#xunit_str: $s^{-1}$
#ycordID: null
#ylabel: I
#yscale_str: arb.
#yunit_str: arb.
  4.7091289182721331e+14  1.3839308478997473e+12
  5.4939837379841550e+14  1.8830639334333398e+12
  6.2788385576961775e+14  2.1761573157807888e+12
  7.0636933774082000e+14  5.3145947984984316e+12
  7.8485481971202225e+14  2.6013371506370277e+13
  8.6334030168322450e+14  1.0966521083287950e+14
  9.4182578365442662e+14  3.6654211985885725e+14
  1.0203112656256288e+15  1.0236609261964949e+15
  1.0987967475968310e+15  2.4989040617761670e+15
  1.1772822295680332e+15  5.5292344871183160e+15
  1.2557677115392355e+15  1.1453423143039420e+16
  1.3342531935104378e+15  2.2781868981074220e+16
  1.4127386754816400e+15  4.3908926302072680e+16
  1.4912241574528422e+15  8.0989730228904688e+16
  1.5697096394240442e+15  1.3920717433105232e+17
  1.6481951213952465e+15  2.1676737481864381e+17
  1.7266806033664488e+15  2.9906715528393542e+17
  1.8051660853376510e+15  3.6014456347689645e+17
  1.8836515673088532e+15  3.7512079768999322e+17
  1.9621370492800555e+15  3.3653712434574106e+17
  2.0406225312512578e+15  2.6057256523479898e+17
  2.1191080132224598e+15  1.7665150505577974e+17
  2.1975934951936620e+15  1.0936071215989520e+17
  2.2760789771648645e+15  6.7521729791760048e+16
  2.3545644591360665e+15  4.6235475913577512e+16
  2.4330499411072690e+15  3.5842933112300816e+16
  2.5115354230784710e+15  2.9057789795479956e+16
  2.5900209050496735e+15  2.2864244449152148e+16
  2.6685063870208755e+15  1.7020590063117084e+16
  2.7469918689920780e+15  1.2087471358820836e+16
  2.8254773509632800e+15  8.3844196565149250e+15
  2.9039628329344825e+15  5.8246683234401900e+15
  2.9824483149056845e+15  4.1146197842113410e+15
  3.0609337968768865e+15  2.9559500423659080e+15
  3.1394192788480890e+15  2.1375509838785192e+15
  3.2179047608192910e+15  1.5402088162890482e+15
  3.2963902427904935e+15  1.1058119799912456e+15
  3.3748757247616955e+15  8.0565337001736125e+14
  3.4533612067328980e+15  6.2014926858573662e+14
  3.5318466887041000e+15  5.2938373847663375e+14
  3.6103321706753025e+15  5.1012650082553738e+14
  3.6888176526465045e+15  5.3600097920368000e+14
  3.7673031346177065e+15  5.7955154951153675e+14
  3.8457886165889090e+15  6.1615519829790125e+14
  3.9242740985601110e+15  6.2964309915531400e+14
  4.0027595805313135e+15  6.1859649070118650e+14
  4.0812450625025155e+15  6.0129699869824975e+14
  4.1597305444737180e+15  6.1689357614398875e+14
  4.2382160264449200e+15  7.2084998448045475e+14
  4.3167015084161220e+15  9.7413154975109588e+14
  4.3951869903873245e+15  1.4275020558564890e+15
  4.4736724723585265e+15  2.1041513016583135e+15
  4.5521579543297290e+15  2.9850933548479235e+15
  4.6306434363009310e+15  4.0019901554790880e+15
  4.7091289182721330e+15  5.0411226921692740e+15
  4.7876144002433350e+15  5.9601464240110980e+15
  4.8660998822145370e+15  6.6160960061997970e+15
  4.9445853641857400e+15  6.8991686056566910e+15
  5.0230708461569420e+15  6.7630977429635030e+15
  5.1015563281281440e+15  6.2412726589017490e+15
  5.1800418100993460e+15  5.4402469129629060e+15
  5.2585272920705480e+15  4.5096840867367400e+15
  5.3370127740417510e+15  3.5979698897056515e+15
  5.4154982560129530e+15  2.8106269484084200e+15
  5.4939837379841550e+15  2.1888830856700868e+15
  5.5724692199553570e+15  1.7164806698886742e+15
  5.6509547019265590e+15  1.3483570892220478e+15
  5.7294401838977620e+15  1.0437266039113391e+15
  5.8079256658689640e+15  7.8554802271482388e+14
  5.8864111478401660e+15  5.7873505196000925e+14
  5.9648966298113680e+15  4.3356345503007481e+14
  6.0433821117825710e+15  3.4892255068149394e+14
  6.1218675937537730e+15  3.0741263213194694e+14
  6.2003530757249750e+15  2.8396037570537588e+14
  6.2788385576961770e+15  2.5987202544681253e+14
  6.3573240396673790e+15  2.3179405584901394e+14
  6.4358095216385820e+15  2.1035721980297988e+14
  6.5142950036097840e+15  2.1117756334815769e+14
  6.5927804855809860e+15  2.4535024655638078e+14
  6.6712659675521880e+15  3.1523208705432738e+14
  6.7497514495233910e+15  4.1637562896765519e+14
  6.8282369314945930e+15  5.4214316206976869e+14
  6.9067224134657950e+15  6.8659481622400962e+14
  6.9852078954369970e+15  8.4357779012576638e+14
  7.0636933774081990e+15  1.0033227525299466e+15
  7.1421788593794020e+15  1.1499147967432560e+15
  7.2206643413506040e+15  1.2626812371106518e+15
  7.2991498233218060e+15  1.3222893133979600e+15
  7.3776353052930080e+15  1.3195304052249008e+15
  7.4561207872642100e+15  1.2628132369251680e+15
  7.5346062692354130e+15  1.1802258897200362e+15
  7.6130917512066150e+15  1.1138226759848392e+15
  7.6915772331778170e+15  1.1069228316253482e+15
  7.7700627151490190e+15  1.1884384816479435e+15
  7.8485481971202220e+15  1.3601525519714120e+15
  7.9270336790914240e+15  1.5924177373544055e+15
  8.0055191610626260e+15  1.8308595984425545e+15
  8.0840046430338280e+15  2.0123762770487598e+15
  8.1624901250050300e+15  2.0848372163055070e+15
  8.2409756069762330e+15  2.0231696274864450e+15
  8.3194610889474350e+15  1.8358656007498315e+15
  8.3979465709186370e+15  1.5598450858869775e+15
  8.4764320528898390e+15  1.2463703082763962e+15
  8.5549175348610420e+15  9.4420815132636962e+14
  8.6334030168322440e+15  6.8693464902932100e+14
  8.7118884988034460e+15  4.8889511330599681e+14
  8.7903739807746480e+15  3.4996367116090600e+14
  8.8688594627458500e+15  2.6488612976391600e+14
  8.9473449447170530e+15  2.3080707142300803e+14
  9.0258304266882560e+15  2.4805845875591478e+14
  9.1043159086594580e+15  3.1424969631019594e+14
  9.1828013906306600e+15  4.1757462734133300e+14
  9.2612868726018620e+15  5.3760402046655075e+14
  9.3397723545730640e+15  6.5720510965839125e+14
  9.4182578365442660e+15  7.7915455153835888e+14
