#legend:                       ArgonShock      
#logy:                         logy            
#plabel:                       z               
#pscale:                       1.31262         
#pscale_str:                   $L_{NL}$        
#punit_str:                    m               
#pval:                         0               
#title_str:                    z =             
#xcordID:                      ST              
#xlabel:                       $\omega$        
#xunit_str:                    $s^{-1}$        
#ycordID:                      AU              
#ylabel:                       I               
#yscale_str:                   arb.            
#yunit_str:                    arb.            
1.1080300000000000e+14    2.5642769141697345e+09    
1.2388655505004550e+14    1.6852050575667889e+10    
1.3697011010009100e+14    1.0341631174112012e+11    
1.5005366515013650e+14    5.9261657490561096e+11    
1.6313722020018200e+14    3.1710785589158755e+12    
1.7622077525022750e+14    1.5844869483040035e+13    
1.8930433030027297e+14    7.3929673654135406e+13    
2.0238788535031847e+14    3.2210492848963456e+14    
2.1547144040036397e+14    1.3104619296586478e+15    
2.2855499545040947e+14    4.9785159798510640e+15    
2.4163855050045497e+14    1.7661348492513170e+16    
2.5472210555050047e+14    5.8505443067540904e+16    
2.6780566060054594e+14    1.8097439903927904e+17    
2.8088921565059144e+14    5.2274088834005299e+17    
2.9397277070063694e+14    1.4099517727558840e+18    
3.0705632575068244e+14    3.5511621424040781e+18    
3.2013988080072794e+14    8.3518984357175183e+18    
3.3322343585077344e+14    1.8342070760017648e+19    
3.4630699090081894e+14    3.7614906151211540e+19    
3.5939054595086444e+14    7.2031101919031607e+19    
3.7247410100090994e+14    1.2880377527579224e+20    
3.8555765605095538e+14    2.1507284714440101e+20    
3.9864121110100094e+14    3.3534438130229255e+20    
4.1172476615104644e+14    4.8825302406615682e+20    
4.2480832120109188e+14    6.6381537551909467e+20    
4.3789187625113738e+14    8.4274877716190305e+20    
4.5097543130118288e+14    9.9907343758514507e+20    
4.6405898635122838e+14    1.1059745972766164e+21    
4.7714254140127388e+14    1.1432503665022663e+21    
4.9022609645131938e+14    1.1035347272012872e+21    
5.0330965150136488e+14    9.9467022505755332e+20    
5.1639320655141038e+14    8.3718355516522457e+20    
5.2947676160145588e+14    6.5797700772682898e+20    
5.4256031665150138e+14    4.8289110421123983e+20    
5.5564387170154688e+14    3.3093000802823655e+20    
5.6872742675159238e+14    2.1177346995629700e+20    
5.8181098180163788e+14    1.2654803718733391e+20    
5.9489453685168338e+14    7.0613499035236065e+19    
6.0797809190172888e+14    3.6793280279856837e+19    
6.2106164695177438e+14    1.7901842971811185e+19    
6.3414520200181988e+14    8.1334618851163546e+18    
6.4722875705186525e+14    3.4506553653454372e+18    
6.6031231210191075e+14    1.3670241740808384e+18    
6.7339586715195625e+14    5.0570734428576563e+17    
6.8647942220200188e+14    1.7469110222541402e+17    
6.9956297725204738e+14    5.6349590870445968e+16    
7.1264653230209288e+14    1.6973023292960776e+16    
7.2573008735213838e+14    4.7739306434841930e+15    
7.3881364240218375e+14    1.2538380960752450e+15    
7.5189719745222925e+14    3.0750719017170262e+14    
7.6498075250227475e+14    7.0423490483852125e+13    
7.7806430755232025e+14    1.5060114592316826e+13    
7.9114786260236575e+14    3.0073741613194878e+12    
8.0423141765241125e+14    5.6078334860433154e+11    
8.1731497270245675e+14    9.7645270552995331e+10    
8.3039852775250225e+14    1.5876536805109772e+10    
8.4348208280254775e+14    2.4105092029989691e+09    
8.5656563785259325e+14    3.4175137554882914e+08    
8.6964919290263875e+14    4.5243918034744695e+07    
8.8273274795268425e+14    5.5931774964135466e+06    
8.9581630300272975e+14    6.4566234214672144e+05    
9.0889985805277525e+14    6.9598644525805415e+04    
9.2198341310282075e+14    7.0055883150408108e+03    
9.3506696815286625e+14    6.5847164734537057e+02    
9.4815052320291175e+14    5.7793457833522503e+01    
9.6123407825295725e+14    4.7366531604499587e+00    
9.7431763330300275e+14    3.6251490869756120e-01    
9.8740118835304825e+14    2.5910792240212518e-02    
1.0004847434030938e+15    1.7302014196234684e-03    
1.0135682984531392e+15    1.0812022053547853e-04    
1.0266518535031848e+15    6.3681001869628779e-06    
1.0397354085532302e+15    3.6382290628896570e-07    
1.0528189636032758e+15    2.2750010914093689e-08    
1.0659025186533212e+15    2.2202122091149253e-09    
1.0789860737033668e+15    5.4758943687474585e-10    
1.0920696287534122e+15    3.1819507835942038e-10    
1.1051531838034578e+15    2.2195734209572807e-10    
1.1182367388535032e+15    1.8271111115958068e-10    
1.1313202939035488e+15    1.3084078106738802e-10    
1.1444038489535942e+15    7.3827970244968889e-11    
1.1574874040036398e+15    5.1654032049467415e-11    
1.1705709590536850e+15    2.8642301001573576e-11    
1.1836545141037305e+15    9.4918660893677053e-12    
1.1967380691537760e+15    7.8111352260543243e-12    
1.2098216242038215e+15    1.2908735419153780e-12    
1.2229051792538670e+15    4.6247017872242155e-13    
1.2359887343039125e+15    5.5568968211165478e-12    
1.2490722893539582e+15    1.3629707969941622e-11    
1.2621558444040038e+15    1.4949184511733604e-11    
1.2752393994540492e+15    1.8022290510345012e-11    
1.2883229545040948e+15    1.6953989994588684e-11    
1.3014065095541402e+15    1.7137710094538467e-11    
1.3144900646041858e+15    2.1528248432260295e-11    
1.3275736196542312e+15    1.7437978387970596e-11    
1.3406571747042768e+15    1.8028003253194378e-11    
1.3537407297543222e+15    2.1986570655401941e-11    
1.3668242848043675e+15    2.1363236643442507e-11    
1.3799078398544130e+15    1.9613170022620134e-11    
1.3929913949044585e+15    1.6544129224098577e-11    
1.4060749499545040e+15    1.9262051162695859e-11    
1.4191585050045495e+15    2.8381225083320355e-11    
1.4322420600545950e+15    3.2889046981654641e-11    
1.4453256151046405e+15    3.3363167627421284e-11    
1.4584091701546860e+15    3.9628379012046358e-11    
1.4714927252047315e+15    6.3728847805891655e-11    
1.4845762802547770e+15    7.1746257571979925e-11    
1.4976598353048225e+15    6.7698113274248784e-11    
1.5107433903548680e+15    7.3587035341979861e-11    
1.5238269454049135e+15    9.8250541244047548e-11    
1.5369105004549590e+15    8.6841495602791920e-11    
1.5499940555050045e+15    8.3550715420603755e-11    
1.5630776105550500e+15    7.9243682955323693e-11    
1.5761611656050955e+15    7.8197621739651038e-11    
1.5892447206551410e+15    7.2700668388166344e-11    
1.6023282757051865e+15    6.0447146825436143e-11    
1.6154118307552320e+15    6.0409429968457518e-11    
1.6284953858052775e+15    6.0785237478677841e-11    
1.6415789408553230e+15    5.0905996814274014e-11    
1.6546624959053685e+15    5.1911704339650046e-11    
1.6677460509554140e+15    4.3564316947119009e-11    
1.6808296060054595e+15    3.5132784964465708e-11    
1.6939131610555050e+15    2.6511630364527356e-11    
1.7069967161055505e+15    1.7695270895649144e-11    
1.7200802711555960e+15    1.0267924625448416e-11    
1.7331638262056415e+15    6.0302456070444272e-12    
1.7462473812556870e+15    5.3809260799269801e-12    
1.7593309363057325e+15    2.3249673131104407e-12    
1.7724144913557780e+15    4.7660348399844935e-13    
1.7854980464058235e+15    3.2716258654762059e-13    
1.7985816014558690e+15    2.4228969808716539e-12    
1.8116651565059145e+15    3.4621149908046763e-12    
1.8247487115559600e+15    7.1513373984108259e-12    
1.8378322666060055e+15    9.4601001938992766e-12    
1.8509158216560510e+15    9.5372878812150369e-12    
1.8639993767060965e+15    9.3807054878942385e-12    
1.8770829317561420e+15    1.0784844716446439e-11    
1.8901664868061875e+15    1.0154548811566622e-11    
1.9032500418562330e+15    1.3478586933833972e-11    
1.9163335969062785e+15    9.5433861952116696e-12    
1.9294171519563240e+15    1.0853582692830617e-11    
1.9425007070063695e+15    7.5353368996176135e-12    
1.9555842620564150e+15    6.0068706387388991e-12    
1.9686678171064605e+15    1.2274851453207612e-11    
1.9817513721565060e+15    1.0287500929096630e-11    
1.9948349272065515e+15    9.3466653674574266e-12    
2.0079184822565970e+15    1.3583308231253069e-11    
2.0210020373066425e+15    1.8570082286131551e-11    
2.0340855923566880e+15    2.9284770841928598e-11    
2.0471691474067335e+15    2.9856942514928009e-11    
2.0602527024567790e+15    3.1270137705562813e-11    
2.0733362575068245e+15    5.4053940423107171e-11    
2.0864198125568700e+15    5.0646321189706820e-11    
2.0995033676069155e+15    4.3872976052052568e-11    
2.1125869226569610e+15    4.9320222850989116e-11    
2.1256704777070065e+15    5.5791508778154684e-11    
2.1387540327570520e+15    6.4757014390895016e-11    
2.1518375878070975e+15    4.6352730743239390e-11    
2.1649211428571430e+15    5.3047266646866818e-11    
2.1780046979071885e+15    4.6249178564169857e-11    
2.1910882529572340e+15    3.6670482715650146e-11    
2.2041718080072795e+15    2.3757151328681719e-11    
2.2172553630573248e+15    1.4297641629417965e-11    
2.2303389181073702e+15    1.1486096447417498e-11    
2.2434224731574158e+15    6.5960985949565240e-12    
2.2565060282074610e+15    4.9136679279122162e-12    
2.2695895832575070e+15    4.3545625948356976e-12    
2.2826731383075520e+15    1.1925167417880251e-12    
2.2957566933575980e+15    3.4695947551759339e-12    
2.3088402484076430e+15    6.2485850515404172e-12    
2.3219238034576890e+15    7.0890114836994112e-12    
2.3350073585077340e+15    3.5080831061651563e-12    
2.3480909135577800e+15    3.4404201677954250e-12    
2.3611744686078250e+15    4.9220486673929410e-12    
2.3742580236578710e+15    4.7926574945453526e-12    
2.3873415787079165e+15    1.4628766863936771e-12    
2.4004251337579620e+15    1.0807561497807821e-12    
2.4135086888080075e+15    1.1387805881846146e-12    
2.4265922438580530e+15    1.0067985566178105e-12    
2.4396757989080985e+15    4.9368042799677178e-13    
2.4527593539581440e+15    1.0403523785177023e-12    
2.4658429090081895e+15    4.5781576183655898e-13    
2.4789264640582350e+15    7.1688876256316318e-13    
2.4920100191082805e+15    9.7302184572983325e-13    
2.5050935741583260e+15    1.5263362536872753e-12    
2.5181771292083715e+15    3.2470757801100776e-13    
2.5312606842584170e+15    5.2583399884884174e-13    
2.5443442393084625e+15    2.9844339860071154e-13    
2.5574277943585080e+15    2.8545968824382348e-13    
2.5705113494085535e+15    1.5765162081668791e-12    
2.5835949044585990e+15    2.9818666933900440e-12    
2.5966784595086445e+15    5.3766839840732039e-12    
2.6097620145586900e+15    7.7861615219630901e-12    
2.6228455696087350e+15    1.6140180608046612e-11    
2.6359291246587805e+15    2.6138649192637400e-11    
2.6490126797088260e+15    2.8093180379176921e-11    
2.6620962347588715e+15    3.8623920889802992e-11    
2.6751797898089170e+15    4.6092667309211410e-11    
2.6882633448589625e+15    4.5158657887616957e-11    
2.7013468999090080e+15    4.0890346693842458e-11    
2.7144304549590535e+15    3.4154813358980591e-11    
2.7275140100090990e+15    3.7383093856838779e-11    
2.7405975650591445e+15    2.7146508197478351e-11    
2.7536811201091900e+15    2.1471474930132154e-11    
2.7667646751592355e+15    1.5734867856583299e-11    
2.7798482302092810e+15    1.4650004924900584e-11    
2.7929317852593265e+15    8.8354689175717043e-12    
2.8060153403093720e+15    9.0731331675065467e-13    
2.8190988953594175e+15    3.1846856135282477e-13    
2.8321824504094630e+15    9.7383044149944447e-13    
2.8452660054595085e+15    1.1084686629067522e-12    
2.8583495605095540e+15    7.2335113420572453e-12    
2.8714331155595995e+15    6.1239208254075081e-12    
2.8845166706096450e+15    1.0049853938999440e-11    
2.8976002256596905e+15    1.6505486001931219e-11    
2.9106837807097360e+15    6.5905695791501865e-12    
2.9237673357597815e+15    1.6046632825920441e-11    
2.9368508908098270e+15    2.4443248539666762e-12    
2.9499344458598725e+15    5.2992891462569508e-12    
2.9630180009099180e+15    1.4893019926249502e-11    
2.9761015559599635e+15    6.2345730368571226e-12    
2.9891851110100090e+15    2.6030406573331061e-12    
3.0022686660600545e+15    2.4337978516239203e-12    
3.0153522211101000e+15    1.2247523818469986e-12    
3.0284357761601455e+15    6.1397405408492015e-13    
3.0415193312101910e+15    4.9761749495916430e-13    
3.0546028862602365e+15    4.2282567693356402e-13    
3.0676864413102820e+15    4.5396670166466736e-13    
3.0807699963603275e+15    8.8077786698975460e-13    
3.0938535514103730e+15    2.0232210401603071e-12    
3.1069371064604185e+15    1.8838963300414457e-12    
3.1200206615104640e+15    5.2259982055543525e-12    
3.1331042165605095e+15    5.6023591678637144e-12    
3.1461877716105550e+15    6.7291850151428314e-12    
3.1592713266606005e+15    8.4923420535019912e-12    
3.1723548817106460e+15    1.2859471921672725e-11    
3.1854384367606915e+15    1.3638026080078191e-11    
3.1985219918107370e+15    1.5643789667116676e-11    
3.2116055468607825e+15    1.9166415646666233e-11    
3.2246891019108280e+15    2.3373282323596180e-11    
3.2377726569608735e+15    2.4503918325187171e-11    
3.2508562120109190e+15    2.5240954274637473e-11    
3.2639397670609645e+15    2.4798400835140033e-11    
3.2770233221110100e+15    2.6256859520499524e-11    
3.2901068771610555e+15    2.5596090135112982e-11    
3.3031904322111010e+15    2.0231103676391940e-11    
3.3162739872611465e+15    1.8012408381713730e-11    
3.3293575423111920e+15    1.2791219036338802e-11    
3.3424410973612375e+15    9.8515055438569126e-12    
3.3555246524112830e+15    8.5419120696323926e-12    
3.3686082074613285e+15    3.5245478835591750e-12    
3.3816917625113740e+15    2.1807518385134605e-12    
3.3947753175614195e+15    1.4003340424395840e-12    
3.4078588726114650e+15    6.1906473852387976e-13    
3.4209424276615105e+15    4.4566531134484907e-13    
3.4340259827115560e+15    2.3294942185712832e-12    
3.4471095377616015e+15    1.5191522448857524e-12    
3.4601930928116470e+15    2.7831180096134442e-12    
3.4732766478616925e+15    4.3031530605943516e-12    
3.4863602029117380e+15    3.5802871523394314e-12    
3.4994437579617835e+15    2.4089269008079928e-12    
3.5125273130118290e+15    2.5354901369763892e-12    
3.5256108680618745e+15    1.6906547864883298e-12    
3.5386944231119200e+15    2.1426100985630661e-12    
3.5517779781619655e+15    1.7763248155562615e-12    
3.5648615332120110e+15    1.3627801210460541e-12    
3.5779450882620565e+15    1.5852035000306713e-12    
3.5910286433121020e+15    2.7881012986171973e-12    
3.6041121983621475e+15    1.3928433985998257e-12    
3.6171957534121930e+15    3.4686799830660919e-12    
3.6302793084622385e+15    3.2883952035051537e-12    
3.6433628635122840e+15    1.9207115148635824e-12    
3.6564464185623295e+15    3.5761555788073927e-12    
3.6695299736123750e+15    6.6608483292388237e-12    
3.6826135286624205e+15    7.2660323502459465e-12    
3.6956970837124660e+15    7.5660833190632984e-12    
3.7087806387625115e+15    1.0364384380262220e-11    
3.7218641938125570e+15    1.7452062769374019e-11    
3.7349477488626025e+15    1.6966906667783660e-11    
3.7480313039126480e+15    1.5087430631224772e-11    
3.7611148589626935e+15    2.2684842557799119e-11    
3.7741984140127390e+15    2.5675916569683143e-11    
3.7872819690627845e+15    3.1868496508521398e-11    
3.8003655241128300e+15    2.5566703118060250e-11    
3.8134490791628755e+15    1.9736383714093491e-11    
3.8265326342129210e+15    2.2666144800390967e-11    
3.8396161892629665e+15    1.5032430667482770e-11    
3.8526997443130120e+15    3.6761308695700332e-12    
3.8657832993630575e+15    7.9516122059797783e-12    
3.8788668544131030e+15    8.5556624495572994e-12    
3.8919504094631485e+15    4.3288961482366849e-12    
3.9050339645131940e+15    3.5247377389620030e-12    
3.9181175195632395e+15    2.4889451177743086e-12    
3.9312010746132850e+15    1.7661608101312598e-12    
3.9442846296633305e+15    8.3843850598482243e-13    
3.9573681847133760e+15    5.3354918525696267e-13    
3.9704517397634215e+15    4.4452657210579855e-13    
3.9835352948134670e+15    7.4189455508161035e-14    
3.9966188498635125e+15    1.0333453073832022e-16    
4.0097024049135580e+15    4.6523952808048590e-13    
4.0227859599636035e+15    7.4570936253379394e-13    
4.0358695150136490e+15    7.5896603047827470e-13    
4.0489530700636945e+15    1.2533328585047993e-12    
4.0620366251137400e+15    9.7641681042199908e-13    
4.0751201801637855e+15    7.1270959412544677e-13    
4.0882037352138310e+15    5.7515349331313638e-13    
4.1012872902638765e+15    2.8367527019873798e-13    
4.1143708453139220e+15    1.9022371087315078e-13    
4.1274544003639675e+15    4.8487972276593440e-13    
4.1405379554140130e+15    6.3595649641443510e-14    
4.1536215104640585e+15    2.3742967388074882e-15    
4.1667050655141040e+15    9.7493405102511587e-14    
4.1797886205641495e+15    4.3243898328388614e-14    
4.1928721756141950e+15    1.0909787619174398e-12    
4.2059557306642405e+15    1.2402603683841802e-12    
4.2190392857142860e+15    2.7198112551185329e-12    
4.2321228407643315e+15    3.0090929692367121e-12    
4.2452063958143770e+15    4.1012174505849378e-12    
4.2582899508644225e+15    4.4574519534136743e-12    
4.2713735059144680e+15    6.0631007321406014e-12    
4.2844570609645135e+15    6.6336012460956900e-12    
4.2975406160145590e+15    1.1650300958035215e-11    
4.3106241710646040e+15    1.5673130247234957e-11    
4.3237077261146495e+15    1.5350341361750478e-11    
4.3367912811646950e+15    1.6691035704907908e-11    
4.3498748362147405e+15    1.8902152875445007e-11    
4.3629583912647860e+15    1.8679259670778736e-11    
4.3760419463148315e+15    1.3778179316200934e-11    
4.3891255013648770e+15    1.6300796105226355e-11    
4.4022090564149225e+15    1.3246375510157210e-11    
4.4152926114649680e+15    1.5064692675630318e-11    
4.4283761665150135e+15    9.2246726615406293e-12    
4.4414597215650590e+15    5.4007321170372029e-12    
4.4545432766151045e+15    6.6056580801766389e-12    
4.4676268316651500e+15    2.1276879419677069e-12    
4.4807103867151955e+15    5.2450630759708003e-13    
4.4937939417652410e+15    2.3240808533404884e-13    
4.5068774968152860e+15    3.6120417432074689e-13    
4.5199610518653320e+15    2.0432923278627613e-13    
4.5330446069153780e+15    4.5235193421867563e-13    
4.5461281619654230e+15    6.0434956439453410e-13    
4.5592117170154680e+15    5.2930348567973269e-13    
4.5722952720655140e+15    1.3169385594971403e-12    
4.5853788271155600e+15    1.0648740615855638e-12    
4.5984623821656050e+15    2.5975367575142775e-12    
4.6115459372156500e+15    2.6906130116665276e-12    
4.6246294922656960e+15    3.1422543011386839e-12    
4.6377130473157420e+15    9.9363677283390211e-13    
4.6507966023657870e+15    2.2612892715106399e-12    
4.6638801574158330e+15    2.2604645989313142e-12    
4.6769637124658780e+15    1.9310846099985486e-12    
4.6900472675159240e+15    2.1752262667103454e-12    
4.7031308225659690e+15    8.3559111880298219e-13    
4.7162143776160150e+15    3.2725503183421213e-13    
4.7292979326660600e+15    5.4973879836395514e-13    
4.7423814877161060e+15    1.3675794936383034e-14    
4.7554650427661510e+15    3.2666200086633491e-14    
4.7685485978161970e+15    5.1290372599677656e-13    
4.7816321528662420e+15    1.5514421194299206e-12    
4.7947157079162880e+15    1.9769951846217304e-12    
4.8077992629663330e+15    5.5143520566234741e-12    
4.8208828180163790e+15    6.8272597566662223e-12    
4.8339663730664240e+15    1.2400805465006714e-11    
4.8470499281164700e+15    1.9896560942068360e-11    
4.8601334831665150e+15    2.0589442354934009e-11    
4.8732170382165610e+15    3.0613342520208945e-11    
4.8863005932666060e+15    2.5056107579100097e-11    
4.8993841483166520e+15    3.1161827797690913e-11    
4.9124677033666970e+15    3.0729679589803224e-11    
4.9255512584167430e+15    2.8014763616927652e-11    
4.9386348134667880e+15    2.6893545006910601e-11    
4.9517183685168340e+15    2.3716162522815122e-11    
4.9648019235668790e+15    2.5822831077080280e-11    
4.9778854786169250e+15    2.0788245563552350e-11    
4.9909690336669700e+15    1.6800011309842505e-11    
5.0040525887170160e+15    1.0228584706945178e-11    
5.0171361437670610e+15    6.3889407668570475e-12    
5.0302196988171070e+15    5.1219334088349955e-12    
5.0433032538671520e+15    1.6799741682125393e-12    
5.0563868089171980e+15    5.5056293624731474e-13    
5.0694703639672430e+15    1.2747172689420793e-13    
5.0825539190172890e+15    7.1383166870464229e-14    
5.0956374740673340e+15    3.2511932374569091e-14    
5.1087210291173800e+15    1.7087895601125714e-13    
5.1218045841674250e+15    8.6579179548738909e-13    
5.1348881392174700e+15    1.4418832802620052e-12    
5.1479716942675160e+15    1.3653507841797581e-12    
5.1610552493175610e+15    1.2401030232815218e-12    
5.1741388043676070e+15    4.0492386095360262e-13    
5.1872223594176520e+15    1.0966412742842422e-12    
5.2003059144676980e+15    4.6013489451377859e-13    
5.2133894695177430e+15    5.0754476748205763e-13    
5.2264730245677890e+15    4.0565225494014277e-13    
5.2395565796178340e+15    3.4536182083691029e-13    
5.2526401346678800e+15    7.3251821282490131e-13    
5.2657236897179250e+15    3.7647200451196995e-13    
5.2788072447679710e+15    1.0489785934811180e-13    
5.2918907998180160e+15    4.2852456634239772e-13    
5.3049743548680620e+15    6.9329695695443915e-13    
5.3180579099181070e+15    1.0894091043336594e-12    
5.3311414649681530e+15    2.1793496757676820e-12    
5.3442250200181980e+15    2.0089421319451366e-12    
5.3573085750682440e+15    3.3581935067619211e-12    
5.3703921301182890e+15    4.5079822668083900e-12    
5.3834756851683350e+15    4.0668100307317394e-12    
5.3965592402183800e+15    8.0223016098412157e-12    
5.4096427952684260e+15    5.9000756638115675e-12    
5.4227263503184710e+15    1.0698090043748575e-11    
5.4358099053685170e+15    1.1192619178793259e-11    
5.4488934604185620e+15    6.2854609068668619e-12    
5.4619770154686080e+15    1.4161832855278688e-11    
5.4750605705186530e+15    1.6735526812305121e-11    
5.4881441255686990e+15    1.7348252391132459e-11    
5.5012276806187440e+15    1.8708717283716021e-11    
5.5143112356687900e+15    1.5244121446868142e-11    
5.5273947907188350e+15    1.0140800342415825e-11    
5.5404783457688810e+15    1.2709700467846320e-11    
5.5535619008189260e+15    6.7267686248951933e-12    
5.5666454558689720e+15    6.5540471650355322e-12    
5.5797290109190170e+15    6.8918160800123128e-12    
5.5928125659690630e+15    3.6075062284901033e-12    
5.6058961210191080e+15    1.5291949683054848e-12    
5.6189796760691540e+15    4.6981056721960906e-13    
5.6320632311191990e+15    4.7074920884714057e-13    
5.6451467861692450e+15    4.9945856895604899e-14    
5.6582303412192900e+15    8.8886066444129201e-13    
5.6713138962693360e+15    1.9617061069155198e-12    
5.6843974513193810e+15    8.9439530174704768e-13    
5.6974810063694270e+15    2.1766642599403483e-12    
5.7105645614194720e+15    2.8841096488142193e-12    
5.7236481164695180e+15    2.5173029624523974e-12    
5.7367316715195630e+15    2.7133811098094829e-12    
5.7498152265696090e+15    1.9570773366313720e-12    
5.7628987816196540e+15    2.9727219525498579e-12    
5.7759823366697000e+15    4.8575708673254142e-12    
5.7890658917197450e+15    1.7936782343884659e-12    
5.8021494467697910e+15    2.0514601742953624e-12    
5.8152330018198360e+15    1.5790190726154543e-12    
5.8283165568698820e+15    8.1802576218116567e-13    
5.8414001119199270e+15    1.3450741085185339e-12    
5.8544836669699730e+15    6.6392919347258129e-13    
5.8675672220200180e+15    1.2652722725010989e-12    
5.8806507770700640e+15    1.8546251683620519e-12    
5.8937343321201090e+15    5.0978398463186548e-13    
5.9068178871701550e+15    6.9465481554467031e-13    
5.9199014422202000e+15    6.2866697766531321e-13    
5.9329849972702460e+15    7.0314069417383269e-13    
5.9460685523202910e+15    2.0591178686434124e-12    
5.9591521073703370e+15    2.6960629534718376e-12    
5.9722356624203820e+15    3.2600896106075419e-12    
5.9853192174704280e+15    6.8402800049331008e-12    
5.9984027725204730e+15    8.8272113511109143e-12    
6.0114863275705190e+15    1.2768414358061858e-11    
6.0245698826205640e+15    1.3850949453163140e-11    
6.0376534376706100e+15    1.5120351353739945e-11    
6.0507369927206550e+15    1.6173504147269205e-11    
6.0638205477707010e+15    1.4473122316493790e-11    
6.0769041028207460e+15    1.4060950499160438e-11    
6.0899876578707920e+15    1.5595612346960068e-11    
6.1030712129208370e+15    1.4829685515061755e-11    
6.1161547679708830e+15    1.4094527182036801e-11    
6.1292383230209280e+15    1.1841623222174922e-11    
6.1423218780709740e+15    8.4784933843439660e-12    
6.1554054331210190e+15    1.2852008155245330e-11    
6.1684889881710650e+15    8.3974127196085061e-12    
6.1815725432211100e+15    3.1578587166990318e-12    
6.1946560982711560e+15    4.5010167024385756e-12    
6.2077396533212010e+15    1.2583967244695994e-11    
6.2208232083712470e+15    6.1973682229406164e-12    
6.2339067634212920e+15    8.5928715916975361e-12    
6.2469903184713380e+15    1.2802644875795806e-11    
6.2600738735213830e+15    5.1674736088182337e-12    
6.2731574285714290e+15    1.7051056745876667e-12    
6.2862409836214740e+15    1.1524299401537656e-12    
6.2993245386715200e+15    3.7995214835239540e-12    
6.3124080937215650e+15    5.3396868967832112e-13    
6.3254916487716110e+15    3.8166884980289182e-12    
6.3385752038216560e+15    2.3456699347746693e-12    
6.3516587588717020e+15    4.8181630707596237e-12    
6.3647423139217470e+15    1.8355893090730467e-12    
6.3778258689717930e+15    3.7848574433125313e-12    
6.3909094240218380e+15    3.4635635910534353e-12    
6.4039929790718840e+15    1.9323877017951248e-12    
6.4170765341219290e+15    1.9583637219560261e-12    
6.4301600891719750e+15    2.9882741906975864e-12    
6.4432436442220200e+15    3.3000416072454804e-12    
6.4563271992720660e+15    5.1627993521865278e-12    
6.4694107543221110e+15    4.7415565830475439e-12    
6.4824943093721570e+15    9.5802801126880419e-12    
6.4955778644222020e+15    1.3605977648317628e-11    
6.5086614194722480e+15    1.3483360999699728e-11    
6.5217449745222930e+15    1.8410385674917277e-11    
6.5348285295723390e+15    1.6005214256991133e-11    
6.5479120846223840e+15    2.0286218368531484e-11    
6.5609956396724300e+15    1.9361129380947650e-11    
6.5740791947224750e+15    1.3134239047662596e-11    
6.5871627497725210e+15    1.6924284725354895e-11    
6.6002463048225660e+15    1.6789985340586162e-11    
6.6133298598726120e+15    1.4788560747709998e-11    
6.6264134149226570e+15    1.0813813080909916e-11    
6.6394969699727030e+15    6.2129261680480248e-12    
6.6525805250227480e+15    7.4990290372099169e-12    
6.6656640800727940e+15    6.9498805363106437e-12    
6.6787476351228390e+15    4.5183897004359552e-12    
6.6918311901728850e+15    4.3432800980730736e-12    
6.7049147452229300e+15    3.4957272383625871e-12    
6.7179983002729760e+15    2.6520771728372581e-12    
6.7310818553230210e+15    1.9408990813689723e-12    
6.7441654103730670e+15    1.9296004531201520e-12    
6.7572489654231120e+15    1.8787034595102466e-12    
6.7703325204731580e+15    1.7102370385085762e-12    
6.7834160755232030e+15    1.5854907988876990e-12    
6.7964996305732490e+15    1.2297472227476487e-12    
6.8095831856232940e+15    1.6860604673857363e-12    
6.8226667406733390e+15    2.5868005780438067e-12    
6.8357502957233850e+15    1.7346266122549040e-12    
6.8488338507734300e+15    2.4006565912899748e-12    
6.8619174058234760e+15    1.6402905596469965e-12    
6.8750009608735210e+15    3.1213389326435955e-12    
6.8880845159235670e+15    2.4574863613672813e-12    
6.9011680709736120e+15    2.3872099660391640e-12    
6.9142516260236580e+15    4.6373981706644227e-12    
6.9273351810737030e+15    4.6021344641672072e-12    
6.9404187361237490e+15    3.3271692550320606e-12    
6.9535022911737940e+15    4.3716121104552788e-12    
6.9665858462238400e+15    1.7598463312735380e-12    
6.9796694012738850e+15    2.2347745015680791e-12    
6.9927529563239310e+15    1.0457796878391427e-12    
7.0058365113739760e+15    1.3921128505368138e-13    
7.0189200664240220e+15    8.2721300028383461e-13    
7.0320036214740670e+15    1.4533359695505891e-12    
7.0450871765241130e+15    5.0583634774534511e-12    
7.0581707315741580e+15    3.2199871231987519e-12    
7.0712542866242040e+15    9.2537568493841181e-12    
7.0843378416742490e+15    1.4713849734986935e-11    
7.0974213967242950e+15    1.8156291316413099e-11    
7.1105049517743400e+15    1.8238187111916115e-11    
7.1235885068243860e+15    1.1528832010763284e-11    
7.1366720618744310e+15    2.2044218117754567e-11    
7.1497556169244770e+15    4.3408216042109503e-11    
7.1628391719745220e+15    4.2781813632557919e-11    
7.1759227270245680e+15    3.5752696982199692e-11    
7.1890062820746130e+15    1.4945106807494987e-11    
7.2020898371246590e+15    3.1711756050459599e-11    
7.2151733921747040e+15    8.2877930871077701e-12    
7.2282569472247500e+15    7.2398128250577751e-12    
7.2413405022747950e+15    2.4145566834185934e-12    
7.2544240573248410e+15    3.7883003165060168e-12    
7.2675076123748860e+15    5.4799046979515304e-13    
7.2805911674249320e+15    5.5603183550027972e-13    
7.2936747224749770e+15    9.9564793986898219e-13    
7.3067582775250230e+15    1.0099583455577286e-12    
7.3198418325750680e+15    1.6641866902154644e-12    
7.3329253876251140e+15    4.1992764753234188e-13    
7.3460089426751590e+15    9.5518936051467255e-13    
7.3590924977252050e+15    1.9441320336411612e-13    
7.3721760527752500e+15    1.3637087990133339e-13    
7.3852596078252960e+15    2.8354462504417582e-13    
7.3983431628753410e+15    7.9395956665356853e-13    
7.4114267179253870e+15    8.0287017043222050e-13    
7.4245102729754320e+15    1.0564109001916870e-12    
7.4375938280254780e+15    1.1101682994623089e-12    
7.4506773830755230e+15    2.2737709881520813e-12    
7.4637609381255690e+15    6.6065081498130635e-13    
7.4768444931756140e+15    8.5045308425084651e-13    
7.4899280482256600e+15    6.6725947703870368e-13    
7.5030116032757050e+15    7.1155195701356571e-13    
7.5160951583257510e+15    1.0822662292463238e-12    
7.5291787133757960e+15    6.4931300112036131e-13    
7.5422622684258420e+15    1.3561151345257634e-12    
7.5553458234758870e+15    1.2499685563068191e-12    
7.5684293785259330e+15    1.7068857755516751e-12    
7.5815129335759780e+15    1.9849834848740516e-12    
7.5945964886260240e+15    6.3432929677597796e-12    
7.6076800436760690e+15    5.1942060622518835e-12    
7.6207635987261150e+15    5.7038407555697190e-12    
7.6338471537761600e+15    1.0752077491176265e-11    
7.6469307088262060e+15    1.1884295651087245e-11    
7.6600142638762510e+15    1.7768998080672321e-11    
7.6730978189262970e+15    1.8391827442101644e-11    
7.6861813739763420e+15    2.4170296743801284e-11    
7.6992649290263880e+15    2.4984810972093504e-11    
7.7123484840764330e+15    2.8357959943093575e-11    
7.7254320391264790e+15    2.2374174738427779e-11    
7.7385155941765240e+15    2.2434624679781933e-11    
7.7515991492265700e+15    2.5438085763122361e-11    
7.7646827042766150e+15    2.3100238393059947e-11    
7.7777662593266610e+15    1.8138722125212805e-11    
7.7908498143767060e+15    1.8364549287817101e-11    
7.8039333694267520e+15    2.2146280571368281e-11    
7.8170169244767970e+15    1.0095203669907621e-11    
7.8301004795268430e+15    9.5198620409349933e-12    
7.8431840345768880e+15    6.1510610671895664e-12    
7.8562675896269340e+15    6.9053679403891437e-12    
7.8693511446769790e+15    7.4552431276630295e-12    
7.8824346997270250e+15    9.9966574958996840e-12    
7.8955182547770700e+15    7.3034434434130435e-12    
7.9086018098271160e+15    3.8190070804952733e-12    
7.9216853648771610e+15    4.4620923175085598e-12    
7.9347689199272070e+15    6.2807902574292028e-12    
7.9478524749772520e+15    3.1244829392009932e-12    
7.9609360300272980e+15    7.5266265887368776e-12    
7.9740195850773430e+15    6.0967592742795689e-12    
7.9871031401273890e+15    5.0688322107183370e-12    
8.0001866951774340e+15    2.8711948155804856e-12    
8.0132702502274800e+15    3.8148144196651993e-12    
8.0263538052775250e+15    2.7404620015268706e-12    
8.0394373603275710e+15    9.9346641896500956e-13    
8.0525209153776160e+15    5.7271434592476635e-13    
8.0656044704276620e+15    3.3361000544256184e-13    
8.0786880254777070e+15    1.4970271273385998e-14    
8.0917715805277530e+15    1.6621554376183156e-12    
8.1048551355777980e+15    3.6386021957485646e-12    
8.1179386906278440e+15    3.1019055155305707e-12    
8.1310222456778890e+15    7.3108498184227739e-12    
8.1441058007279350e+15    1.2906175560244275e-11    
8.1571893557779800e+15    1.8519129997397399e-11    
8.1702729108280260e+15    1.9986812235589406e-11    
8.1833564658780710e+15    2.6808409331258575e-11    
8.1964400209281170e+15    2.9331135575710384e-11    
8.2095235759781620e+15    2.8303863852843128e-11    
8.2226071310282080e+15    2.5734629637841863e-11    
8.2356906860782530e+15    2.3721297873320630e-11    
8.2487742411282990e+15    2.3351099319385960e-11    
8.2618577961783440e+15    3.2611646622922394e-11    
8.2749413512283900e+15    3.0098914134421869e-11    
8.2880249062784350e+15    2.8189292324620689e-11    
8.3011084613284810e+15    2.7775614094268389e-11    
8.3141920163785260e+15    2.6231133705911470e-11    
8.3272755714285720e+15    2.7277247012206474e-11    
8.3403591264786170e+15    2.2222463730237380e-11    
8.3534426815286630e+15    2.1912292054748852e-11    
8.3665262365787080e+15    2.5999332950925381e-11    
8.3796097916287540e+15    1.9618660206055936e-11    
8.3926933466787990e+15    1.2938717045654367e-11    
8.4057769017288450e+15    1.0752561479392027e-11    
8.4188604567788900e+15    8.0480575816713455e-12    
8.4319440118289360e+15    4.2009517542244930e-12    
8.4450275668789810e+15    4.3682459157407217e-12    
8.4581111219290270e+15    2.5599694131953876e-12    
8.4711946769790720e+15    2.6718722463286502e-12    
8.4842782320291180e+15    3.0745887645916391e-12    
8.4973617870791630e+15    3.6866343495121489e-12    
8.5104453421292080e+15    3.1446631718237653e-12    
8.5235288971792540e+15    4.2827965040832655e-12    
8.5366124522292990e+15    3.6849095527259649e-12    
8.5496960072793450e+15    4.8393525936623908e-12    
8.5627795623293900e+15    3.9605465869687152e-12    
8.5758631173794360e+15    5.0421004724227423e-12    
8.5889466724294810e+15    6.5514440201203550e-12    
8.6020302274795270e+15    4.0095461235443372e-12    
8.6151137825295720e+15    4.1198431576497099e-12    
8.6281973375796180e+15    1.4120930692903736e-12    
8.6412808926296630e+15    7.5611919716331683e-13    
8.6543644476797090e+15    8.5381738556789309e-13    
8.6674480027297540e+15    4.1991983695452613e-13    
8.6805315577798000e+15    2.7521200773669687e-12    
8.6936151128298450e+15    6.4544157348166280e-12    
8.7066986678798910e+15    1.3383270506031972e-11    
8.7197822229299360e+15    2.2199009009597865e-11    
8.7328657779799820e+15    3.2689305182889108e-11    
8.7459493330300270e+15    4.1983287160725895e-11    
8.7590328880800730e+15    4.1911928397335518e-11    
8.7721164431301180e+15    5.6951268868315642e-11    
8.7851999981801640e+15    6.0627781182716772e-11    
8.7982835532302090e+15    7.4258194993197948e-11    
8.8113671082802550e+15    7.3418246417076600e-11    
8.8244506633303000e+15    6.2879723048817339e-11    
8.8375342183803460e+15    7.5329898121627441e-11    
8.8506177734303910e+15    5.2598339385121259e-11    
8.8637013284804370e+15    5.6466350595769436e-11    
8.8767848835304820e+15    4.6190822744379187e-11    
8.8898684385805280e+15    3.7452625425854888e-11    
8.9029519936305730e+15    2.7961305989455219e-11    
8.9160355486806190e+15    2.1635159315407867e-11    
8.9291191037306640e+15    1.6383152718071858e-11    
8.9422026587807100e+15    9.4519370985168463e-12    
8.9552862138307550e+15    8.1284252638231146e-12    
8.9683697688808010e+15    4.2849690729133799e-12    
8.9814533239308460e+15    3.7000915304472973e-12    
8.9945368789808920e+15    4.6425915983984616e-12    
9.0076204340309360e+15    2.9442817744232563e-12    
9.0207039890809840e+15    2.8442754673426532e-12    
9.0337875441310280e+15    3.0250118852292730e-12    
9.0468710991810740e+15    2.4336069563844571e-12    
9.0599546542311200e+15    4.1366575855534409e-12    
9.0730382092811640e+15    4.2851768782327316e-12    
9.0861217643312100e+15    4.7203101643588455e-12    
9.0992053193812560e+15    5.5009213438373662e-12    
9.1122888744313000e+15    5.6277236961353478e-12    
9.1253724294813460e+15    4.3904584585223936e-12    
9.1384559845313920e+15    4.5461246732900459e-12    
9.1515395395814380e+15    3.6279076043161011e-12    
9.1646230946314840e+15    2.3426405379578846e-12    
9.1777066496815280e+15    1.8874539133352119e-12    
9.1907902047315740e+15    6.9878812459958887e-13    
9.2038737597816200e+15    4.6901290767348918e-13    
9.2169573148316660e+15    3.5569868612704449e-12    
9.2300408698817100e+15    8.2888646619331758e-12    
9.2431244249317560e+15    1.1974837530294210e-11    
9.2562079799818020e+15    1.8530438688286419e-11    
9.2692915350318480e+15    3.5098964523631516e-11    
9.2823750900818920e+15    4.1863750257592784e-11    
9.2954586451319380e+15    7.2164000476628960e-11    
9.3085422001819840e+15    9.0998397280002635e-11    
9.3216257552320300e+15    1.2014592390916010e-10    
9.3347093102820740e+15    1.4117346066837599e-10    
9.3477928653321200e+15    1.5000382865355368e-10    
9.3608764203821660e+15    1.8138414057770605e-10    
9.3739599754322120e+15    1.7123003168917735e-10    
9.3870435304822560e+15    1.5512054180917653e-10    
9.4001270855323020e+15    1.3537908163799469e-10    
9.4132106405823480e+15    1.2351217010270602e-10    
9.4262941956323940e+15    9.6529156848777179e-11    
9.4393777506824380e+15    6.5937513177459722e-11    
9.4524613057324840e+15    6.2761289040156943e-11    
9.4655448607825300e+15    4.2767468741104059e-11    
9.4786284158325760e+15    4.0185123650064947e-11    
9.4917119708826200e+15    3.2333237468984447e-11    
9.5047955259326660e+15    2.1916424936207700e-11    
9.5178790809827120e+15    2.9814217334709746e-11    
9.5309626360327580e+15    2.3104295839671600e-11    
9.5440461910828020e+15    1.4912093386731684e-11    
9.5571297461328480e+15    3.1395963635564087e-11    
9.5702133011828940e+15    2.6092936768930472e-11    
9.5832968562329400e+15    2.7827315906393661e-11    
9.5963804112829840e+15    2.5242507905409734e-11    
9.6094639663330300e+15    3.2727510269313403e-11    
9.6225475213830760e+15    4.3995768724822908e-11    
9.6356310764331220e+15    4.1314261515391271e-11    
9.6487146314831660e+15    5.5549345912696827e-11    
9.6617981865332120e+15    5.7367482047602879e-11    
9.6748817415832580e+15    5.8971196204730171e-11    
9.6879652966333040e+15    5.2838395096302971e-11    
9.7010488516833480e+15    4.3569888922782100e-11    
9.7141324067333940e+15    3.1357450830591831e-11    
9.7272159617834400e+15    2.6389757297190181e-11    
9.7402995168334860e+15    1.6833063569512652e-11    
9.7533830718835300e+15    1.1006309667671027e-11    
9.7664666269335760e+15    1.8014669193245639e-11    
9.7795501819836220e+15    4.8184454210102494e-11    
9.7926337370336680e+15    1.0688465499447600e-10    
9.8057172920837120e+15    2.1705937350706228e-10    
9.8188008471337580e+15    3.3565810187114947e-10    
9.8318844021838040e+15    5.0128833400447020e-10    
9.8449679572338500e+15    6.8946765721358774e-10    
9.8580515122838940e+15    8.5806548030710605e-10    
9.8711350673339400e+15    1.0880369893697594e-09    
9.8842186223839860e+15    1.2205606726980645e-09    
9.8973021774340320e+15    1.3193242273298951e-09    
9.9103857324840760e+15    1.3499762246656825e-09    
9.9234692875341220e+15    1.3325793550889005e-09    
9.9365528425841680e+15    1.2565938341738285e-09    
9.9496363976342140e+15    1.1054341773257530e-09    
9.9627199526842580e+15    9.4276917300405970e-10    
9.9758035077343040e+15    7.7145619308666326e-10    
9.9888870627843500e+15    6.0400482216778918e-10    
1.0001970617834396e+16    4.3606269653793096e-10    
1.0015054172884440e+16    2.9370104387652808e-10    
1.0028137727934486e+16    2.0106381811324353e-10    
1.0041221282984532e+16    1.2024615309330204e-10    
1.0054304838034578e+16    7.0816107955413514e-11    
1.0067388393084622e+16    4.5373783038452687e-11    
1.0080471948134668e+16    2.9438696451665450e-11    
1.0093555503184714e+16    1.7672340635772921e-11    
1.0106639058234760e+16    1.0837652012899731e-11    
1.0119722613284804e+16    5.9156815398758034e-12    
1.0132806168334850e+16    6.5578980777800420e-12    
1.0145889723384896e+16    2.7465489499436326e-12    
1.0158973278434940e+16    1.2971013316386333e-12    
1.0172056833484986e+16    2.1926014871372993e-12    
1.0185140388535032e+16    6.3976831016741445e-12    
1.0198223943585078e+16    1.2967145261693440e-11    
1.0211307498635122e+16    3.2362466009743755e-11    
1.0224391053685168e+16    6.5768162790426466e-11    
1.0237474608735214e+16    1.1628629073977769e-10    
1.0250558163785260e+16    1.9987553062333108e-10    
1.0263641718835304e+16    3.0813729254704400e-10    
1.0276725273885350e+16    4.2890237121069892e-10    
1.0289808828935396e+16    6.2553997568478456e-10    
1.0302892383985442e+16    7.8500964996649986e-10    
1.0315975939035486e+16    1.0268169754994345e-09    
1.0329059494085532e+16    1.2260873674306971e-09    
1.0342143049135578e+16    1.4244472028419406e-09    
1.0355226604185624e+16    1.6441527108445159e-09    
1.0368310159235668e+16    1.8179972546235207e-09    
1.0381393714285714e+16    1.9706146705828918e-09    
1.0394477269335760e+16    2.0283108852325735e-09    
1.0407560824385806e+16    1.9712013010043941e-09    
1.0420644379435850e+16    1.9462175445131319e-09    
1.0433727934485896e+16    1.9376528810888044e-09    
1.0446811489535942e+16    1.8647321049591226e-09    
1.0459895044585988e+16    1.9054362765193865e-09    
1.0472978599636032e+16    2.0874881946491337e-09    
1.0486062154686078e+16    2.1944511591020225e-09    
1.0499145709736124e+16    2.2885133879252606e-09    
1.0512229264786170e+16    2.3248636209766581e-09    
1.0525312819836214e+16    2.2141764400469001e-09    
1.0538396374886260e+16    2.1740397821552608e-09    
1.0551479929936306e+16    1.7714235404105712e-09    
1.0564563484986352e+16    1.6297792258830113e-09    
1.0577647040036396e+16    1.2029254257289489e-09    
1.0590730595086442e+16    9.5891679164083124e-10    
1.0603814150136488e+16    7.4584649035554977e-10    
1.0616897705186534e+16    5.8192517842607114e-10    
1.0629981260236578e+16    4.1569439312966370e-10    
1.0643064815286624e+16    3.5414970486414007e-10    
1.0656148370336670e+16    2.9048595379814138e-10    
1.0669231925386716e+16    2.5190063101601575e-10    
1.0682315480436760e+16    2.2601378342233329e-10    
1.0695399035486806e+16    2.0667950278709837e-10    
1.0708482590536852e+16    2.2800254071507296e-10    
1.0721566145586898e+16    2.5030469841829610e-10    
1.0734649700636942e+16    3.1118413962233528e-10    
1.0747733255686988e+16    3.8388530836180447e-10    
1.0760816810737034e+16    5.3245187490955197e-10    
1.0773900365787080e+16    7.0755037143140565e-10    
1.0786983920837124e+16    9.5589857572094946e-10    
1.0800067475887170e+16    1.1754592730245276e-09    
1.0813151030937216e+16    1.4383197164230388e-09    
1.0826234585987262e+16    1.7103707489656133e-09    
1.0839318141037306e+16    1.9705509844794951e-09    
1.0852401696087352e+16    2.1470232816212509e-09    
1.0865485251137398e+16    2.1840694291588752e-09    
1.0878568806187444e+16    2.2102636766176515e-09    
1.0891652361237488e+16    2.0921558111171303e-09    
1.0904735916287534e+16    1.9190432965936610e-09    
1.0917819471337580e+16    1.6858910864497081e-09    
1.0930903026387626e+16    1.4200896932512901e-09    
1.0943986581437670e+16    1.1940453330349849e-09    
1.0957070136487716e+16    9.8993666612385217e-10    
1.0970153691537762e+16    7.7253822979617823e-10    
1.0983237246587808e+16    6.0747665369019191e-10    
1.0996320801637852e+16    4.5709841440673441e-10    
1.1009404356687898e+16    3.5329153364168210e-10    
1.1022487911737944e+16    2.2140475046029289e-10    
1.1035571466787990e+16    1.4407098702276226e-10    
1.1048655021838034e+16    7.9030530849181206e-11    
1.1061738576888080e+16    4.4874378058307131e-11    
1.1074822131938126e+16    2.6990705589341912e-11    
1.1087905686988172e+16    2.7387430731001132e-11    
1.1100989242038216e+16    3.6652753798713673e-11    
1.1114072797088262e+16    5.5307289891214899e-11    
1.1127156352138308e+16    7.9286765518623767e-11    
1.1140239907188354e+16    1.0966036330629053e-10    
1.1153323462238398e+16    1.0974851570906206e-10    
1.1166407017288444e+16    1.2834173714006583e-10    
1.1179490572338490e+16    1.6646215378090320e-10    
1.1192574127388536e+16    1.6079031538399242e-10    
1.1205657682438580e+16    1.9441544006632961e-10    
1.1218741237488626e+16    2.1181963613955852e-10    
1.1231824792538672e+16    2.2314618343482869e-10    
1.1244908347588718e+16    2.8489770187229608e-10    
1.1257991902638762e+16    3.4646251981897009e-10    
1.1271075457688808e+16    4.5569405933570696e-10    
1.1284159012738854e+16    6.0936141261532065e-10    
1.1297242567788900e+16    8.4989301708614603e-10    
1.1310326122838944e+16    1.0553415454174075e-09    
1.1323409677888990e+16    1.3385122798652812e-09    
1.1336493232939036e+16    1.5738946255147810e-09    
1.1349576787989082e+16    1.8544700652036005e-09    
1.1362660343039126e+16    1.9636888195831837e-09    
1.1375743898089172e+16    2.0202962875800475e-09    
1.1388827453139218e+16    1.9873479485896069e-09    
1.1401911008189264e+16    1.9197644838547254e-09    
1.1414994563239308e+16    1.8446473287737444e-09    
1.1428078118289354e+16    1.7649601884671531e-09    
1.1441161673339400e+16    1.7176105899328004e-09    
1.1454245228389446e+16    1.7333683642099582e-09    
1.1467328783439490e+16    1.6793627754650167e-09    
1.1480412338489536e+16    1.5816267343209477e-09    
1.1493495893539582e+16    1.4466449891569025e-09    
1.1506579448589628e+16    1.2497965409406893e-09    
1.1519663003639672e+16    1.0024048171923969e-09    
1.1532746558689718e+16    7.5311015723274221e-10    
1.1545830113739764e+16    5.2050466961993308e-10    
1.1558913668789810e+16    3.2819393366624719e-10    
1.1571997223839854e+16    1.9615474649172558e-10    
1.1585080778889900e+16    1.1329363450505127e-10    
1.1598164333939946e+16    7.0529658055568001e-11    
1.1611247888989992e+16    5.5222362316710697e-11    
1.1624331444040036e+16    6.7967879801879751e-11    
1.1637414999090082e+16    8.0539971652419841e-11    
1.1650498554140128e+16    8.6732244390517625e-11    
1.1663582109190174e+16    9.4418423842670354e-11    
1.1676665664240218e+16    9.6537369823366699e-11    
1.1689749219290264e+16    1.0477116625401621e-10    
1.1702832774340310e+16    1.0251250475949984e-10    
1.1715916329390356e+16    9.7079415301692487e-11    
1.1728999884440400e+16    8.9536503796635158e-11    
1.1742083439490446e+16    8.5090088666224849e-11    
1.1755166994540492e+16    7.8943829462767364e-11    
1.1768250549590538e+16    8.3949467399256340e-11    
1.1781334104640582e+16    7.8335858940865871e-11    
1.1794417659690628e+16    6.8927832857991142e-11    
1.1807501214740674e+16    7.7367221811044960e-11    
1.1820584769790720e+16    8.6212609094424779e-11    
1.1833668324840764e+16    9.0702276783209090e-11    
1.1846751879890810e+16    1.0752897213620025e-10    
1.1859835434940856e+16    1.2604121948714253e-10    
1.1872918989990900e+16    1.5203929762653475e-10    
1.1886002545040946e+16    1.7606183094838182e-10    
1.1899086100090992e+16    1.8555196280974572e-10    
1.1912169655141038e+16    2.0498456399342846e-10    
1.1925253210191082e+16    2.0789458945178237e-10    
1.1938336765241128e+16    1.9595689333515076e-10    
1.1951420320291174e+16    1.8909438510695402e-10    
1.1964503875341220e+16    1.8002851891235220e-10    
1.1977587430391264e+16    1.6158072546126928e-10    
1.1990670985441310e+16    1.5439865536900787e-10    
1.2003754540491356e+16    1.0837287406864477e-10    
1.2016838095541402e+16    9.2486958775974692e-11    
1.2029921650591446e+16    6.8829812668393372e-11    
1.2043005205641492e+16    5.2269820399330776e-11    
1.2056088760691538e+16    4.3300667686793922e-11    
1.2069172315741584e+16    4.0358017191045469e-11    
1.2082255870791628e+16    2.5822867335226451e-11    
1.2095339425841674e+16    2.0980075013387666e-11    
1.2108422980891720e+16    1.7861907705349558e-11    
1.2121506535941766e+16    1.2341685783270040e-11    
1.2134590090991810e+16    1.2978815435341333e-11    
1.2147673646041856e+16    8.5138074093647045e-12    
1.2160757201091902e+16    7.8704092295508042e-12    
1.2173840756141948e+16    3.9489697091282673e-12    
1.2186924311191992e+16    3.4980240165529414e-12    
1.2200007866242038e+16    3.1565505702366023e-12    
1.2213091421292084e+16    7.6540887408305678e-13    
1.2226174976342130e+16    1.1018339444928712e-12    
1.2239258531392174e+16    8.8122791695074907e-13    
1.2252342086442220e+16    1.6827063540953136e-12    
1.2265425641492266e+16    2.1103164552005086e-12    
1.2278509196542312e+16    2.7649828798070323e-12    
1.2291592751592356e+16    2.3004602785248139e-12    
1.2304676306642402e+16    1.7899763572625714e-12    
1.2317759861692448e+16    2.8027264270405597e-12    
1.2330843416742494e+16    2.3360262730517004e-12    
1.2343926971792538e+16    1.8901379470357315e-12    
1.2357010526842584e+16    1.6243332328364719e-12    
1.2370094081892630e+16    1.2656864976632372e-12    
1.2383177636942676e+16    2.1614562823395997e-12    
1.2396261191992720e+16    5.8095016362372522e-12    
1.2409344747042766e+16    1.0014428114199807e-11    
1.2422428302092812e+16    1.9785846002825565e-11    
1.2435511857142858e+16    2.8498283371757940e-11    
1.2448595412192902e+16    3.6802375012128037e-11    
1.2461678967242948e+16    6.1990795046176244e-11    
1.2474762522292994e+16    7.9297078125730038e-11    
1.2487846077343040e+16    9.9391546137535727e-11    
1.2500929632393084e+16    1.0703911144600557e-10    
1.2514013187443130e+16    1.1511707862091794e-10    
1.2527096742493176e+16    1.1593191500097507e-10    
1.2540180297543222e+16    1.0617995438161312e-10    
1.2553263852593266e+16    9.5556617869156820e-11    
1.2566347407643312e+16    7.8388230854995051e-11    
1.2579430962693358e+16    6.1106579029432307e-11    
1.2592514517743404e+16    3.7032908877377104e-11    
1.2605598072793448e+16    2.5125601807798819e-11    
1.2618681627843494e+16    1.1066930892637292e-11    
1.2631765182893540e+16    5.8467767657184923e-12    
1.2644848737943586e+16    5.9825900070407252e-13    
1.2657932292993630e+16    5.3568323957415079e-13    
1.2671015848043676e+16    3.1541348885207130e-12    
1.2684099403093722e+16    6.0706280090696077e-12    
1.2697182958143768e+16    1.0717028935298968e-11    
1.2710266513193812e+16    1.2753187611860839e-11    
1.2723350068243858e+16    1.5633286765820434e-11    
1.2736433623293904e+16    1.3243531271633914e-11    
1.2749517178343950e+16    1.1938106753150990e-11    
1.2762600733393994e+16    1.0050016374663073e-11    
1.2775684288444040e+16    8.5822737805330007e-12    
1.2788767843494086e+16    7.7962636346740039e-12    
1.2801851398544132e+16    4.9331649876194206e-12    
1.2814934953594176e+16    4.2601477900916515e-12    
1.2828018508644222e+16    1.0960121699099547e-12    
1.2841102063694268e+16    3.6739500330895680e-12    
1.2854185618744314e+16    2.9931612743894216e-12    
1.2867269173794358e+16    1.7497114868092469e-12    
1.2880352728844404e+16    6.9722005946459831e-13    
1.2893436283894450e+16    2.8741453661496053e-12    
1.2906519838944496e+16    6.9242389599821763e-12    
1.2919603393994540e+16    2.3092638912203251e-13    
1.2932686949044586e+16    1.1119993814645566e-12    
1.2945770504094632e+16    2.3669954885008337e-12    
1.2958854059144678e+16    4.2241765640937948e-12    
1.2971937614194722e+16    6.1151084196353614e-12    
1.2985021169244768e+16    2.5668356329333619e-12    
1.2998104724294814e+16    5.1700865810744298e-12    
1.3011188279344860e+16    7.2084560542862172e-12    
1.3024271834394904e+16    8.5407236838364042e-12    
1.3037355389444950e+16    1.2890188916259149e-11    
1.3050438944494996e+16    2.1040558184637348e-11    
1.3063522499545042e+16    2.4208413051951535e-11    
1.3076606054595086e+16    2.2807936095325942e-11    
1.3089689609645132e+16    3.0787126320541702e-11    
1.3102773164695178e+16    2.9333716879131895e-11    
1.3115856719745224e+16    3.3843411580136706e-11    
1.3128940274795268e+16    3.4401955676527380e-11    
1.3142023829845314e+16    2.6420450517043028e-11    
1.3155107384895360e+16    2.7243848466800867e-11    
1.3168190939945406e+16    2.1893875320149302e-11    
1.3181274494995450e+16    1.4936531358137507e-11    
1.3194358050045496e+16    1.2247992699171584e-11    
1.3207441605095542e+16    6.5798566360140151e-12    
1.3220525160145588e+16    4.3275127373652224e-12    
1.3233608715195632e+16    2.1693520521416318e-12    
1.3246692270245678e+16    3.2664434439317316e-13    
1.3259775825295724e+16    4.1172932927574578e-13    
1.3272859380345770e+16    1.0121396730311161e-12    
1.3285942935395814e+16    1.8284522625635031e-12    
1.3299026490445860e+16    4.5418591455723366e-12    
1.3312110045495906e+16    7.9615647709446196e-12    
1.3325193600545952e+16    8.7737738860390814e-12    
1.3338277155595996e+16    7.3170567463298603e-12    
1.3351360710646042e+16    7.1854264605114586e-12    
1.3364444265696088e+16    9.1164773550361280e-12    
1.3377527820746134e+16    7.8184408676326715e-12    
1.3390611375796178e+16    9.0787441924975362e-12    
1.3403694930846224e+16    7.7926692876317832e-12    
1.3416778485896270e+16    6.5590318716031550e-12    
1.3429862040946316e+16    8.5206548374434597e-12    
1.3442945595996360e+16    7.1093433295936675e-12    
1.3456029151046406e+16    7.4372327455219360e-12    
1.3469112706096452e+16    8.8799083892759795e-12    
1.3482196261146498e+16    1.1584120766254291e-11    
1.3495279816196542e+16    1.0429529797426754e-11    
1.3508363371246588e+16    1.4249030621581808e-11    
1.3521446926296634e+16    1.9947206028773852e-11    
1.3534530481346678e+16    2.1271981926921893e-11    
1.3547614036396724e+16    2.3598380317704021e-11    
1.3560697591446770e+16    2.9269307328682530e-11    
1.3573781146496816e+16    2.7668777321403174e-11    
1.3586864701546860e+16    3.2810179191973990e-11    
1.3599948256596906e+16    2.6220122612075962e-11    
1.3613031811646952e+16    2.6608289071339426e-11    
1.3626115366696998e+16    2.1845439699400738e-11    
1.3639198921747042e+16    2.0925323692360222e-11    
1.3652282476797088e+16    1.9488885128642917e-11    
1.3665366031847134e+16    1.6336017228616575e-11    
1.3678449586897180e+16    1.4561992670719673e-11    
1.3691533141947224e+16    1.2069273531978285e-11    
1.3704616696997270e+16    8.3875831627389097e-12    
1.3717700252047316e+16    8.5684549733233695e-12    
1.3730783807097362e+16    4.6837672629251870e-12    
1.3743867362147406e+16    6.6437966239618626e-12    
1.3756950917197452e+16    2.0548562851274710e-12    
1.3770034472247498e+16    6.3531957472662262e-12    
1.3783118027297544e+16    2.6290081223123711e-12    
1.3796201582347588e+16    1.2967404927621826e-12    
1.3809285137397634e+16    7.8985706863932137e-12    
1.3822368692447680e+16    2.1120882820468982e-12    
1.3835452247497726e+16    8.9706020389712648e-14    
1.3848535802547770e+16    3.5882408155885059e-13    
1.3861619357597816e+16    2.0259349753359853e-12    
1.3874702912647862e+16    2.0214940832374850e-12    
1.3887786467697908e+16    5.9152682752028340e-12    
1.3900870022747952e+16    1.9220181002310714e-12    
1.3913953577797998e+16    1.4566126083082054e-13    
1.3927037132848044e+16    6.9722005946459831e-13    
1.3940120687898090e+16    6.2971849956738871e-12    
1.3953204242948134e+16    2.1973534103381094e-12    
1.3966287797998180e+16    1.3717915692268432e-12    
1.3979371353048226e+16    1.4939161019356104e-12    
1.3992454908098272e+16    3.8480330033507926e-12    
1.4005538463148316e+16    3.5689229349600286e-12    
1.4018622018198362e+16    2.9858893135781277e-12    
1.4031705573248408e+16    3.4024172368418700e-12    
1.4044789128298454e+16    2.3690494010963907e-12    
1.4057872683348498e+16    3.1096132613317447e-12    
1.4070956238398544e+16    2.7576968486542341e-12    
1.4084039793448590e+16    4.3219182573051018e-12    
1.4097123348498636e+16    5.5065121299519015e-12    
1.4110206903548680e+16    7.7926251606033614e-12    
1.4123290458598726e+16    1.3267496110536301e-11    
1.4136374013648772e+16    2.0414559748742215e-11    
1.4149457568698818e+16    2.5667768454586907e-11    
1.4162541123748862e+16    2.5133852582503249e-11    
1.4175624678798908e+16    2.5527669220198817e-11    
1.4188708233848954e+16    2.8692521963964059e-11    
1.4201791788899000e+16    3.1454787985199752e-11    
1.4214875343949044e+16    2.4324748132929324e-11    
1.4227958898999090e+16    2.2558973261155207e-11    
1.4241042454049136e+16    1.8537710655416844e-11    
1.4254126009099182e+16    1.3817065991007020e-11    
1.4267209564149226e+16    1.0889806265681676e-11    
1.4280293119199272e+16    9.0556746950001938e-12    
1.4293376674249318e+16    5.1813478757746606e-12    
1.4306460229299364e+16    3.2458060201106768e-12    
1.4319543784349408e+16    1.4364881829287544e-12    
1.4332627339399454e+16    7.9481403420596125e-13    
1.4345710894449500e+16    3.2258789125723588e-13    
1.4358794449499546e+16    2.9787993044534678e-13    
1.4371878004549590e+16    8.8987344743397345e-13    
1.4384961559599636e+16    1.0178030761739679e-12    
1.4398045114649682e+16    6.6638609507670432e-13    
1.4411128669699728e+16    5.0087786481854289e-13    
1.4424212224749772e+16    1.2484843525483805e-12    
1.4437295779799818e+16    1.5682532399378200e-12    
1.4450379334849864e+16    1.3103992415369838e-12    
1.4463462889899910e+16    9.8797898814666341e-13    
1.4476546444949954e+16    1.5062832438362408e-12    
1.4489630000000000e+16    9.7976936001134333e-13    
