#DataSignature: 0
#FileSignature: 0
#OperatorSignature: 2
#legend: No Name
#logy: logy
#sim_duration: 0.005252
#title_str: z = 
#tlabel: z
#tscale: 0.007058
#tscale_str: $L_{NL}$
#tunit_str: m
#xcordID: ST
#xlabel: $\\omega$
#xunit_str: $s^{-1}$
#ycordID: null
#ylabel: I
#yscale_str: arb.
#yunit_str: arb.
  4.7091289182721331e+14  1.0475196827727087e+11
  5.4939837379841550e+14  1.0087276451079886e+11
  6.2788385576961775e+14  9.8469607464681348e+11
  7.0636933774082000e+14  6.0995015374803281e+12
  7.8485481971202225e+14  2.5078639582822031e+13
  8.6334030168322450e+14  8.0848278467332656e+13
  9.4182578365442662e+14  2.2085343847971519e+14
  1.0203112656256288e+15  5.3571822857090775e+14
  1.0987967475968310e+15  1.2035427546258842e+15
  1.1772822295680332e+15  2.6273719734047660e+15
  1.2557677115392355e+15  5.8216265427336900e+15
  1.3342531935104378e+15  1.3221379926693992e+16
  1.4127386754816400e+15  2.9725831648529344e+16
  1.4912241574528422e+15  6.2803307285801648e+16
  1.5697096394240442e+15  1.1957935427697042e+17
  1.6481951213952465e+15  2.0005325916592544e+17
  1.7266806033664488e+15  2.9010282195257408e+17
  1.8051660853376510e+15  3.6208655049844614e+17
  1.8836515673088532e+15  3.8753243852279405e+17
  1.9621370492800555e+15  3.5499499185468525e+17
  2.0406225312512578e+15  2.7828851764353382e+17
  2.1191080132224598e+15  1.8732371082605306e+17
  2.1975934951936620e+15  1.0965949501398202e+17
  2.2760789771648645e+15  5.7921430913953984e+16
  2.3545644591360665e+15  3.0033458452061668e+16
  2.4330499411072690e+15  1.7251817620431658e+16
  2.5115354230784710e+15  1.1524493683600532e+16
  2.5900209050496735e+15  8.2894185030528060e+15
  2.6685063870208755e+15  5.8619630212621170e+15
  2.7469918689920780e+15  3.9200225511567220e+15
  2.8254773509632800e+15  2.4775283964665055e+15
  2.9039628329344825e+15  1.5060377427514572e+15
  2.9824483149056845e+15  9.0228573074621488e+14
  3.0609337968768865e+15  5.4520879846826369e+14
  3.1394192788480890e+15  3.3692444558697694e+14
  3.2179047608192910e+15  2.1328081297326122e+14
  3.2963902427904935e+15  1.3759676463328347e+14
  3.3748757247616955e+15  9.0461674655018609e+13
  3.4533612067328980e+15  6.1638023698259453e+13
  3.5318466887041000e+15  4.5266112410412109e+13
  3.6103321706753025e+15  3.7575867622871789e+13
  3.6888176526465045e+15  3.6024793202767344e+13
  3.7673031346177065e+15  3.9120633580533688e+13
  3.8457886165889090e+15  4.6571865037986109e+13
  3.9242740985601110e+15  5.9648362321887398e+13
  4.0027595805313135e+15  8.1728036151715359e+13
  4.0812450625025155e+15  1.1900240196711069e+14
  4.1597305444737180e+15  1.8125283610656078e+14
  4.2382160264449200e+15  2.8251047269266869e+14
  4.3167015084161220e+15  4.4130221837374006e+14
  4.3951869903873245e+15  6.8011884123790712e+14
  4.4736724723585265e+15  1.0238063997655121e+15
  4.5521579543297290e+15  1.4968598158517295e+15
  4.6306434363009310e+15  2.1200767730563355e+15
  4.7091289182721330e+15  2.9075233542375375e+15
  4.7876144002433350e+15  3.8649010038011165e+15
  4.8660998822145370e+15  4.9898088695154850e+15
  4.9445853641857400e+15  6.2730212306944660e+15
  5.0230708461569420e+15  7.6983608845566290e+15
  5.1015563281281440e+15  9.2382840377824600e+15
  5.1800418100993460e+15  1.0844103157230044e+16
  5.2585272920705480e+15  1.2433920637251804e+16
  5.3370127740417510e+15  1.3885940976318796e+16
  5.4154982560129530e+15  1.5046496020283646e+16
  5.4939837379841550e+15  1.5758011074925872e+16
  5.5724692199553570e+15  1.5902509131409108e+16
  5.6509547019265590e+15  1.5445538243346670e+16
  5.7294401838977620e+15  1.4460355716174454e+16
  5.8079256658689640e+15  1.3117551714398532e+16
  5.8864111478401660e+15  1.1639899292877792e+16
  5.9648966298113680e+15  1.0238763046211076e+16
  6.0433821117825710e+15  9.0575458826485900e+15
  6.1218675937537730e+15  8.1440256585605600e+15
  6.2003530757249750e+15  7.4591795201887120e+15
  6.2788385576961770e+15  6.9134237486339900e+15
  6.3573240396673790e+15  6.4110134179511910e+15
  6.4358095216385820e+15  5.8838734266392250e+15
  6.5142950036097840e+15  5.3051144188816890e+15
  6.5927804855809860e+15  4.6836252049827700e+15
  6.6712659675521880e+15  4.0484674616855100e+15
  6.7497514495233910e+15  3.4329010304766455e+15
  6.8282369314945930e+15  2.8641912611885615e+15
  6.9067224134657950e+15  2.3602884666968840e+15
  6.9852078954369970e+15  1.9309494775540185e+15
  7.0636933774081990e+15  1.5799968138260672e+15
  7.1421788593794020e+15  1.3065640474974195e+15
  7.2206643413506040e+15  1.1049789692852452e+15
  7.2991498233218060e+15  9.6422766568122000e+14
  7.3776353052930080e+15  8.6825008236367738e+14
  7.4561207872642100e+15  7.9780225120109975e+14
  7.5346062692354130e+15  7.3375438733404575e+14
  7.6130917512066150e+15  6.6094546633771375e+14
  7.6915772331778170e+15  5.7137333218267138e+14
  7.7700627151490190e+15  4.6564155679532944e+14
  7.8485481971202220e+15  3.5211618703000131e+14
  7.9270336790914240e+15  2.4396782754626650e+14
  8.0055191610626260e+15  1.5494825349435953e+14
  8.0840046430338280e+15  9.5160858370639359e+13
  8.1624901250050300e+15  6.8097970550703219e+13
  8.2409756069762330e+15  6.9825767838237461e+13
  8.3194610889474350e+15  9.0518629288342406e+13
  8.3979465709186370e+15  1.1779064233193288e+14
  8.4764320528898390e+15  1.4067700190049716e+14
  8.5549175348610420e+15  1.5286921062219522e+14
  8.6334030168322440e+15  1.5400394155446181e+14
  8.7118884988034460e+15  1.4844838076568238e+14
  8.7903739807746480e+15  1.4201073136368859e+14
  8.8688594627458500e+15  1.3807297095634294e+14
  8.9473449447170530e+15  1.3532296012928880e+14
  9.0258304266882560e+15  1.2895953088886627e+14
  9.1043159086594580e+15  1.1560834302962116e+14
  9.1828013906306600e+15  9.9656735425294297e+13
  9.2612868726018620e+15  9.6737833965676344e+13
  9.3397723545730640e+15  1.3046345817418853e+14
  9.4182578365442660e+15  2.2192176928811366e+14
