#legend:                       ArgonShock      
#logy:                         logy            
#plabel:                       z               
#pscale:                       1.31262         
#pscale_str:                   $L_{NL}$        
#punit_str:                    m               
#pval:                         1.02937         
#title_str:                    z =             
#xcordID:                      ST              
#xlabel:                       $\omega$        
#xunit_str:                    $s^{-1}$        
#ycordID:                      AU              
#ylabel:                       I               
#yscale_str:                   arb.            
#yunit_str:                    arb.            
1.1080300000000000e+14    3.9859339828989306e+14    
1.2388655505004550e+14    5.4915241878208425e+14    
1.3697011010009100e+14    9.9145838474816712e+14    
1.5005366515013650e+14    2.4145561652822695e+15    
1.6313722020018200e+14    6.5258666408831390e+15    
1.7622077525022750e+14    1.7074133528360822e+16    
1.8930433030027297e+14    4.1576503521309496e+16    
2.0238788535031847e+14    9.4037211079315056e+16    
2.1547144040036397e+14    1.9897176996552531e+17    
2.2855499545040947e+14    3.9710838587850432e+17    
2.4163855050045497e+14    7.5344602764328947e+17    
2.5472210555050047e+14    1.3694725626642540e+18    
2.6780566060054594e+14    2.4043516426742917e+18    
2.8088921565059144e+14    4.1161190335611622e+18    
2.9397277070063694e+14    6.9437838601656556e+18    
3.0705632575068244e+14    1.1661321460477964e+19    
3.2013988080072794e+14    1.9633877704424907e+19    
3.3322343585077344e+14    3.3175154040810275e+19    
3.4630699090081894e+14    5.5921914567362445e+19    
3.5939054595086444e+14    9.3007273732585636e+19    
3.7247410100090994e+14    1.5068168661522370e+20    
3.8555765605095538e+14    2.3501718959369188e+20    
3.9864121110100094e+14    3.4957477823060653e+20    
4.1172476615104644e+14    4.9246074552608811e+20    
4.2480832120109188e+14    6.5386731568779061e+20    
4.3789187625113738e+14    8.1557353670448343e+20    
4.5097543130118288e+14    9.5353168109899743e+20    
4.6405898635122838e+14    1.0434689691526144e+21    
4.7714254140127388e+14    1.0678598398292334e+21    
4.9022609645131938e+14    1.0215686023315020e+21    
5.0330965150136488e+14    9.1369850793084151e+20    
5.1639320655141038e+14    7.6475818225338273e+20    
5.2947676160145588e+14    6.0035409244769865e+20    
5.4256031665150138e+14    4.4406203606913391e+20    
5.5564387170154688e+14    3.1217102692113934e+20    
5.6872742675159238e+14    2.1176796199891809e+20    
5.8181098180163788e+14    1.4198036189651770e+20    
5.9489453685168338e+14    9.7028457753364791e+19    
6.0797809190172888e+14    6.9486745117373317e+19    
6.2106164695177438e+14    5.2650033444814651e+19    
6.3414520200181988e+14    4.1652599177446113e+19    
6.4722875705186525e+14    3.3569739391017251e+19    
6.6031231210191075e+14    2.6966066417372086e+19    
6.7339586715195625e+14    2.1306731105620431e+19    
6.8647942220200188e+14    1.6474832902608456e+19    
6.9956297725204738e+14    1.2472406438898635e+19    
7.1264653230209288e+14    9.2821208192624722e+18    
7.2573008735213838e+14    6.8315958595605453e+18    
7.3881364240218375e+14    5.0064405917883443e+18    
7.5189719745222925e+14    3.6766416377127624e+18    
7.6498075250227475e+14    2.7188971901978762e+18    
7.7806430755232025e+14    2.0295398862707238e+18    
7.9114786260236575e+14    1.5288340207271324e+18    
8.0423141765241125e+14    1.1595554742245573e+18    
8.1731497270245675e+14    8.8276911426818714e+17    
8.3039852775250225e+14    6.7291427212138253e+17    
8.4348208280254775e+14    5.1340377918849120e+17    
8.5656563785259325e+14    3.9323288100098291e+17    
8.6964919290263875e+14    3.0464745412935616e+17    
8.8273274795268425e+14    2.4169799466471360e+17    
8.9581630300272975e+14    1.9943655047295162e+17    
9.0889985805277525e+14    1.7353123380599386e+17    
9.2198341310282075e+14    1.6012697244437635e+17    
9.3506696815286625e+14    1.5584013782835126e+17    
9.4815052320291175e+14    1.5782250092699853e+17    
9.6123407825295725e+14    1.6386131396005363e+17    
9.7431763330300275e+14    1.7249830369961030e+17    
9.8740118835304825e+14    1.8315503849653757e+17    
1.0004847434030938e+15    1.9625013617585840e+17    
1.0135682984531392e+15    2.1328903623384842e+17    
1.0266518535031848e+15    2.3690230217553805e+17    
1.0397354085532302e+15    2.7080530451424240e+17    
1.0528189636032758e+15    3.1965172989721971e+17    
1.0659025186533212e+15    3.8875667871713114e+17    
1.0789860737033668e+15    4.8367359281420448e+17    
1.0920696287534122e+15    6.0962471685495693e+17    
1.1051531838034578e+15    7.7080892270510477e+17    
1.1182367388535032e+15    9.6964376610550477e+17    
1.1313202939035488e+15    1.2060377710178916e+18    
1.1444038489535942e+15    1.4768267443647081e+18    
1.1574874040036398e+15    1.7755320141311032e+18    
1.1705709590536850e+15    2.0925930733036408e+18    
1.1836545141037305e+15    2.4161772020298732e+18    
1.1967380691537760e+15    2.7335668642275922e+18    
1.2098216242038215e+15    3.0329792536744269e+18    
1.2229051792538670e+15    3.3055081642914524e+18    
1.2359887343039125e+15    3.5467427798542725e+18    
1.2490722893539582e+15    3.7575668858404378e+18    
1.2621558444040038e+15    3.9437246804023373e+18    
1.2752393994540492e+15    4.1139759063568271e+18    
1.2883229545040948e+15    4.2770260501870771e+18    
1.3014065095541402e+15    4.4378255447779282e+18    
1.3144900646041858e+15    4.5941629572396759e+18    
1.3275736196542312e+15    4.7346013059565445e+18    
1.3406571747042768e+15    4.8386336407469660e+18    
1.3537407297543222e+15    4.8794549665607168e+18    
1.3668242848043675e+15    4.8290590111672945e+18    
1.3799078398544130e+15    4.6646563581948416e+18    
1.3929913949044585e+15    4.3749001243346432e+18    
1.4060749499545040e+15    3.9642861337279186e+18    
1.4191585050045495e+15    3.4544459195132022e+18    
1.4322420600545950e+15    2.8818033624185718e+18    
1.4453256151046405e+15    2.2920110600250350e+18    
1.4584091701546860e+15    1.7324370583244485e+18    
1.4714927252047315e+15    1.2444734297157138e+18    
1.4845762802547770e+15    8.5743379545287104e+17    
1.4976598353048225e+15    5.8531020110030106e+17    
1.5107433903548680e+15    4.2684114377851898e+17    
1.5238269454049135e+15    3.6846638866243027e+17    
1.5369105004549590e+15    3.8907478316759168e+17    
1.5499940555050045e+15    4.6516423659301824e+17    
1.5630776105550500e+15    5.7516488485030131e+17    
1.5761611656050955e+15    7.0212863726874458e+17    
1.5892447206551410e+15    8.3457569007257869e+17    
1.6023282757051865e+15    9.6581483025789734e+17    
1.6154118307552320e+15    1.0923765625485188e+18    
1.6284953858052775e+15    1.2122643327859643e+18    
1.6415789408553230e+15    1.3235782858841454e+18    
1.6546624959053685e+15    1.4237957948704031e+18    
1.6677460509554140e+15    1.5097147866809774e+18    
1.6808296060054595e+15    1.5778661633734351e+18    
1.6939131610555050e+15    1.6251197382146414e+18    
1.7069967161055505e+15    1.6492349077440200e+18    
1.7200802711555960e+15    1.6492025112009751e+18    
1.7331638262056415e+15    1.6253368741185262e+18    
1.7462473812556870e+15    1.5791656090413885e+18    
1.7593309363057325e+15    1.5132077922181624e+18    
1.7724144913557780e+15    1.4307289220747052e+18    
1.7854980464058235e+15    1.3355279369185549e+18    
1.7985816014558690e+15    1.2317688638340833e+18    
1.8116651565059145e+15    1.1238350993321734e+18    
1.8247487115559600e+15    1.0161688390230592e+18    
1.8378322666060055e+15    9.1306370807282573e+17    
1.8509158216560510e+15    8.1839968938509427e+17    
1.8639993767060965e+15    7.3533737005301453e+17    
1.8770829317561420e+15    6.6601342308264896e+17    
1.8901664868061875e+15    6.1129400704175411e+17    
1.9032500418562330e+15    5.7064326581515629e+17    
1.9163335969062785e+15    5.4215032756201274e+17    
1.9294171519563240e+15    5.2273319590462688e+17    
1.9425007070063695e+15    5.0850703849353274e+17    
1.9555842620564150e+15    4.9527397327251232e+17    
1.9686678171064605e+15    4.7906759367850931e+17    
1.9817513721565060e+15    4.5667290828967142e+17    
1.9948349272065515e+15    4.2604368198203834e+17    
2.0079184822565970e+15    3.8655425141151923e+17    
2.0210020373066425e+15    3.3904909769407424e+17    
2.0340855923566880e+15    2.8568595402125699e+17    
2.0471691474067335e+15    2.2960104528568656e+17    
2.0602527024567790e+15    1.7445219867992326e+17    
2.0733362575068245e+15    1.2391227312569040e+17    
2.0864198125568700e+15    8.1189043839353888e+16    
2.0995033676069155e+15    4.8638431686159464e+16    
2.1125869226569610e+15    2.7518400228040396e+16    
2.1256704777070065e+15    1.7905416457451364e+16    
2.1387540327570520e+15    1.8769242272171720e+16    
2.1518375878070975e+15    2.8179668077165100e+16    
2.1649211428571430e+15    4.3603795885105864e+16    
2.1780046979071885e+15    6.2245827997001072e+16    
2.1910882529572340e+15    8.1382347227905808e+16    
2.2041718080072795e+15    9.8652868559260656e+16    
2.2172553630573248e+15    1.1227568386506621e+17    
2.2303389181073702e+15    1.2117078805907806e+17    
2.2434224731574158e+15    1.2498375457420896e+17    
2.2565060282074610e+15    1.2401628110397576e+17    
2.2695895832575070e+15    1.1908028593147747e+17    
2.2826731383075520e+15    1.1130210320193483e+17    
2.2957566933575980e+15    1.0190998015693170e+17    
2.3088402484076430e+15    9.2039946566629296e+16    
2.3219238034576890e+15    8.2590718606750368e+16    
2.3350073585077340e+15    7.4147569387643280e+16    
2.3480909135577800e+15    6.6979784055919552e+16    
2.3611744686078250e+15    6.1100006727230368e+16    
2.3742580236578710e+15    5.6360837197943848e+16    
2.3873415787079165e+15    5.2558157655304352e+16    
2.4004251337579620e+15    4.9513491862824784e+16    
2.4135086888080075e+15    4.7118020224641544e+16    
2.4265922438580530e+15    4.5335020293569232e+16    
2.4396757989080985e+15    4.4170627628160776e+16    
2.4527593539581440e+15    4.3630733555475848e+16    
2.4658429090081895e+15    4.3682537093056632e+16    
2.4789264640582350e+15    4.4233535383684800e+16    
2.4920100191082805e+15    4.5131645183866648e+16    
2.5050935741583260e+15    4.6181626947478040e+16    
2.5181771292083715e+15    4.7168227227102672e+16    
2.5312606842584170e+15    4.7876699407401408e+16    
2.5443442393084625e+15    4.8105644340711496e+16    
2.5574277943585080e+15    4.7672937248848856e+16    
2.5705113494085535e+15    4.6420035572937848e+16    
2.5835949044585990e+15    4.4221225649292000e+16    
2.5966784595086445e+15    4.1001929693400128e+16    
2.6097620145586900e+15    3.6765175623702888e+16    
2.6228455696087350e+15    3.1619795115969404e+16    
2.6359291246587805e+15    2.5800070374178512e+16    
2.6490126797088260e+15    1.9665978119179972e+16    
2.6620962347588715e+15    1.3676411961985894e+16    
2.6751797898089170e+15    8.3341713239715590e+15    
2.6882633448589625e+15    4.1095005086143160e+15    
2.7013468999090080e+15    1.3563786311912128e+15    
2.7144304549590535e+15    2.4035907458632894e+14    
2.7275140100090990e+15    6.9679001337421450e+14    
2.7405975650591445e+15    2.4330176169387475e+15    
2.7536811201091900e+15    4.9784226475386580e+15    
2.7667646751592355e+15    7.7740930905866850e+15    
2.7798482302092810e+15    1.0282868740920798e+16    
2.7929317852593265e+15    1.2093837587879590e+16    
2.8060153403093720e+15    1.2995583979512464e+16    
2.8190988953594175e+15    1.3000093605590104e+16    
2.8321824504094630e+15    1.2312380287110054e+16    
2.8452660054595085e+15    1.1255816927937146e+16    
2.8583495605095540e+15    1.0175249506053734e+16    
2.8714331155595995e+15    9.3454116102170520e+15    
2.8845166706096450e+15    8.9092198145416380e+15    
2.8976002256596905e+15    8.8602680250550660e+15    
2.9106837807097360e+15    9.0697339212588140e+15    
2.9237673357597815e+15    9.3446548385779000e+15    
2.9368508908098270e+15    9.4963614750458600e+15    
2.9499344458598725e+15    9.3970938825997240e+15    
2.9630180009099180e+15    9.0091339426516240e+15    
2.9761015559599635e+15    8.3814544331638770e+15    
2.9891851110100090e+15    7.6199223130688400e+15    
3.0022686660600545e+15    6.8447540959956460e+15    
3.0153522211101000e+15    6.1510098329620220e+15    
3.0284357761601455e+15    5.5844189724776260e+15    
3.0415193312101910e+15    5.1377122946455340e+15    
3.0546028862602365e+15    4.7648827116691580e+15    
3.0676864413102820e+15    4.4052302486313660e+15    
3.0807699963603275e+15    4.0072877121309705e+15    
3.0938535514103730e+15    3.5447588176765200e+15    
3.1069371064604185e+15    3.0210099598037830e+15    
3.1200206615104640e+15    2.4633625674757920e+15    
3.1331042165605095e+15    1.9116111406953960e+15    
3.1461877716105550e+15    1.4059591352752112e+15    
3.1592713266606005e+15    9.7818408057832700e+14    
3.1723548817106460e+15    6.4741646410438325e+14    
3.1854384367606915e+15    4.1975497866490381e+14    
3.1985219918107370e+15    2.8993188550403644e+14    
3.2116055468607825e+15    2.4351124677917144e+14    
3.2246891019108280e+15    2.5909161867737066e+14    
3.2377726569608735e+15    3.1086863853438431e+14    
3.2508562120109190e+15    3.7209868630177019e+14    
3.2639397670609645e+15    4.1943847777349625e+14    
3.2770233221110100e+15    4.3726751040528069e+14    
3.2901068771610555e+15    4.2056176190799212e+14    
3.3031904322111010e+15    3.7508967464019975e+14    
3.3162739872611465e+15    3.1460235586354862e+14    
3.3293575423111920e+15    2.5584356857505644e+14    
3.3424410973612375e+15    2.1304301108783044e+14    
3.3555246524112830e+15    1.9370451448909638e+14    
3.3686082074613285e+15    1.9694675181979628e+14    
3.3816917625113740e+15    2.1469330114286591e+14    
3.3947753175614195e+15    2.3504766066774025e+14    
3.4078588726114650e+15    2.4654849830699175e+14    
3.4209424276615105e+15    2.4183074372486025e+14    
3.4340259827115560e+15    2.1951728486848850e+14    
3.4471095377616015e+15    1.8383212076019272e+14    
3.4601930928116470e+15    1.4227335528596200e+14    
3.4732766478616925e+15    1.0243809083859145e+14    
3.4863602029117380e+15    6.9428983523900695e+13    
3.4994437579617835e+15    4.4965966703973820e+13    
3.5125273130118290e+15    2.8426211774072195e+13    
3.5256108680618745e+15    1.8949420956419191e+13    
3.5386944231119200e+15    1.7092665867653809e+13    
3.5517779781619655e+15    2.4770647768657047e+13    
3.5648615332120110e+15    4.3337896605370789e+13    
3.5779450882620565e+15    7.1029036015409969e+13    
3.5910286433121020e+15    1.0167011861090611e+14    
3.6041121983621475e+15    1.2602213750974859e+14    
3.6171957534121930e+15    1.3551702566123709e+14    
3.6302793084622385e+15    1.2646426142757756e+14    
3.6433628635122840e+15    1.0219940417737395e+14    
3.6564464185623295e+15    7.1661032649507109e+13    
3.6695299736123750e+15    4.4994322620852938e+13    
3.6826135286624205e+15    2.8651809764292594e+13    
3.6956970837124660e+15    2.2822741235096812e+13    
3.7087806387625115e+15    2.2568417890750613e+13    
3.7218641938125570e+15    2.1706084008239816e+13    
3.7349477488626025e+15    1.6828136525244814e+13    
3.7480313039126480e+15    8.9630036057170859e+12    
3.7611148589626935e+15    2.1314776771481086e+12    
3.7741984140127390e+15    1.5354478437981842e+11    
3.7872819690627845e+15    4.0540068220321396e+12    
3.8003655241128300e+15    1.1708110523991711e+13    
3.8134490791628755e+15    1.9618733186703559e+13    
3.8265326342129210e+15    2.5269351376006348e+13    
3.8396161892629665e+15    2.8344168795912984e+13    
3.8526997443130120e+15    3.0188821243554543e+13    
3.8657832993630575e+15    3.2244565150990090e+13    
3.8788668544131030e+15    3.4790574733450441e+13    
3.8919504094631485e+15    3.6850318525523602e+13    
3.9050339645131940e+15    3.7096871334262070e+13    
3.9181175195632395e+15    3.4889260195986367e+13    
3.9312010746132850e+15    3.0657356695144809e+13    
3.9442846296633305e+15    2.5505687202523133e+13    
3.9573681847133760e+15    2.0509937881739949e+13    
3.9704517397634215e+15    1.6280465344598613e+13    
3.9835352948134670e+15    1.3002796808385605e+13    
3.9966188498635125e+15    1.0734366595324938e+13    
4.0097024049135580e+15    9.6002294321926074e+12    
4.0227859599636035e+15    9.7261074002454941e+12    
4.0358695150136490e+15    1.1032215255747215e+13    
4.0489530700636945e+15    1.3127255993970309e+13    
4.0620366251137400e+15    1.5429973501064834e+13    
4.0751201801637855e+15    1.7444636806211342e+13    
4.0882037352138310e+15    1.9000764339120418e+13    
4.1012872902638765e+15    2.0301184725357066e+13    
4.1143708453139220e+15    2.1749287515554801e+13    
4.1274544003639675e+15    2.3650824093412793e+13    
4.1405379554140130e+15    2.5948438465633172e+13    
4.1536215104640585e+15    2.8134742833519055e+13    
4.1667050655141040e+15    2.9411125048704957e+13    
4.1797886205641495e+15    2.9038713469281207e+13    
4.1928721756141950e+15    2.6715303571743520e+13    
4.2059557306642405e+15    2.2775162825579824e+13    
4.2190392857142860e+15    1.8087541078017871e+13    
4.2321228407643315e+15    1.3692536567380578e+13    
4.2452063958143770e+15    1.0363045046924410e+13    
4.2582899508644225e+15    8.3220980757183574e+12    
4.2713735059144680e+15    7.2500919934773047e+12    
4.2844570609645135e+15    6.5491108546662002e+12    
4.2975406160145590e+15    5.6962223171249541e+12    
4.3106241710646040e+15    4.4895885219697656e+12    
4.3237077261146495e+15    3.0750159391150996e+12    
4.3367912811646950e+15    1.7775752947657485e+12    
4.3498748362147405e+15    8.7116407689327649e+11    
4.3629583912647860e+15    4.3719138126810907e+11    
4.3760419463148315e+15    3.8379635035488989e+11    
4.3891255013648770e+15    5.7397597433669360e+11    
4.4022090564149225e+15    9.3585099983961768e+11    
4.4152926114649680e+15    1.4633897661945562e+12    
4.4283761665150135e+15    2.1318187056186472e+12    
4.4414597215650590e+15    2.8370816187701572e+12    
4.4545432766151045e+15    3.4325862815056841e+12    
4.4676268316651500e+15    3.8163853751009287e+12    
4.4807103867151955e+15    3.9596162235395312e+12    
4.4937939417652410e+15    3.8473085266996870e+12    
4.5068774968152860e+15    3.4319322020305908e+12    
4.5199610518653320e+15    2.7005571765809634e+12    
4.5330446069153780e+15    1.7985884394400105e+12    
4.5461281619654230e+15    1.0304483976248137e+12    
4.5592117170154680e+15    6.6131487134032593e+11    
4.5722952720655140e+15    6.8909298856089124e+11    
4.5853788271155600e+15    8.4023869628675818e+11    
4.5984623821656050e+15    8.2274805256076062e+11    
4.6115459372156500e+15    5.8035452659851648e+11    
4.6246294922656960e+15    2.8680700885071265e+11    
4.6377130473157420e+15    1.1813976177300435e+11    
4.6507966023657870e+15    8.4124301901045609e+10    
4.6638801574158330e+15    9.5872460894408508e+10    
4.6769637124658780e+15    1.4156379728789981e+11    
4.6900472675159240e+15    3.2487929243468884e+11    
4.7031308225659690e+15    7.1971540152155151e+11    
4.7162143776160150e+15    1.2350270110787954e+12    
4.7292979326660600e+15    1.6645645975798875e+12    
4.7423814877161060e+15    1.8666548185377876e+12    
4.7554650427661510e+15    1.8749413214333823e+12    
4.7685485978161970e+15    1.8354886034797505e+12    
4.7816321528662420e+15    1.8560590746791438e+12    
4.7947157079162880e+15    1.9220144468339072e+12    
4.8077992629663330e+15    1.9397337193867407e+12    
4.8208828180163790e+15    1.8410187127437388e+12    
4.8339663730664240e+15    1.6427012205680229e+12    
4.8470499281164700e+15    1.4167774100188198e+12    
4.8601334831665150e+15    1.2165791828760747e+12    
4.8732170382165610e+15    1.0398445157655586e+12    
4.8863005932666060e+15    8.5890687611707166e+11    
4.8993841483166520e+15    6.6904439816190369e+11    
4.9124677033666970e+15    4.9341136122156464e+11    
4.9255512584167430e+15    3.5026195746090564e+11    
4.9386348134667880e+15    2.3776515481296155e+11    
4.9517183685168340e+15    1.5265485539385220e+11    
4.9648019235668790e+15    1.0012365606375673e+11    
4.9778854786169250e+15    7.4379697224489700e+10    
4.9909690336669700e+15    5.1863663964377998e+10    
5.0040525887170160e+15    2.3280484946379673e+10    
5.0171361437670610e+15    1.3433240489955469e+10    
5.0302196988171070e+15    4.1835587498019554e+10    
5.0433032538671520e+15    7.7814475997924225e+10    
5.0563868089171980e+15    7.2652771217468597e+10    
5.0694703639672430e+15    3.5301999807556976e+10    
5.0825539190172890e+15    3.3375177213124531e+10    
5.0956374740673340e+15    1.0038556468533374e+11    
5.1087210291173800e+15    1.7620108286019785e+11    
5.1218045841674250e+15    1.7355110500227496e+11    
5.1348881392174700e+15    9.0203525913623886e+10    
5.1479716942675160e+15    2.0887002066140766e+10    
5.1610552493175610e+15    5.0263336381970123e+10    
5.1741388043676070e+15    1.5335663796457892e+11    
5.1872223594176520e+15    2.1964802920666132e+11    
5.2003059144676980e+15    1.7685088155745450e+11    
5.2133894695177430e+15    7.5157833499890305e+10    
5.2264730245677890e+15    2.8691960245133640e+10    
5.2395565796178340e+15    7.7571224002100494e+10    
5.2526401346678800e+15    1.4278276995558728e+11    
5.2657236897179250e+15    1.3389164688215242e+11    
5.2788072447679710e+15    6.2175814148433701e+10    
5.2918907998180160e+15    7.3819539853190174e+09    
5.3049743548680620e+15    3.0635149458561606e+09    
5.3180579099181070e+15    1.2825064811644827e+10    
5.3311414649681530e+15    7.9427588636173468e+09    
5.3442250200181980e+15    3.7214431544012017e+09    
5.3573085750682440e+15    1.1246610180754295e+10    
5.3703921301182890e+15    1.3096842908316532e+10    
5.3834756851683350e+15    5.7031433698709545e+09    
5.3965592402183800e+15    1.1999557147269228e+10    
5.4096427952684260e+15    3.1050147604161625e+10    
5.4227263503184710e+15    2.9969593694936966e+10    
5.4358099053685170e+15    7.6101625187113380e+09    
5.4488934604185620e+15    5.2349060285576353e+09    
5.4619770154686080e+15    3.0801823912921337e+10    
5.4750605705186530e+15    4.0461572458761726e+10    
5.4881441255686990e+15    1.7997773610905647e+10    
5.5012276806187440e+15    3.8248728530726773e+08    
5.5143112356687900e+15    6.1812670248235407e+09    
5.5273947907188350e+15    1.1028639050138947e+10    
5.5404783457688810e+15    3.9207191764749823e+09    
5.5535619008189260e+15    1.4322835329596846e+09    
5.5666454558689720e+15    6.7668374825404596e+09    
5.5797290109190170e+15    7.5359117198996572e+09    
5.5928125659690630e+15    3.6753507407818632e+09    
5.6058961210191080e+15    3.6700026633758678e+09    
5.6189796760691540e+15    8.6388039194822788e+09    
5.6320632311191990e+15    1.3832300123626432e+10    
5.6451467861692450e+15    1.3498773150512405e+10    
5.6582303412192900e+15    8.3770648202289343e+09    
5.6713138962693360e+15    9.8749047800277481e+09    
5.6843974513193810e+15    2.0439531513990360e+10    
5.6974810063694270e+15    2.3110662146834457e+10    
5.7105645614194720e+15    1.2419914892478569e+10    
5.7236481164695180e+15    8.5149550863039684e+09    
5.7367316715195630e+15    1.8921975160333858e+10    
5.7498152265696090e+15    2.2820782553543747e+10    
5.7628987816196540e+15    1.1970949080891245e+10    
5.7759823366697000e+15    6.5717383877334261e+09    
5.7890658917197450e+15    1.5012050018537066e+10    
5.8021494467697910e+15    1.8657165490405231e+10    
5.8152330018198360e+15    9.4918299499297371e+09    
5.8283165568698820e+15    4.1747960493032084e+09    
5.8414001119199270e+15    1.0398121121482222e+10    
5.8544836669699730e+15    1.4563934260947613e+10    
5.8675672220200180e+15    9.3432043959934063e+09    
5.8806507770700640e+15    3.1457520473775058e+09    
5.8937343321201090e+15    1.6985810996906717e+09    
5.9068178871701550e+15    3.4723125952975407e+09    
5.9199014422202000e+15    6.5206421643808756e+09    
5.9329849972702460e+15    6.6636596915502119e+09    
5.9460685523202910e+15    2.3301973816712933e+09    
5.9591521073703370e+15    1.3898386907561986e+09    
5.9722356624203820e+15    7.1315898882281313e+09    
5.9853192174704280e+15    9.9013776805675964e+09    
5.9984027725204730e+15    5.0938201695118017e+09    
6.0114863275705190e+15    6.3082381214375925e+08    
6.0245698826205640e+15    1.4670746468678658e+09    
6.0376534376706100e+15    2.9087122092132273e+09    
6.0507369927206550e+15    1.1434197479477100e+09    
6.0638205477707010e+15    1.6285966245221666e+08    
6.0769041028207460e+15    2.1530215716839900e+09    
6.0899876578707920e+15    2.0567038726700282e+09    
6.1030712129208370e+15    1.5770409510846710e+08    
6.1161547679708830e+15    7.6798779455062640e+08    
6.1292383230209280e+15    9.9127412624875069e+08    
6.1423218780709740e+15    6.0221447005201943e+07    
6.1554054331210190e+15    7.2590967729567075e+08    
6.1684889881710650e+15    7.1062789572564089e+08    
6.1815725432211100e+15    1.0451574298752315e+08    
6.1946560982711560e+15    3.8056778338868755e+08    
6.2077396533212010e+15    2.7483032003748351e+08    
6.2208232083712470e+15    6.2342449061689556e+08    
6.2339067634212920e+15    5.6321966113176596e+08    
6.2469903184713380e+15    1.3109956850125393e+08    
6.2600738735213830e+15    1.1422831149992466e+09    
6.2731574285714290e+15    8.6713117585409796e+08    
6.2862409836214740e+15    4.6720731280880412e+06    
6.2993245386715200e+15    9.0097472839432490e+08    
6.3124080937215650e+15    9.8103913188310325e+08    
6.3254916487716110e+15    2.5647581498780635e+08    
6.3385752038216560e+15    4.1841147264992243e+08    
6.3516587588717020e+15    8.4804601684979987e+08    
6.3647423139217470e+15    6.0823333557020259e+08    
6.3778258689717930e+15    3.2624264452543730e+08    
6.3909094240218380e+15    5.9926020575385320e+08    
6.4039929790718840e+15    4.5268398813807702e+08    
6.4170765341219290e+15    3.3564733828441656e+08    
6.4301600891719750e+15    1.6419787974157792e+08    
6.4432436442220200e+15    1.4057048586908746e+08    
6.4563271992720660e+15    1.3512109008277960e+09    
6.4694107543221110e+15    1.6780136922365458e+09    
6.4824943093721570e+15    6.6562148057075119e+08    
6.4955778644222020e+15    1.0610763449321768e+08    
6.5086614194722480e+15    2.1341491726943600e+08    
6.5217449745222930e+15    6.3217220582294405e+08    
6.5348285295723390e+15    6.2902609633147311e+08    
6.5479120846223840e+15    1.4181449596303788e+08    
6.5609956396724300e+15    2.0538030980920550e+08    
6.5740791947224750e+15    8.3649957965779006e+08    
6.5871627497725210e+15    7.5195057088669658e+08    
6.6002463048225660e+15    3.1151141475645375e+08    
6.6133298598726120e+15    5.9196960841580725e+08    
6.6264134149226570e+15    7.7302834317343521e+08    
6.6394969699727030e+15    4.6550423745030147e+08    
6.6525805250227480e+15    6.1221896268194509e+08    
6.6656640800727940e+15    6.5493161195007730e+08    
6.6787476351228390e+15    3.7779098927995807e+08    
6.6918311901728850e+15    6.8565600100890040e+08    
6.7049147452229300e+15    5.5168522689934742e+08    
6.7179983002729760e+15    3.3869072510242134e+08    
6.7310818553230210e+15    4.8070181237259823e+08    
6.7441654103730670e+15    2.8267690376217246e+08    
6.7572489654231120e+15    3.1848947422295058e+08    
6.7703325204731580e+15    2.0968799627424577e+08    
6.7834160755232030e+15    1.4963193333467472e+08    
6.7964996305732490e+15    1.7428244862553254e+08    
6.8095831856232940e+15    4.1537945797040790e+07    
6.8226667406733390e+15    9.2849525610217959e+07    
6.8357502957233850e+15    5.1988897252021506e+07    
6.8488338507734300e+15    6.8203659043794766e+05    
6.8619174058234760e+15    2.2324107413663331e+07    
6.8750009608735210e+15    1.6014110665536640e+07    
6.8880845159235670e+15    2.0545556251804329e+07    
6.9011680709736120e+15    1.9517823340008300e+07    
6.9142516260236580e+15    4.5202473102815390e+07    
6.9273351810737030e+15    2.5402687023697630e+07    
6.9404187361237490e+15    9.9369618840472940e+06    
6.9535022911737940e+15    3.9995114751945578e+07    
6.9665858462238400e+15    7.5804222921468886e+06    
6.9796694012738850e+15    2.1071794970739523e+08    
6.9927529563239310e+15    2.1344412447852048e+08    
7.0058365113739760e+15    2.8921526972681090e+07    
7.0189200664240220e+15    1.3724413598037502e+08    
7.0320036214740670e+15    1.0106712226495171e+08    
7.0450871765241130e+15    2.8693314821249444e+07    
7.0581707315741580e+15    9.0389352822445884e+07    
7.0712542866242040e+15    2.4256904665618375e+07    
7.0843378416742490e+15    3.2370343209916204e+07    
7.0974213967242950e+15    4.8542520547046602e+07    
7.1105049517743400e+15    4.9475019804523103e+06    
7.1235885068243860e+15    6.4105315599767633e+07    
7.1366720618744310e+15    1.8368227736353152e+07    
7.1497556169244770e+15    2.4717516294045594e+07    
7.1628391719745220e+15    4.8839741927224457e+07    
7.1759227270245680e+15    9.3436255104336124e+06    
7.1890062820746130e+15    8.5439710406073064e+07    
7.2020898371246590e+15    3.9275354655539460e+07    
7.2151733921747040e+15    5.8761268429780215e+07    
7.2282569472247500e+15    1.0034699346983857e+08    
7.2413405022747950e+15    6.8114620354649434e+06    
7.2544240573248410e+15    9.5966900542240590e+07    
7.2675076123748860e+15    4.5404673523772813e+07    
7.2805911674249320e+15    3.8242830333605252e+07    
7.2936747224749770e+15    1.8772596353476328e+08    
7.3067582775250230e+15    9.3526664259794787e+07    
7.3198418325750680e+15    6.5982198413885050e+06    
7.3329253876251140e+15    7.4285349726875216e+07    
7.3460089426751590e+15    3.1509560999555573e+07    
7.3590924977252050e+15    4.8137093721208386e+06    
7.3721760527752500e+15    3.1805293756638959e+07    
7.3852596078252960e+15    2.2794877723954111e+07    
7.3983431628753410e+15    8.3896241300979760e+06    
7.4114267179253870e+15    1.0254813596809585e+07    
7.4245102729754320e+15    2.5034790887017339e+07    
7.4375938280254780e+15    3.4871422241913201e+06    
7.4506773830755230e+15    6.9585468458647458e+06    
7.4637609381255690e+15    7.8406086257184902e+05    
7.4768444931756140e+15    1.7917036382311094e+06    
7.4899280482256600e+15    6.2469905164329370e+05    
7.5030116032757050e+15    4.9906464380314015e+06    
7.5160951583257510e+15    1.8548856420057191e+05    
7.5291787133757960e+15    9.0179723883702941e+06    
7.5422622684258420e+15    3.9729467674538419e+06    
7.5553458234758870e+15    1.1772079547258833e+07    
7.5684293785259330e+15    1.2814554700970624e+07    
7.5815129335759780e+15    9.1689793226383291e+06    
7.5945964886260240e+15    1.7831223928413171e+07    
7.6076800436760690e+15    6.2021741334060514e+06    
7.6207635987261150e+15    3.5828170928884916e+07    
7.6338471537761600e+15    1.0661663115830179e+07    
7.6469307088262060e+15    1.4088415289449399e+07    
7.6600142638762510e+15    4.1085856770965986e+07    
7.6730978189262970e+15    4.1417575819715582e+07    
7.6861813739763420e+15    8.6012881211484168e+06    
7.6992649290263880e+15    4.7420370084661115e+06    
7.7123484840764330e+15    7.3580552053292813e+06    
7.7254320391264790e+15    4.5969465397162782e+06    
7.7385155941765240e+15    3.3073199776714056e+05    
7.7515991492265700e+15    2.0123775764872560e+06    
7.7646827042766150e+15    1.8029323015819120e+06    
7.7777662593266610e+15    1.9217894544661877e+05    
7.7908498143767060e+15    2.4467923273094785e+06    
7.8039333694267520e+15    5.9755142766625504e+05    
7.8170169244767970e+15    2.1156484282831405e+06    
7.8301004795268430e+15    1.4435373886780909e+06    
7.8431840345768880e+15    1.5672816212833514e+06    
7.8562675896269340e+15    2.0736523847424495e+06    
7.8693511446769790e+15    4.1333744016496846e+06    
7.8824346997270250e+15    2.8279558324032468e+06    
7.8955182547770700e+15    5.1883852904764479e+06    
7.9086018098271160e+15    1.9885439935073301e+06    
7.9216853648771610e+15    3.5068868995125932e+06    
7.9347689199272070e+15    2.3129230080363639e+06    
7.9478524749772520e+15    2.9851966781276241e+06    
7.9609360300272980e+15    3.5439656319531081e+06    
7.9740195850773430e+15    7.0379288219154975e+05    
7.9871031401273890e+15    1.6683198035823349e+06    
8.0001866951774340e+15    2.4174822524460815e+06    
8.0132702502274800e+15    4.3733755792428302e+06    
8.0263538052775250e+15    2.9378486432668270e+05    
8.0394373603275710e+15    1.3182380656440330e+06    
8.0525209153776160e+15    1.2944509244009466e+06    
8.0656044704276620e+15    1.5796698203603451e+06    
8.0786880254777070e+15    1.7498662052428105e+06    
8.0917715805277530e+15    6.9390938321345777e+05    
8.1048551355777980e+15    1.0477050903581533e+06    
8.1179386906278440e+15    5.4418126722966414e+05    
8.1310222456778890e+15    4.4200448945771012e+05    
8.1441058007279350e+15    7.8726699697081803e+05    
8.1571893557779800e+15    2.3125990077606577e+05    
8.1702729108280260e+15    3.4502506854936131e+05    
8.1833564658780710e+15    1.6461943031002926e+02    
8.1964400209281170e+15    2.4145438464028492e+04    
8.2095235759781620e+15    8.0608170424209978e+05    
8.2226071310282080e+15    2.1973601236934471e+06    
8.2356906860782530e+15    3.6536388337966818e+06    
8.2487742411282990e+15    1.4842368337171120e+06    
8.2618577961783440e+15    6.2689893499425668e+06    
8.2749413512283900e+15    8.1341209230235023e+06    
8.2880249062784350e+15    2.8975965569185806e+06    
8.3011084613284810e+15    5.8689385682337603e+05    
8.3141920163785260e+15    7.2541817275514081e+05    
8.3272755714285720e+15    6.6274176170510284e+04    
8.3403591264786170e+15    5.2487283494131360e+05    
8.3534426815286630e+15    6.4295475377347472e+05    
8.3665262365787080e+15    2.5846855211088870e+05    
8.3796097916287540e+15    2.9952462679999840e+05    
8.3926933466787990e+15    5.4228523140166180e+04    
8.4057769017288450e+15    2.7442599274616793e+05    
8.4188604567788900e+15    2.4077450210445080e+04    
8.4319440118289360e+15    1.3251825366948600e+05    
8.4450275668789810e+15    5.2830411179061972e+04    
8.4581111219290270e+15    1.0578677813923174e+05    
8.4711946769790720e+15    5.3285837492186132e+04    
8.4842782320291180e+15    1.3278509461943179e+06    
8.4973617870791630e+15    1.3087037601491874e+06    
8.5104453421292080e+15    3.5904375835678787e+06    
8.5235288971792540e+15    2.3445556284838766e+06    
8.5366124522292990e+15    8.4025477439848450e+05    
8.5496960072793450e+15    1.1835301768453255e+04    
8.5627795623293900e+15    5.5017509845970361e+05    
8.5758631173794360e+15    1.9461329602445193e+05    
8.5889466724294810e+15    2.7680455046287603e+04    
8.6020302274795270e+15    1.6256161759079184e+05    
8.6151137825295720e+15    3.7828578756404379e+04    
8.6281973375796180e+15    5.8694440703669774e+04    
8.6412808926296630e+15    9.4369445556789979e+03    
8.6543644476797090e+15    2.8536230986716953e+04    
8.6674480027297540e+15    1.6786904633588281e+04    
8.6805315577798000e+15    1.3050319439204275e+03    
8.6936151128298450e+15    1.3201973632139927e+04    
8.7066986678798910e+15    8.4738955776579769e+03    
8.7197822229299360e+15    3.5357066328770059e+04    
8.7328657779799820e+15    3.2076377103307942e+05    
8.7459493330300270e+15    1.4033374143285376e+06    
8.7590328880800730e+15    1.0527063817889250e+06    
8.7721164431301180e+15    1.1602868678473704e+05    
8.7851999981801640e+15    3.6010715686162794e+05    
8.7982835532302090e+15    1.0980688345973236e+05    
8.8113671082802550e+15    7.4743930971995258e+04    
8.8244506633303000e+15    2.7331970925152327e+04    
8.8375342183803460e+15    8.7221483929536582e+04    
8.8506177734303910e+15    4.9301159891590623e+03    
8.8637013284804370e+15    7.1075104515334283e+02    
8.8767848835304820e+15    3.6009413572089725e+04    
8.8898684385805280e+15    6.7324233253417508e+04    
8.9029519936305730e+15    3.5075762497707758e+04    
8.9160355486806190e+15    6.6305341158801064e+04    
8.9291191037306640e+15    1.5568645483147877e+05    
8.9422026587807100e+15    1.3356655107062124e+05    
8.9552862138307550e+15    2.6033722367299275e+05    
8.9683697688808010e+15    1.2424068177538033e+05    
8.9814533239308460e+15    3.9158284805351992e+04    
8.9945368789808920e+15    2.3607974106335579e+05    
9.0076204340309360e+15    1.3122107277000937e+05    
9.0207039890809840e+15    2.1146169369617404e+04    
9.0337875441310280e+15    3.3396438119097438e+04    
9.0468710991810740e+15    4.5600520730843076e+04    
9.0599546542311200e+15    1.0810461634128797e+05    
9.0730382092811640e+15    6.7659479082602556e+04    
9.0861217643312100e+15    6.0289972057943640e+04    
9.0992053193812560e+15    8.0631173178471043e+04    
9.1122888744313000e+15    1.2125116499476328e+05    
9.1253724294813460e+15    8.6591548540533913e+04    
9.1384559845313920e+15    4.3166601012627172e+04    
9.1515395395814380e+15    8.4247930905673915e+04    
9.1646230946314840e+15    1.2495693171084940e+05    
9.1777066496815280e+15    2.2491360957278911e+05    
9.1907902047315740e+15    2.2848403812493579e+05    
9.2038737597816200e+15    3.1879718420373369e+05    
9.2169573148316660e+15    6.7927657643544750e+04    
9.2300408698817100e+15    4.5724362869256562e+04    
9.2431244249317560e+15    2.1248422500121887e+04    
9.2562079799818020e+15    4.0206708218374406e+04    
9.2692915350318480e+15    5.3214282401775446e+04    
9.2823750900818920e+15    5.3509638600401333e+04    
9.2954586451319380e+15    6.0812819770599890e+04    
9.3085422001819840e+15    3.9266099585624092e+04    
9.3216257552320300e+15    1.7261569091636647e+04    
9.3347093102820740e+15    7.3633679482809803e+03    
9.3477928653321200e+15    4.8596730581528336e+03    
9.3608764203821660e+15    5.3118744029647089e+04    
9.3739599754322120e+15    1.5615190514658231e+05    
9.3870435304822560e+15    1.9308674401003987e+05    
9.4001270855323020e+15    1.1604289318041985e+05    
9.4132106405823480e+15    6.9650693777972556e+04    
9.4262941956323940e+15    1.6327103969608275e+04    
9.4393777506824380e+15    9.1103144443944693e+03    
9.4524613057324840e+15    1.1988176059187483e+04    
9.4655448607825300e+15    2.7937174803165104e+04    
9.4786284158325760e+15    4.0642424954929054e+04    
9.4917119708826200e+15    2.5507981388164346e+04    
9.5047955259326660e+15    5.0564202876814252e+03    
9.5178790809827120e+15    7.7279339120397151e+02    
9.5309626360327580e+15    5.0166202750851771e+03    
9.5440461910828020e+15    2.1971367842213589e+04    
9.5571297461328480e+15    5.3857885808794614e+04    
9.5702133011828940e+15    1.1328336632323558e+05    
9.5832968562329400e+15    6.2877187534028890e+04    
9.5963804112829840e+15    3.6029697117358752e+04    
9.6094639663330300e+15    8.0125474516229260e+03    
9.6225475213830760e+15    1.6697722423190822e+04    
9.6356310764331220e+15    9.5345428875240104e+03    
9.6487146314831660e+15    9.0205352503123486e+03    
9.6617981865332120e+15    8.3930052592502070e+03    
9.6748817415832580e+15    1.5122632666516504e+03    
9.6879652966333040e+15    7.3568937021304146e+02    
9.7010488516833480e+15    1.9892048862348722e+03    
9.7141324067333940e+15    3.3669853663687686e+03    
9.7272159617834400e+15    2.9425326630005029e+03    
9.7402995168334860e+15    2.0919168559508256e+04    
9.7533830718835300e+15    4.3593245685619826e+04    
9.7664666269335760e+15    8.8473875671297010e+03    
9.7795501819836220e+15    1.1126915332960230e+04    
9.7926337370336680e+15    4.9130669282689596e+03    
9.8057172920837120e+15    6.3814775429184729e+03    
9.8188008471337580e+15    1.5068239491709642e+03    
9.8318844021838040e+15    2.2601897013415792e+03    
9.8449679572338500e+15    1.2980982504767164e+03    
9.8580515122838940e+15    3.1649383796392476e+03    
9.8711350673339400e+15    4.4777076957615163e+03    
9.8842186223839860e+15    6.7931330908162299e+03    
9.8973021774340320e+15    1.0741724310962200e+04    
9.9103857324840760e+15    2.3843547559583512e+04    
9.9234692875341220e+15    6.7680014806396503e+02    
9.9365528425841680e+15    5.7528170671689086e+03    
9.9496363976342140e+15    2.0393162472796698e+03    
9.9627199526842580e+15    1.8070272080662082e+02    
9.9758035077343040e+15    3.6134237178193722e+01    
9.9888870627843500e+15    5.6106013432432427e+01    
1.0001970617834396e+16    1.2619222953819423e+02    
1.0015054172884440e+16    1.1944272994074827e+03    
1.0028137727934486e+16    4.2086820346432942e+03    
1.0041221282984532e+16    7.7945749663098923e+03    
1.0054304838034578e+16    1.0192446415431996e+04    
1.0067388393084622e+16    1.4212137476741382e+04    
1.0080471948134668e+16    9.1052353863247972e+03    
1.0093555503184714e+16    1.0841836149427672e+04    
1.0106639058234760e+16    2.5961524094922288e+03    
1.0119722613284804e+16    3.2009933032717777e+02    
1.0132806168334850e+16    2.8928729007673695e+02    
1.0145889723384896e+16    5.8466191609497321e+02    
1.0158973278434940e+16    1.0136664966161005e+03    
1.0172056833484986e+16    1.5408839235065418e+03    
1.0185140388535032e+16    2.3179243557048494e+03    
1.0198223943585078e+16    2.5227617693471075e+03    
1.0211307498635122e+16    2.4247182491128769e+03    
1.0224391053685168e+16    6.8263751665552054e+03    
1.0237474608735214e+16    1.6413456804075744e+04    
1.0250558163785260e+16    5.8873168989151745e+03    
1.0263641718835304e+16    2.8901933259531374e+03    
1.0276725273885350e+16    3.0704160133446101e+02    
1.0289808828935396e+16    9.9612200248854685e+02    
1.0302892383985442e+16    1.1376267796793568e+03    
1.0315975939035486e+16    9.7440936013934743e+02    
1.0329059494085532e+16    7.0839005598353015e+02    
1.0342143049135578e+16    3.9367909183254125e+02    
1.0355226604185624e+16    2.5148439780271880e+02    
1.0368310159235668e+16    4.7995497807662950e+03    
1.0381393714285714e+16    1.0016609330470463e+04    
1.0394477269335760e+16    6.4206070646597709e+03    
1.0407560824385806e+16    1.5197197222274378e+03    
1.0420644379435850e+16    4.8879519833172748e+02    
1.0433727934485896e+16    8.0075332643474178e+02    
1.0446811489535942e+16    7.2203831509150655e+02    
1.0459895044585988e+16    3.1893629764350641e+02    
1.0472978599636032e+16    8.0065865706440889e+01    
1.0486062154686078e+16    2.3639249761028907e+01    
1.0499145709736124e+16    1.1832987189856016e+02    
1.0512229264786170e+16    3.6310046763980849e+03    
1.0525312819836214e+16    6.1838155747261962e+03    
1.0538396374886260e+16    3.7252218790227271e+03    
1.0551479929936306e+16    5.2248753654625466e+02    
1.0564563484986352e+16    5.5701108399206112e+02    
1.0577647040036396e+16    1.7372852267767473e+02    
1.0590730595086442e+16    5.9033424099954374e+01    
1.0603814150136488e+16    1.0467548864067185e+01    
1.0616897705186534e+16    1.4400410929241929e+01    
1.0629981260236578e+16    1.6741289558120712e+01    
1.0643064815286624e+16    2.4720895721942571e+02    
1.0656148370336670e+16    3.2805337740067553e+03    
1.0669231925386716e+16    2.1249316722927688e+03    
1.0682315480436760e+16    3.0771148650268503e+02    
1.0695399035486806e+16    1.7223820513219505e+02    
1.0708482590536852e+16    3.3455613735087887e+01    
1.0721566145586898e+16    9.3398148676079611e+00    
1.0734649700636942e+16    2.7669993441332977e+01    
1.0747733255686988e+16    3.0088684118036028e+01    
1.0760816810737034e+16    1.2498821371153340e+02    
1.0773900365787080e+16    2.7608790218935474e+02    
1.0786983920837124e+16    1.6375003717483066e+03    
1.0800067475887170e+16    9.5087287550579347e+01    
1.0813151030937216e+16    2.4872181881889784e+01    
1.0826234585987262e+16    9.1045417876087640e+01    
1.0839318141037306e+16    6.5587864755572113e+01    
1.0852401696087352e+16    7.9651784957898940e+01    
1.0865485251137398e+16    1.7269774231414604e+02    
1.0878568806187444e+16    2.0198494886929416e+02    
1.0891652361237488e+16    2.6106558054902808e+02    
1.0904735916287534e+16    5.3265326930376136e+02    
1.0917819471337580e+16    1.4399241014636112e+02    
1.0930903026387626e+16    1.7364254630910662e+02    
1.0943986581437670e+16    8.3522017366607471e+01    
1.0957070136487716e+16    3.6765475201061982e+01    
1.0970153691537762e+16    1.0833740899151222e+02    
1.0983237246587808e+16    3.1383003284568179e+02    
1.0996320801637852e+16    2.1594441108708384e+02    
1.1009404356687898e+16    9.0759615239396950e+01    
1.1022487911737944e+16    4.1173063567612438e+01    
1.1035571466787990e+16    5.2730824688326413e+02    
1.1048655021838034e+16    4.4153184041002464e+02    
1.1061738576888080e+16    1.1904157405255597e+02    
1.1074822131938126e+16    5.4163279626709162e+01    
1.1087905686988172e+16    1.2453624596505429e+02    
1.1100989242038216e+16    1.9295275386252760e+02    
1.1114072797088262e+16    5.5009548220993878e+01    
1.1127156352138308e+16    6.4630973419639789e-02    
1.1140239907188354e+16    2.0975044814958444e+01    
1.1153323462238398e+16    4.3089615739278111e+02    
1.1166407017288444e+16    7.6221210193335537e+02    
1.1179490572338490e+16    2.7566650025040321e+01    
1.1192574127388536e+16    8.1469094940551145e+01    
1.1205657682438580e+16    6.9006296429651101e+01    
1.1218741237488626e+16    2.4257355909317614e+01    
1.1231824792538672e+16    4.3540794149379058e+00    
1.1244908347588718e+16    1.5120893710636329e+01    
1.1257991902638762e+16    9.5458709155442662e+01    
1.1271075457688808e+16    6.7725693473392619e+02    
1.1284159012738854e+16    2.7102063589141409e+02    
1.1297242567788900e+16    3.8074394598495523e+01    
1.1310326122838944e+16    1.6003200733167343e+01    
1.1323409677888990e+16    6.8496907772655069e+00    
1.1336493232939036e+16    1.1007743617936119e+00    
1.1349576787989082e+16    8.8672020326862615e+00    
1.1362660343039126e+16    1.8099798655243426e+01    
1.1375743898089172e+16    3.3675219404125960e+02    
1.1388827453139218e+16    3.3724867087725056e+02    
1.1401911008189264e+16    4.0819830461106477e+01    
1.1414994563239308e+16    4.9584263873430121e+00    
1.1428078118289354e+16    5.7038943097322214e-01    
1.1441161673339400e+16    3.5120644391259459e-01    
1.1454245228389446e+16    4.6798767779951529e+00    
1.1467328783439490e+16    2.4477117801427060e+01    
1.1480412338489536e+16    2.2540823256099094e+02    
1.1493495893539582e+16    1.7179017771284910e+02    
1.1506579448589628e+16    3.6058349880059673e+01    
1.1519663003639672e+16    6.2319078900568170e-01    
1.1532746558689718e+16    2.9092081753824539e+00    
1.1545830113739764e+16    4.4381572821731314e+00    
1.1558913668789810e+16    1.9054162412137284e+01    
1.1571997223839854e+16    3.5647165245254413e+01    
1.1585080778889900e+16    1.1790737710508614e+02    
1.1598164333939946e+16    9.7091768394559310e+01    
1.1611247888989992e+16    5.4408073127765197e+00    
1.1624331444040036e+16    4.9212533988619525e+00    
1.1637414999090082e+16    1.5145957853129728e+01    
1.1650498554140128e+16    1.3417232770032754e+01    
1.1663582109190174e+16    1.9568218169393965e+01    
1.1676665664240218e+16    9.7183491124879939e+00    
1.1689749219290264e+16    2.4741964567408591e+01    
1.1702832774340310e+16    1.6166790448298059e+01    
1.1715916329390356e+16    1.0849344940290562e+01    
1.1728999884440400e+16    1.5644252163713640e+01    
1.1742083439490446e+16    1.1648487585822595e+01    
1.1755166994540492e+16    6.1057714165503043e+00    
1.1768250549590538e+16    1.0431872262481576e+00    
1.1781334104640582e+16    2.3113740898320732e+00    
1.1794417659690628e+16    1.4937619034609979e+01    
1.1807501214740674e+16    1.2017935635428929e+01    
1.1820584769790720e+16    2.0708285515430838e+01    
1.1833668324840764e+16    4.8473982654611607e+00    
1.1846751879890810e+16    1.5996591132902280e-01    
1.1859835434940856e+16    2.7640795810447732e-01    
1.1872918989990900e+16    1.2562545067265800e+00    
1.1886002545040946e+16    6.1701885175761744e+00    
1.1899086100090992e+16    1.4729648090050555e+01    
1.1912169655141038e+16    1.5210757787898055e+01    
1.1925253210191082e+16    3.6511783373595008e-01    
1.1938336765241128e+16    8.5579438049532341e-01    
1.1951420320291174e+16    7.0152365440365227e-01    
1.1964503875341220e+16    1.9077249365064675e+00    
1.1977587430391264e+16    1.2390430002429435e+01    
1.1990670985441310e+16    9.8065438143912669e+00    
1.2003754540491356e+16    5.3843251444942135e+00    
1.2016838095541402e+16    1.0927996632372272e+00    
1.2029921650591446e+16    1.0594705578892529e+00    
1.2043005205641492e+16    2.7189641855430340e+00    
1.2056088760691538e+16    3.0393644224691685e+00    
1.2069172315741584e+16    2.0168342720604809e+01    
1.2082255870791628e+16    1.7326904652493262e+01    
1.2095339425841674e+16    1.1225705383474864e+00    
1.2108422980891720e+16    5.9423824368368483e-01    
1.2121506535941766e+16    2.7202106856269714e+00    
1.2134590090991810e+16    3.6812635189165839e+00    
1.2147673646041856e+16    1.4748241051638906e+00    
1.2160757201091902e+16    1.7855873458597728e+01    
1.2173840756141948e+16    1.0871433180656998e+01    
1.2186924311191992e+16    8.3132481279917669e-01    
1.2200007866242038e+16    1.3324001819414253e+00    
1.2213091421292084e+16    3.5431223059936663e+00    
1.2226174976342130e+16    5.4352303528047385e-01    
1.2239258531392174e+16    5.8813873369374658e-01    
1.2252342086442220e+16    2.0127440306769504e+01    
1.2265425641492266e+16    6.3853276272511996e+00    
1.2278509196542312e+16    1.3430285123306489e+00    
1.2291592751592356e+16    1.9867095081944988e+00    
1.2304676306642402e+16    1.1063114912778549e-01    
1.2317759861692448e+16    4.5841091403210316e-01    
1.2330843416742494e+16    8.0620660359542278e+00    
1.2343926971792538e+16    1.5648222452805285e+01    
1.2357010526842584e+16    4.9752883727354130e-01    
1.2370094081892630e+16    4.5139494327079921e-01    
1.2383177636942676e+16    5.3970763026529485e-03    
1.2396261191992720e+16    2.4515006517998300e-01    
1.2409344747042766e+16    8.0697400293220845e-01    
1.2422428302092812e+16    1.7659320403478851e+01    
1.2435511857142858e+16    1.9600773447468472e-01    
1.2448595412192902e+16    2.5323721241199613e-02    
1.2461678967242948e+16    8.0020270094911528e-02    
1.2474762522292994e+16    7.0976947962369030e-02    
1.2487846077343040e+16    2.0995773852521005e-01    
1.2500929632393084e+16    9.8335734395194141e+00    
1.2514013187443130e+16    5.7267415075767059e-01    
1.2527096742493176e+16    1.1961725738342268e-03    
1.2540180297543222e+16    1.0595800127293721e-01    
1.2553263852593266e+16    4.7843518412353886e-01    
1.2566347407643312e+16    1.0359290057050410e+00    
1.2579430962693358e+16    3.0555655651109834e+00    
1.2592514517743404e+16    2.4152719369102787e-01    
1.2605598072793448e+16    1.2810363480348941e-01    
1.2618681627843494e+16    3.0682024491106386e-01    
1.2631765182893540e+16    5.9607765231646759e-01    
1.2644848737943586e+16    6.8736460614856809e-01    
1.2657932292993630e+16    2.5751941500314537e+00    
1.2671015848043676e+16    1.6076848158638618e-01    
1.2684099403093722e+16    6.7775915152673294e-01    
1.2697182958143768e+16    2.9325571659765648e-01    
1.2710266513193812e+16    8.1665730967835221e-02    
1.2723350068243858e+16    3.1793295363571300e-01    
1.2736433623293904e+16    2.2812942488115043e-01    
1.2749517178343950e+16    7.9079532102642247e-01    
1.2762600733393994e+16    1.7305229062757746e-01    
1.2775684288444040e+16    1.0043000475433420e-02    
1.2788767843494086e+16    5.1167415571159808e-02    
1.2801851398544132e+16    3.9207258711246012e-01    
1.2814934953594176e+16    2.6801494713979163e-01    
1.2828018508644222e+16    1.6220537429127382e-01    
1.2841102063694268e+16    4.2023485321347406e-02    
1.2854185618744314e+16    4.9995194475647223e-02    
1.2867269173794358e+16    5.0356051727979377e-02    
1.2880352728844404e+16    1.3383351615725954e+00    
1.2893436283894450e+16    1.3172825184335804e-01    
1.2906519838944496e+16    9.2152124064391730e-02    
1.2919603393994540e+16    7.6455540531278399e-02    
1.2932686949044586e+16    1.0395728190361861e-01    
1.2945770504094632e+16    1.1925066563787017e+00    
1.2958854059144678e+16    1.4955414099692427e-01    
1.2971937614194722e+16    5.2145045189933036e-02    
1.2985021169244768e+16    9.5948152007335946e-02    
1.2998104724294814e+16    1.2428111204886871e-01    
1.3011188279344860e+16    2.4307567167557859e-01    
1.3024271834394904e+16    4.6527950776733107e-01    
1.3037355389444950e+16    2.2301379271966716e-02    
1.3050438944494996e+16    1.1667757012746573e-01    
1.3063522499545042e+16    8.3981379904442779e-02    
1.3076606054595086e+16    3.4745085645662807e-03    
1.3089689609645132e+16    6.5722977782820935e-01    
1.3102773164695178e+16    1.7728057693233337e-02    
1.3115856719745224e+16    1.0337746294250581e-01    
1.3128940274795268e+16    1.0932346972338641e-02    
1.3142023829845314e+16    2.4136916666723469e-02    
1.3155107384895360e+16    7.8311103153870310e-01    
1.3168190939945406e+16    1.8692702573234493e-02    
1.3181274494995450e+16    4.1624945886773262e-02    
1.3194358050045496e+16    6.9251231927632646e-03    
1.3207441605095542e+16    4.2231513439143206e-02    
1.3220525160145588e+16    1.3133665439238156e+00    
1.3233608715195632e+16    2.9350370822466318e-02    
1.3246692270245678e+16    3.1011758953799198e-03    
1.3259775825295724e+16    7.2494547816720507e-03    
1.3272859380345770e+16    3.1303805797560119e-02    
1.3285942935395814e+16    7.3884589656703348e-01    
1.3299026490445860e+16    1.6040456261931879e-03    
1.3312110045495906e+16    1.3919332809786175e-02    
1.3325193600545952e+16    1.6027865323697862e-02    
1.3338277155595996e+16    5.3336530735694034e-02    
1.3351360710646042e+16    3.5287887851474653e-01    
1.3364444265696088e+16    5.7657566247218206e-03    
1.3377527820746134e+16    8.7151746584416007e-03    
1.3390611375796178e+16    3.6388128601368384e-02    
1.3403694930846224e+16    1.8300864625448809e-01    
1.3416778485896270e+16    5.4796214263242923e-02    
1.3429862040946316e+16    3.6651281916335543e-02    
1.3442945595996360e+16    3.5662783581151006e-02    
1.3456029151046406e+16    2.7648522605670249e-03    
1.3469112706096452e+16    3.2270635325679814e-01    
1.3482196261146498e+16    5.7853599047081344e-02    
1.3495279816196542e+16    1.2801744092687490e-02    
1.3508363371246588e+16    1.4856775183716192e-03    
1.3521446926296634e+16    2.3049564227260080e-02    
1.3534530481346678e+16    1.5274577656331775e-01    
1.3547614036396724e+16    1.6908476335445361e-02    
1.3560697591446770e+16    1.6822595672670977e-04    
1.3573781146496816e+16    3.9795568961658503e-03    
1.3586864701546860e+16    1.0542377403037434e-01    
1.3599948256596906e+16    6.4501249179589803e-03    
1.3613031811646952e+16    5.9570147746247845e-03    
1.3626115366696998e+16    3.0353364073165546e-03    
1.3639198921747042e+16    3.2706803510063952e-03    
1.3652282476797088e+16    8.9048383663980872e-03    
1.3665366031847134e+16    5.3336123391479152e-03    
1.3678449586897180e+16    8.6190433354663143e-03    
1.3691533141947224e+16    1.0846711560416221e-02    
1.3704616696997270e+16    4.3594286584227898e-02    
1.3717700252047316e+16    1.2634143693691427e-03    
1.3730783807097362e+16    1.2730325532704777e-02    
1.3743867362147406e+16    8.7335725181495322e-03    
1.3756950917197452e+16    4.2248414290139626e-02    
1.3770034472247498e+16    2.7970824064440136e-04    
1.3783118027297544e+16    1.5216385705532727e-02    
1.3796201582347588e+16    1.9722441280950759e-03    
1.3809285137397634e+16    1.9200790599094266e-02    
1.3822368692447680e+16    4.0420693183028681e-03    
1.3835452247497726e+16    8.7937312298141911e-03    
1.3848535802547770e+16    2.9617472766661968e-05    
1.3861619357597816e+16    8.6482383292825708e-03    
1.3874702912647862e+16    6.1368572710778294e-03    
1.3887786467697908e+16    1.7875913230637739e-03    
1.3900870022747952e+16    6.5883895115931605e-04    
1.3913953577797998e+16    3.7726359001048837e-03    
1.3927037132848044e+16    2.7508297564014261e-03    
1.3940120687898090e+16    1.4648871240591111e-03    
1.3953204242948134e+16    9.9094598978320073e-04    
1.3966287797998180e+16    2.5497226184062437e-03    
1.3979371353048226e+16    1.3602963800121878e-02    
1.3992454908098272e+16    2.8182734835636237e-03    
1.4005538463148316e+16    2.7466169456221937e-03    
1.4018622018198362e+16    1.6787343965018687e-03    
1.4031705573248408e+16    5.3906787721570964e-03    
1.4044789128298454e+16    1.0412868894863279e-03    
1.4057872683348498e+16    1.6596681858356852e-03    
1.4070956238398544e+16    2.5470161221998471e-03    
1.4084039793448590e+16    9.1429940787744728e-03    
1.4097123348498636e+16    2.7388302357571146e-03    
1.4110206903548680e+16    6.1952890814924409e-05    
1.4123290458598726e+16    1.9344798382945533e-02    
1.4136374013648772e+16    8.9852635438031076e-04    
1.4149457568698818e+16    6.8795336027845328e-04    
1.4162541123748862e+16    7.6039439473969044e-04    
1.4175624678798908e+16    2.7137614860573252e-02    
1.4188708233848954e+16    6.2346722790727351e-04    
1.4201791788899000e+16    2.0896087969306532e-03    
1.4214875343949044e+16    6.5231589932978793e-04    
1.4227958898999090e+16    1.7802535117520151e-02    
1.4241042454049136e+16    1.1295527847898849e-04    
1.4254126009099182e+16    6.3703976662126739e-04    
1.4267209564149226e+16    3.4012653052917906e-03    
1.4280293119199272e+16    1.4876776525922840e-03    
1.4293376674249318e+16    6.5555181155901681e-04    
1.4306460229299364e+16    1.5085588821049890e-03    
1.4319543784349408e+16    2.1083560703460940e-02    
1.4332627339399454e+16    3.7956353459825078e-04    
1.4345710894449500e+16    1.9485824983264677e-03    
1.4358794449499546e+16    6.4800549956386615e-06    
1.4371878004549590e+16    5.1771879009510644e-03    
1.4384961559599636e+16    3.0643077088309592e-04    
1.4398045114649682e+16    9.4395883213222264e-05    
1.4411128669699728e+16    6.1211751568852500e-03    
1.4424212224749772e+16    7.1425872439154778e-04    
1.4437295779799818e+16    2.0057833640189015e-04    
1.4450379334849864e+16    7.0867327778558972e-04    
1.4463462889899910e+16    1.3344120798541551e-03    
1.4476546444949954e+16    2.9277134505055163e-05    
1.4489630000000000e+16    1.1591154988088176e-04    
