#DataSignature: 0
#FileSignature: 0
#OperatorSignature: 2
#legend: No Name
#logy: logy
#sim_duration: 0.009514
#title_str: z = 
#tlabel: z
#tscale: 0.007058
#tscale_str: $L_{NL}$
#tunit_str: m
#xcordID: ST
#xlabel: $\\omega$
#xunit_str: $s^{-1}$
#ycordID: null
#ylabel: I
#yscale_str: arb.
#yunit_str: arb.
  4.7091289182721331e+14  1.8790826334061155e+12
  5.4939837379841550e+14  2.9465902814201040e+12
  6.2788385576961775e+14  4.4928504796715762e+12
  7.0636933774082000e+14  1.0924683329903146e+13
  7.8485481971202225e+14  4.1143560301205070e+13
  8.6334030168322450e+14  1.5159251665481881e+14
  9.4182578365442662e+14  4.7739913662435206e+14
  1.0203112656256288e+15  1.2931202895500575e+15
  1.0987967475968310e+15  3.0924098432955760e+15
  1.1772822295680332e+15  6.7065783571252620e+15
  1.2557677115392355e+15  1.3546133844570408e+16
  1.3342531935104378e+15  2.6089452405573840e+16
  1.4127386754816400e+15  4.8496187119860064e+16
  1.4912241574528422e+15  8.6436873626463344e+16
  1.5697096394240442e+15  1.4445934290624816e+17
  1.6481951213952465e+15  2.2027269961263126e+17
  1.7266806033664488e+15  2.9929099932067450e+17
  1.8051660853376510e+15  3.5630079814577728e+17
  1.8836515673088532e+15  3.6772418825655168e+17
  1.9621370492800555e+15  3.2738014419998554e+17
  2.0406225312512578e+15  2.5204497883872877e+17
  2.1191080132224598e+15  1.7075254727488720e+17
  2.1975934951936620e+15  1.0696137655642571e+17
  2.2760789771648645e+15  6.8247992791818296e+16
  2.3545644591360665e+15  4.8924234698335960e+16
  2.4330499411072690e+15  3.9204890955601848e+16
  2.5115354230784710e+15  3.2165990654783656e+16
  2.5900209050496735e+15  2.5304133775063228e+16
  2.6685063870208755e+15  1.8773157342370632e+16
  2.7469918689920780e+15  1.3318833025442408e+16
  2.8254773509632800e+15  9.2789302750077820e+15
  2.9039628329344825e+15  6.5088445481841930e+15
  2.9824483149056845e+15  4.6520525089011640e+15
  3.0609337968768865e+15  3.3726475383516540e+15
  3.1394192788480890e+15  2.4476009505159250e+15
  3.2179047608192910e+15  1.7599479537518120e+15
  3.2963902427904935e+15  1.2572154132950022e+15
  3.3748757247616955e+15  9.1394390639359325e+14
  3.4533612067328980e+15  7.0981962546546738e+14
  3.5318466887041000e+15  6.2064356727472138e+14
  3.6103321706753025e+15  6.1633147426134450e+14
  3.6888176526465045e+15  6.6227866233226850e+14
  3.7673031346177065e+15  7.2303647649999988e+14
  3.8457886165889090e+15  7.6825664058766112e+14
  3.9242740985601110e+15  7.8021454564771950e+14
  4.0027595805313135e+15  7.6087784293225588e+14
  4.0812450625025155e+15  7.3556454496124738e+14
  4.1597305444737180e+15  7.5049546176840475e+14
  4.2382160264449200e+15  8.6313664306028712e+14
  4.3167015084161220e+15  1.1266631424242520e+15
  4.3951869903873245e+15  1.5722386065972382e+15
  4.4736724723585265e+15  2.1941339896410708e+15
  4.5521579543297290e+15  2.9424406969395130e+15
  4.6306434363009310e+15  3.7263764067072955e+15
  4.7091289182721330e+15  4.4286107433964650e+15
  4.7876144002433350e+15  4.9284414343461450e+15
  4.8660998822145370e+15  5.1294568952547360e+15
  4.9445853641857400e+15  4.9855475586809800e+15
  5.0230708461569420e+15  4.5179102116651160e+15
  5.1015563281281440e+15  3.8158925587789935e+15
  5.1800418100993460e+15  3.0175932247233220e+15
  5.2585272920705480e+15  2.2727569063067485e+15
  5.3370127740417510e+15  1.6989316585144238e+15
  5.4154982560129530e+15  1.3476145697835100e+15
  5.4939837379841550e+15  1.1953685027369748e+15
  5.5724692199553570e+15  1.1643912146535245e+15
  5.6509547019265590e+15  1.1624572547280508e+15
  5.7294401838977620e+15  1.1221836188752522e+15
  5.8079256658689640e+15  1.0209614727394105e+15
  5.8864111478401660e+15  8.7514188096809062e+14
  5.9648966298113680e+15  7.1713796337340425e+14
  6.0433821117825710e+15  5.7214468979569238e+14
  6.1218675937537730e+15  4.4773153456945144e+14
  6.2003530757249750e+15  3.3852943363459938e+14
  6.2788385576961770e+15  2.3822299610420644e+14
  6.3573240396673790e+15  1.4853991291182106e+14
  6.4358095216385820e+15  7.9891934811113828e+13
  6.5142950036097840e+15  4.5514973208879070e+13
  6.5927804855809860e+15  5.4814478954587617e+13
  6.6712659675521880e+15  1.1037421253911044e+14
  6.7497514495233910e+15  2.0908233894413384e+14
  6.8282369314945930e+15  3.4474935115946950e+14
  6.9067224134657950e+15  5.0943426906566106e+14
  6.9852078954369970e+15  6.9281405199073750e+14
  7.0636933774081990e+15  8.8121886206943950e+14
  7.1421788593794020e+15  1.0586628629594945e+15
  7.2206643413506040e+15  1.2109650522599235e+15
  7.2991498233218060e+15  1.3317810679372315e+15
  7.3776353052930080e+15  1.4274615020617425e+15
  7.4561207872642100e+15  1.5172628759632490e+15
  7.5346062692354130e+15  1.6269869287794962e+15
  7.6130917512066150e+15  1.7771409396232282e+15
  7.6915772331778170e+15  1.9699364021350772e+15
  7.7700627151490190e+15  2.1812520790287042e+15
  7.8485481971202220e+15  2.3628091288990015e+15
  7.9270336790914240e+15  2.4560709940550695e+15
  8.0055191610626260e+15  2.4140760870069980e+15
  8.0840046430338280e+15  2.2229089187536632e+15
  8.1624901250050300e+15  1.9132118723935540e+15
  8.2409756069762330e+15  1.5551868309857665e+15
  8.3194610889474350e+15  1.2370552365430055e+15
  8.3979465709186370e+15  1.0342412851228179e+15
  8.4764320528898390e+15  9.8129647944664575e+14
  8.5549175348610420e+15  1.0584386851114262e+15
  8.6334030168322440e+15  1.1992792403886370e+15
  8.7118884988034460e+15  1.3178087022378728e+15
  8.7903739807746480e+15  1.3443051943077612e+15
  8.8688594627458500e+15  1.2549549877546388e+15
  8.9473449447170530e+15  1.0811958183946730e+15
  9.0258304266882560e+15  8.9293786602647475e+14
  9.1043159086594580e+15  7.6282202856132875e+14
  9.1828013906306600e+15  7.3063163742500838e+14
  9.2612868726018620e+15  7.8950310944614600e+14
  9.3397723545730640e+15  9.0337643931393025e+14
  9.4182578365442660e+15  1.0430641369000735e+15
