#DataSignature: 0
#FileSignature: 0
#OperatorSignature: 2
#legend: No Name
#logy: logy
#sim_duration: 0.010297
#title_str: z = 
#tlabel: z
#tscale: 0.007058
#tscale_str: $L_{NL}$
#tunit_str: m
#xcordID: ST
#xlabel: $\\omega$
#xunit_str: $s^{-1}$
#ycordID: null
#ylabel: I
#yscale_str: arb.
#yunit_str: arb.
  4.7091289182721331e+14  2.4632292355183906e+12
  5.4939837379841550e+14  4.3182240754325664e+12
  6.2788385576961775e+14  7.8004411351457832e+12
  7.0636933774082000e+14  1.9428255811722113e+13
  7.8485481971202225e+14  6.3862326759802188e+13
  8.6334030168322450e+14  2.1135641142385666e+14
  9.4182578365442662e+14  6.2582786034290500e+14
  1.0203112656256288e+15  1.6333118680618702e+15
  1.0987967475968310e+15  3.8037860233806115e+15
  1.1772822295680332e+15  8.0537672228394450e+15
  1.2557677115392355e+15  1.5838595731879888e+16
  1.3342531935104378e+15  2.9554866030798584e+16
  1.4127386754816400e+15  5.3061079776877032e+16
  1.4912241574528422e+15  9.1484746600887920e+16
  1.5697096394240442e+15  1.4872890761255002e+17
  1.6481951213952465e+15  2.2208172251391424e+17
  1.7266806033664488e+15  2.9713872962079514e+17
  1.8051660853376510e+15  3.4963444645479251e+17
  1.8836515673088532e+15  3.5743331722699443e+17
  1.9621370492800555e+15  3.1563551643137619e+17
  2.0406225312512578e+15  2.4147117826149421e+17
  2.1191080132224598e+15  1.6336896906505197e+17
  2.1975934951936620e+15  1.0348606828270438e+17
  2.2760789771648645e+15  6.8097907882977080e+16
  2.3545644591360665e+15  5.0784294781946952e+16
  2.4330499411072690e+15  4.1739069850561112e+16
  2.5115354230784710e+15  3.4482913317047276e+16
  2.5900209050496735e+15  2.7050608427126832e+16
  2.6685063870208755e+15  1.9970647091583856e+16
  2.7469918689920780e+15  1.4136865566705598e+16
  2.8254773509632800e+15  9.8774903189524860e+15
  2.9039628329344825e+15  6.9806174709031910e+15
  2.9824483149056845e+15  5.0314306177828210e+15
  3.0609337968768865e+15  3.6664342096757945e+15
  3.1394192788480890e+15  2.6594190947320305e+15
  3.2179047608192910e+15  1.9007189782270095e+15
  3.2963902427904935e+15  1.3454723472711775e+15
  3.3748757247616955e+15  9.7202099614708225e+14
  3.4533612067328980e+15  7.5975235188192038e+14
  3.5318466887041000e+15  6.8100526389693400e+14
  3.6103321706753025e+15  6.9999007929989462e+14
  3.6888176526465045e+15  7.7505835124481562e+14
  3.7673031346177065e+15  8.6362171703528038e+14
  3.8457886165889090e+15  9.2962978764297650e+14
  3.9242740985601110e+15  9.5228418612526162e+14
  4.0027595805313135e+15  9.3308580823332550e+14
  4.0812450625025155e+15  8.9776040043926312e+14
  4.1597305444737180e+15  8.9073232789265800e+14
  4.2382160264449200e+15  9.6236010079520012e+14
  4.3167015084161220e+15  1.1521047574278962e+15
  4.3951869903873245e+15  1.4728605730472792e+15
  4.4736724723585265e+15  1.9018217205993720e+15
  4.5521579543297290e+15  2.3813124523185325e+15
  4.6306434363009310e+15  2.8297977894746060e+15
  4.7091289182721330e+15  3.1602327977864510e+15
  4.7876144002433350e+15  3.3011723833441770e+15
  4.8660998822145370e+15  3.2158547123072240e+15
  4.9445853641857400e+15  2.9150405117366980e+15
  5.0230708461569420e+15  2.4599244014345250e+15
  5.1015563281281440e+15  1.9521365471712640e+15
  5.1800418100993460e+15  1.5100624391330835e+15
  5.2585272920705480e+15  1.2354933110458418e+15
  5.3370127740417510e+15  1.1807891845541130e+15
  5.4154982560129530e+15  1.3303536495224015e+15
  5.4939837379841550e+15  1.6069742160436168e+15
  5.5724692199553570e+15  1.9028153318147825e+15
  5.6509547019265590e+15  2.1217333694198590e+15
  5.7294401838977620e+15  2.2126031402653488e+15
  5.8079256658689640e+15  2.1781195238306002e+15
  5.8864111478401660e+15  2.0577991010736022e+15
  5.9648966298113680e+15  1.8983897201331692e+15
  6.0433821117825710e+15  1.7300525090040682e+15
  6.1218675937537730e+15  1.5598853773192368e+15
  6.2003530757249750e+15  1.3815613572334272e+15
  6.2788385576961770e+15  1.1904547798684362e+15
  6.3573240396673790e+15  9.9315266641989375e+14
  6.4358095216385820e+15  8.0696566378810525e+14
  6.5142950036097840e+15  6.5263938391780838e+14
  6.5927804855809860e+15  5.4660944453603294e+14
  6.6712659675521880e+15  4.9711891732099681e+14
  6.7497514495233910e+15  5.0445253352031788e+14
  6.8282369314945930e+15  5.6301379459993438e+14
  6.9067224134657950e+15  6.6325344591313525e+14
  6.9852078954369970e+15  7.9329827874957312e+14
  7.0636933774081990e+15  9.4143463513222875e+14
  7.1421788593794020e+15  1.1002022169241590e+15
  7.2206643413506040e+15  1.2711046980186585e+15
  7.2991498233218060e+15  1.4671787180953272e+15
  7.3776353052930080e+15  1.7102535069377530e+15
  7.4561207872642100e+15  2.0213578926730658e+15
  7.5346062692354130e+15  2.4060409878693745e+15
  7.6130917512066150e+15  2.8400259671214415e+15
  7.6915772331778170e+15  3.2626980814239745e+15
  7.7700627151490190e+15  3.5847662576572705e+15
  7.8485481971202220e+15  3.7115934163171805e+15
  7.9270336790914240e+15  3.5766002846570555e+15
  8.0055191610626260e+15  3.1728681490797465e+15
  8.0840046430338280e+15  2.5689910287684290e+15
  8.1624901250050300e+15  1.8992907081833290e+15
  8.2409756069762330e+15  1.3278535250645835e+15
  8.3194610889474350e+15  9.9684501257980888e+14
  8.3979465709186370e+15  9.7734284441974225e+14
  8.4764320528898390e+15  1.2417463399262302e+15
  8.5549175348610420e+15  1.6698984040955130e+15
  8.6334030168322440e+15  2.0889378954837410e+15
  8.7118884988034460e+15  2.3341441055106120e+15
  8.7903739807746480e+15  2.3092037458681345e+15
  8.8688594627458500e+15  2.0225790679765200e+15
  8.9473449447170530e+15  1.5834010254856428e+15
  9.0258304266882560e+15  1.1551183892346465e+15
  9.1043159086594580e+15  8.8451867901491488e+14
  9.1828013906306600e+15  8.3949555908605812e+14
  9.2612868726018620e+15  9.8957186000358462e+14
  9.3397723545730640e+15  1.2417401367422750e+15
  9.4182578365442660e+15  1.5088490786835938e+15
