#legend:                       ArgonShock      
#logy:                         logy            
#plabel:                       z               
#pscale:                       1.31262         
#pscale_str:                   $L_{NL}$        
#punit_str:                    m               
#pval:                         0.501831        
#title_str:                    z =             
#xcordID:                      ST              
#xlabel:                       $\omega$        
#xunit_str:                    $s^{-1}$        
#ycordID:                      AU              
#ylabel:                       I               
#yscale_str:                   arb.            
#yunit_str:                    arb.            
1.1080300000000000e+14    8.6375962545953516e+13    
1.2388655505004550e+14    2.8524103373989462e+14    
1.3697011010009100e+14    8.0763477275581875e+14    
1.5005366515013650e+14    2.0532028607504492e+15    
1.6313722020018200e+14    4.8080873546714610e+15    
1.7622077525022750e+14    1.0533715883542072e+16    
1.8930433030027297e+14    2.1811060547397948e+16    
2.0238788535031847e+14    4.2996553045159992e+16    
2.1547144040036397e+14    8.1195474246980848e+16    
2.2855499545040947e+14    1.4786076048245238e+17    
2.4163855050045497e+14    2.6198491354022189e+17    
2.5472210555050047e+14    4.5762338704336243e+17    
2.6780566060054594e+14    8.0246470037905178e+17    
2.8088921565059144e+14    1.4415647927634181e+18    
2.9397277070063694e+14    2.6911830314068301e+18    
3.0705632575068244e+14    5.2177562863387679e+18    
3.2013988080072794e+14    1.0334433861644315e+19    
3.3322343585077344e+14    2.0411506508236374e+19    
3.4630699090081894e+14    3.9306542731581555e+19    
3.5939054595086444e+14    7.2577223243506000e+19    
3.7247410100090994e+14    1.2710123267443709e+20    
3.8555765605095538e+14    2.0971583475291272e+20    
3.9864121110100094e+14    3.2474717215365195e+20    
4.1172476615104644e+14    4.7086968711084409e+20    
4.2480832120109188e+14    6.3843503129251611e+20    
4.3789187625113738e+14    8.0881299241493555e+20    
4.5097543130118288e+14    9.5693854812219428e+20    
4.6405898635122838e+14    1.0570380511569717e+21    
4.7714254140127388e+14    1.0898832357118348e+21    
4.9022609645131938e+14    1.0488091800526079e+21    
5.0330965150136488e+14    9.4192746757744008e+20    
5.1639320655141038e+14    7.8953514149852217e+20    
5.2947676160145588e+14    6.1785310005807219e+20    
5.4256031665150138e+14    4.5173544644842029e+20    
5.5564387170154688e+14    3.0909833711066527e+20    
5.6872742675159238e+14    1.9863570090580253e+20    
5.8181098180163788e+14    1.2074428083521864e+20    
5.9489453685168338e+14    7.0384866828744966e+19    
6.0797809190172888e+14    4.0305978210246369e+19    
6.2106164695177438e+14    2.3502739965644997e+19    
6.3414520200181988e+14    1.4506294662174564e+19    
6.4722875705186525e+14    9.6724913832182579e+18    
6.6031231210191075e+14    6.8861474409486520e+18    
6.7339586715195625e+14    5.0715986400702740e+18    
6.8647942220200188e+14    3.7497611770826245e+18    
6.9956297725204738e+14    2.7316122986504166e+18    
7.1264653230209288e+14    1.9442947113231373e+18    
7.2573008735213838e+14    1.3499197395781087e+18    
7.3881364240218375e+14    9.1623039365822797e+17    
7.5189719745222925e+14    6.1063682012796838e+17    
7.6498075250227475e+14    4.0197263460869555e+17    
7.7806430755232025e+14    2.6313094654727786e+17    
7.9114786260236575e+14    1.7247077901252659e+17    
8.0423141765241125e+14    1.1389974628048936e+17    
8.1731497270245675e+14    7.6133201448542672e+16    
8.3039852775250225e+14    5.1631866094086104e+16    
8.4348208280254775e+14    3.5550162337055968e+16    
8.5656563785259325e+14    2.4859079803409612e+16    
8.6964919290263875e+14    1.7690960693323360e+16    
8.8273274795268425e+14    1.2889575432390014e+16    
8.9581630300272975e+14    9.7226902936056260e+15    
9.0889985805277525e+14    7.7105790797996590e+15    
9.2198341310282075e+14    6.5309558326919570e+15    
9.3506696815286625e+14    5.9712550795793740e+15    
9.4815052320291175e+14    5.9091442779034170e+15    
9.6123407825295725e+14    6.3100021567488460e+15    
9.7431763330300275e+14    7.2355415427692290e+15    
9.8740118835304825e+14    8.8611273183058340e+15    
1.0004847434030938e+15    1.1501171682865258e+16    
1.0135682984531392e+15    1.5642801813906574e+16    
1.0266518535031848e+15    2.1988240064425772e+16    
1.0397354085532302e+15    3.1506413069087364e+16    
1.0528189636032758e+15    4.5494612573851448e+16    
1.0659025186533212e+15    6.5651989452447392e+16    
1.0789860737033668e+15    9.4168675048804352e+16    
1.0920696287534122e+15    1.3383762076571578e+17    
1.1051531838034578e+15    1.8820062330438198e+17    
1.1182367388535032e+15    2.6174447629246998e+17    
1.1313202939035488e+15    3.6016568581189190e+17    
1.1444038489535942e+15    4.9071943882390291e+17    
1.1574874040036398e+15    6.6265639550486758e+17    
1.1705709590536850e+15    8.8772539939223834e+17    
1.1836545141037305e+15    1.1806792083134776e+18    
1.1967380691537760e+15    1.5596657659086244e+18    
1.2098216242038215e+15    2.0463274769096750e+18    
1.2229051792538670e+15    2.6653808299588705e+18    
1.2359887343039125e+15    3.4434302938365583e+18    
1.2490722893539582e+15    4.4068076620268605e+18    
1.2621558444040038e+15    5.5783401833916590e+18    
1.2752393994540492e+15    6.9731433547769713e+18    
1.2883229545040948e+15    8.5937905491939144e+18    
1.3014065095541402e+15    1.0425488777306536e+19    
1.3144900646041858e+15    1.2432121719839285e+19    
1.3275736196542312e+15    1.4554130727345707e+19    
1.3406571747042768e+15    1.6709124429325036e+19    
1.3537407297543222e+15    1.8795803404818575e+19    
1.3668242848043675e+15    2.0701276698411921e+19    
1.3799078398544130e+15    2.2311210888094200e+19    
1.3929913949044585e+15    2.3521619283505889e+19    
1.4060749499545040e+15    2.4250621478791381e+19    
1.4191585050045495e+15    2.4448316701903405e+19    
1.4322420600545950e+15    2.4103095458927440e+19    
1.4453256151046405e+15    2.3243253560888762e+19    
1.4584091701546860e+15    2.1933570514934043e+19    
1.4714927252047315e+15    2.0267399760941629e+19    
1.4845762802547770e+15    1.8355594911677942e+19    
1.4976598353048225e+15    1.6314093212980972e+19    
1.5107433903548680e+15    1.4252094626085980e+19    
1.5238269454049135e+15    1.2262508180577661e+19    
1.5369105004549590e+15    1.0415772818635356e+19    
1.5499940555050045e+15    8.7574479872457554e+18    
1.5630776105550500e+15    7.3092777146191841e+18    
1.5761611656050955e+15    6.0729036378214093e+18    
1.5892447206551410e+15    5.0351213694579507e+18    
1.6023282757051865e+15    4.1735551082451492e+18    
1.6154118307552320e+15    3.4618196504904136e+18    
1.6284953858052775e+15    2.8735607302566897e+18    
1.6415789408553230e+15    2.3851182540750684e+18    
1.6546624959053685e+15    1.9768623523117604e+18    
1.6677460509554140e+15    1.6334600553165765e+18    
1.6808296060054595e+15    1.3434265626062042e+18    
1.6939131610555050e+15    1.0983138480439862e+18    
1.7069967161055505e+15    8.9182199728194714e+17    
1.7200802711555960e+15    7.1902115833022758e+17    
1.7331638262056415e+15    5.7577480800407264e+17    
1.7462473812556870e+15    4.5837811931038278e+17    
1.7593309363057325e+15    3.6337683312874368e+17    
1.7724144913557780e+15    2.8751113345038333e+17    
1.7854980464058235e+15    2.2772882786952797e+17    
1.7985816014558690e+15    1.8122400830952717e+17    
1.8116651565059145e+15    1.4547345320348138e+17    
1.8247487115559600e+15    1.1825784240903712e+17    
1.8378322666060055e+15    9.7665535921553808e+16    
1.8509158216560510e+15    8.2082564635736448e+16    
1.8639993767060965e+15    7.0174381802297208e+16    
1.8770829317561420e+15    6.0864214100935600e+16    
1.8901664868061875e+15    5.3310958465631808e+16    
1.9032500418562330e+15    4.6887583086762432e+16    
1.9163335969062785e+15    4.1159559480512016e+16    
1.9294171519563240e+15    3.5862214407191184e+16    
1.9425007070063695e+15    3.0875987430662368e+16    
1.9555842620564150e+15    2.6199186811972532e+16    
1.9686678171064605e+15    2.1918670713900748e+16    
1.9817513721565060e+15    1.8179680627002740e+16    
1.9948349272065515e+15    1.5156621748405312e+16    
2.0079184822565970e+15    1.3026803368445634e+16    
2.0210020373066425e+15    1.1948986924527864e+16    
2.0340855923566880e+15    1.2048077621142824e+16    
2.0471691474067335e+15    1.3406534788243304e+16    
2.0602527024567790e+15    1.6062203562345146e+16    
2.0733362575068245e+15    2.0011443743664264e+16    
2.0864198125568700e+15    2.5215803228216396e+16    
2.0995033676069155e+15    3.1610176834438064e+16    
2.1125869226569610e+15    3.9110472324768832e+16    
2.1256704777070065e+15    4.7619271357150688e+16    
2.1387540327570520e+15    5.7028734765815328e+16    
2.1518375878070975e+15    6.7220902026818048e+16    
2.1649211428571430e+15    7.8066367235705632e+16    
2.1780046979071885e+15    8.9422875356300880e+16    
2.1910882529572340e+15    1.0113550019336162e+17    
2.2041718080072795e+15    1.1303969146308570e+17    
2.2172553630573248e+15    1.2496763963039712e+17    
2.2303389181073702e+15    1.3675733168764698e+17    
2.2434224731574158e+15    1.4826258556359955e+17    
2.2565060282074610e+15    1.5936162854879168e+17    
2.2695895832575070e+15    1.6996162459949437e+17    
2.2826731383075520e+15    1.7999714791503110e+17    
2.2957566933575980e+15    1.8942182787693146e+17    
2.3088402484076430e+15    1.9819407680554019e+17    
2.3219238034576890e+15    2.0625948311706493e+17    
2.3350073585077340e+15    2.1353373744703187e+17    
2.3480909135577800e+15    2.1989041155509699e+17    
2.3611744686078250e+15    2.2515736248660826e+17    
2.3742580236578710e+15    2.2912401475150144e+17    
2.3873415787079165e+15    2.3155957676097600e+17    
2.4004251337579620e+15    2.3223986948314080e+17    
2.4135086888080075e+15    2.3097844395919533e+17    
2.4265922438580530e+15    2.2765651938444986e+17    
2.4396757989080985e+15    2.2224628490643568e+17    
2.4527593539581440e+15    2.1482327205582589e+17    
2.4658429090081895e+15    2.0556556176735491e+17    
2.4789264640582350e+15    1.9474005674428950e+17    
2.4920100191082805e+15    1.8267838169091731e+17    
2.5050935741583260e+15    1.6974665997355606e+17    
2.5181771292083715e+15    1.5631415030501254e+17    
2.5312606842584170e+15    1.4272542916597920e+17    
2.5443442393084625e+15    1.2927963429208139e+17    
2.5574277943585080e+15    1.1621859393230176e+17    
2.5705113494085535e+15    1.0372386195163632e+17    
2.5835949044585990e+15    9.1921155692749744e+16    
2.5966784595086445e+15    8.0889713059876816e+16    
2.6097620145586900e+15    7.0673765272598672e+16    
2.6228455696087350e+15    6.1293595719201216e+16    
2.6359291246587805e+15    5.2754364895991864e+16    
2.6490126797088260e+15    4.5051785781764408e+16    
2.6620962347588715e+15    3.8174612792812080e+16    
2.6751797898089170e+15    3.2104591306626268e+16    
2.6882633448589625e+15    2.6814907788122064e+16    
2.7013468999090080e+15    2.2268275525391836e+16    
2.7144304549590535e+15    1.8415637426866164e+16    
2.7275140100090990e+15    1.5196152427421726e+16    
2.7405975650591445e+15    1.2538750937078860e+16    
2.7536811201091900e+15    1.0365179396956896e+16    
2.7667646751592355e+15    8.5941631758177550e+15    
2.7798482302092810e+15    7.1461314239109080e+15    
2.7929317852593265e+15    5.9478752127666450e+15    
2.8060153403093720e+15    4.9365419242976480e+15    
2.8190988953594175e+15    4.0624844683977320e+15    
2.8321824504094630e+15    3.2906577950443345e+15    
2.8452660054595085e+15    2.6004594561310840e+15    
2.8583495605095540e+15    1.9841174681848908e+15    
2.8714331155595995e+15    1.4439111134029515e+15    
2.8845166706096450e+15    9.8864609465326888e+14    
2.8976002256596905e+15    6.2987823820327775e+14    
2.9106837807097360e+15    3.7838205028066275e+14    
2.9237673357597815e+15    2.4129377712462938e+14    
2.9368508908098270e+15    2.2023535692652391e+14    
2.9499344458598725e+15    3.1056590400284562e+14    
2.9630180009099180e+15    5.0173642926242969e+14    
2.9761015559599635e+15    7.7856739010428775e+14    
2.9891851110100090e+15    1.1231500518751391e+15    
3.0022686660600545e+15    1.5170070946181612e+15    
3.0153522211101000e+15    1.9431419603550992e+15    
3.0284357761601455e+15    2.3876569868499980e+15    
3.0415193312101910e+15    2.8407159484177000e+15    
3.0546028862602365e+15    3.2967497480967100e+15    
3.0676864413102820e+15    3.7539342773501460e+15    
3.0807699963603275e+15    4.2130867602251245e+15    
3.0938535514103730e+15    4.6762140259364720e+15    
3.1069371064604185e+15    5.1449912282450990e+15    
3.1200206615104640e+15    5.6194469746037170e+15    
3.1331042165605095e+15    6.0970823722677330e+15    
3.1461877716105550e+15    6.5725656619931920e+15    
3.1592713266606005e+15    7.0380352918385050e+15    
3.1723548817106460e+15    7.4839311365113600e+15    
3.1854384367606915e+15    7.9001759478178690e+15    
3.1985219918107370e+15    8.2774650446767240e+15    
3.2116055468607825e+15    8.6084048076930690e+15    
3.2246891019108280e+15    8.8882738252213070e+15    
3.2377726569608735e+15    9.1152595740260420e+15    
3.2508562120109190e+15    9.2901330477989500e+15    
3.2639397670609645e+15    9.4154416027173480e+15    
3.2770233221110100e+15    9.4944017306959040e+15    
3.2901068771610555e+15    9.5297362415809800e+15    
3.3031904322111010e+15    9.5227106352625260e+15    
3.3162739872611465e+15    9.4725788198613160e+15    
3.3293575423111920e+15    9.3765591149500820e+15    
3.3424410973612375e+15    9.2303480962633440e+15    
3.3555246524112830e+15    9.0290676015672200e+15    
3.3686082074613285e+15    8.7684543995517950e+15    
3.3816917625113740e+15    8.4460593821324380e+15    
3.3947753175614195e+15    8.0622309611330440e+15    
3.4078588726114650e+15    7.6207098273930460e+15    
3.4209424276615105e+15    7.1287444604231590e+15    
3.4340259827115560e+15    6.5967283777704620e+15    
3.4471095377616015e+15    6.0374410359674380e+15    
3.4601930928116470e+15    5.4650296972557760e+15    
3.4732766478616925e+15    4.8938924063750180e+15    
3.4863602029117380e+15    4.3376139763221760e+15    
3.4994437579617835e+15    3.8080753651149400e+15    
3.5125273130118290e+15    3.3148130912972515e+15    
3.5256108680618745e+15    2.8646602386796780e+15    
3.5386944231119200e+15    2.4616620233970810e+15    
3.5517779781619655e+15    2.1072308885889215e+15    
3.5648615332120110e+15    1.8004889454658260e+15    
3.5779450882620565e+15    1.5387373932048012e+15    
3.5910286433121020e+15    1.3179907201227412e+15    
3.6041121983621475e+15    1.1335161798456018e+15    
3.6171957534121930e+15    9.8032543025881925e+14    
3.6302793084622385e+15    8.5357553218703900e+14    
3.6433628635122840e+15    7.4885084858308125e+14    
3.6564464185623295e+15    6.6231515920315888e+14    
3.6695299736123750e+15    5.9074255834464838e+14    
3.6826135286624205e+15    5.3145334634750694e+14    
3.6956970837124660e+15    4.8219365132126700e+14    
3.7087806387625115e+15    4.4100206198200488e+14    
3.7218641938125570e+15    4.0610193326597694e+14    
3.7349477488626025e+15    3.7584527892913250e+14    
3.7480313039126480e+15    3.4871645707461069e+14    
3.7611148589626935e+15    3.2338569248123206e+14    
3.7741984140127390e+15    2.9878848468173662e+14    
3.7872819690627845e+15    2.7420055762519541e+14    
3.8003655241128300e+15    2.4928049664708525e+14    
3.8134490791628755e+15    2.2406238412242959e+14    
3.8265326342129210e+15    1.9889531076090147e+14    
3.8396161892629665e+15    1.7434124929434888e+14    
3.8526997443130120e+15    1.5105332258201141e+14    
3.8657832993630575e+15    1.2966028028906412e+14    
3.8788668544131030e+15    1.1067944481566534e+14    
3.8919504094631485e+15    9.4471097772912359e+13    
3.9050339645131940e+15    8.1235387353495984e+13    
3.9181175195632395e+15    7.1041989769917250e+13    
3.9312010746132850e+15    6.3875957532379820e+13    
3.9442846296633305e+15    5.9681956878195086e+13    
3.9573681847133760e+15    5.8393138498821156e+13    
3.9704517397634215e+15    5.9938343668456805e+13    
3.9835352948134670e+15    6.4229533735966383e+13    
3.9966188498635125e+15    7.1137643903904156e+13    
4.0097024049135580e+15    8.0467801090543219e+13    
4.0227859599636035e+15    9.1943652688544969e+13    
4.0358695150136490e+15    1.0520637930411759e+14    
4.0489530700636945e+15    1.1982861260349475e+14    
4.0620366251137400e+15    1.3533890291811673e+14    
4.0751201801637855e+15    1.5125001075626681e+14    
4.0882037352138310e+15    1.6708460282704288e+14    
4.1012872902638765e+15    1.8239437652540847e+14    
4.1143708453139220e+15    1.9677197243490522e+14    
4.1274544003639675e+15    2.0985784653151556e+14    
4.1405379554140130e+15    2.2134552678173891e+14    
4.1536215104640585e+15    2.3098807133490784e+14    
4.1667050655141040e+15    2.3860656244596859e+14    
4.1797886205641495e+15    2.4409911791041847e+14    
4.1928721756141950e+15    2.4744726343424188e+14    
4.2059557306642405e+15    2.4871629472242016e+14    
4.2190392857142860e+15    2.4804753866125819e+14    
4.2321228407643315e+15    2.4564264630257712e+14    
4.2452063958143770e+15    2.4174229732997256e+14    
4.2582899508644225e+15    2.3660309916703522e+14    
4.2713735059144680e+15    2.3047654852460478e+14    
4.2844570609645135e+15    2.2359278526626600e+14    
4.2975406160145590e+15    2.1615008677931522e+14    
4.3106241710646040e+15    2.0830940759155131e+14    
4.3237077261146495e+15    2.0019240122251331e+14    
4.3367912811646950e+15    1.9188149698928425e+14    
4.3498748362147405e+15    1.8342150211033684e+14    
4.3629583912647860e+15    1.7482327696637691e+14    
4.3760419463148315e+15    1.6607065654160897e+14    
4.3891255013648770e+15    1.5713154817429072e+14    
4.4022090564149225e+15    1.4797302390262744e+14    
4.4152926114649680e+15    1.3857863525749586e+14    
4.4283761665150135e+15    1.2896475065483259e+14    
4.4414597215650590e+15    1.1919207488111970e+14    
4.4545432766151045e+15    1.0936902662425992e+14    
4.4676268316651500e+15    9.9645294750014750e+13    
4.4807103867151955e+15    9.0196235590258625e+13    
4.4937939417652410e+15    8.1201119237000484e+13    
4.5068774968152860e+15    7.2819857189623953e+13    
4.5199610518653320e+15    6.5173228879968570e+13    
4.5330446069153780e+15    5.8330640875220383e+13    
4.5461281619654230e+15    5.2307401505532508e+13    
4.5592117170154680e+15    4.7071018762690531e+13    
4.5722952720655140e+15    4.2553891962204180e+13    
4.5853788271155600e+15    3.8668590608148250e+13    
4.5984623821656050e+15    3.5321966122815117e+13    
4.6115459372156500e+15    3.2425459161854641e+13    
4.6246294922656960e+15    2.9900635154795211e+13    
4.6377130473157420e+15    2.7680560093176727e+13    
4.6507966023657870e+15    2.5708599344085809e+13    
4.6638801574158330e+15    2.3936379089270379e+13    
4.6769637124658780e+15    2.2322140532198316e+13    
4.6900472675159240e+15    2.0829926626472285e+13    
4.7031308225659690e+15    1.9429387834583078e+13    
4.7162143776160150e+15    1.8095732936939895e+13    
4.7292979326660600e+15    1.6809487368213777e+13    
4.7423814877161060e+15    1.5556051193546881e+13    
4.7554650427661510e+15    1.4325304365324662e+13    
4.7685485978161970e+15    1.3111514120824191e+13    
4.7816321528662420e+15    1.1913565740284436e+13    
4.7947157079162880e+15    1.0735231844407633e+13    
4.8077992629663330e+15    9.5850357982610859e+12    
4.8208828180163790e+15    8.4753864440950527e+12    
4.8339663730664240e+15    7.4210289918587842e+12    
4.8470499281164700e+15    6.4372734094356992e+12    
4.8601334831665150e+15    5.5386683300283906e+12    
4.8732170382165610e+15    4.7386102434948164e+12    
4.8863005932666060e+15    4.0498401789809316e+12    
4.8993841483166520e+15    3.4851347242112827e+12    
4.9124677033666970e+15    3.0571243129867852e+12    
4.9255512584167430e+15    2.7763842390875864e+12    
4.9386348134667880e+15    2.6477904473313813e+12    
4.9517183685168340e+15    2.6662933817311514e+12    
4.9648019235668790e+15    2.8141414675526729e+12    
4.9778854786169250e+15    3.0615835282191460e+12    
4.9909690336669700e+15    3.3719506139609712e+12    
5.0040525887170160e+15    3.7101004466290571e+12    
5.0171361437670610e+15    4.0513644480975361e+12    
5.0302196988171070e+15    4.3873695149144272e+12    
5.0433032538671520e+15    4.7260061508427842e+12    
5.0563868089171980e+15    5.0851541429951543e+12    
5.0694703639672430e+15    5.4825162649332080e+12    
5.0825539190172890e+15    5.9256821691503623e+12    
5.0956374740673340e+15    6.4063945475584365e+12    
5.1087210291173800e+15    6.9009516801686523e+12    
5.1218045841674250e+15    7.3758167905458916e+12    
5.1348881392174700e+15    7.7953394009723525e+12    
5.1479716942675160e+15    8.1281428628415654e+12    
5.1610552493175610e+15    8.3502476004598203e+12    
5.1741388043676070e+15    8.4453444295640859e+12    
5.1872223594176520e+15    8.4043200281310508e+12    
5.2003059144676980e+15    8.2261490212738633e+12    
5.2133894695177430e+15    7.9206764776270195e+12    
5.2264730245677890e+15    7.5117176795853428e+12    
5.2395565796178340e+15    7.0377131547828408e+12    
5.2526401346678800e+15    6.5477362173535508e+12    
5.2657236897179250e+15    6.0927153860487412e+12    
5.2788072447679710e+15    5.7141588969678809e+12    
5.2918907998180160e+15    5.4341246579810615e+12    
5.3049743548680620e+15    5.2499362456341797e+12    
5.3180579099181070e+15    5.1354261948288652e+12    
5.3311414649681530e+15    5.0482218566017021e+12    
5.3442250200181980e+15    4.9407959393358301e+12    
5.3573085750682440e+15    4.7722409836054014e+12    
5.3703921301182890e+15    4.5179370375554629e+12    
5.3834756851683350e+15    4.1750536512978535e+12    
5.3965592402183800e+15    3.7627951972279976e+12    
5.4096427952684260e+15    3.3173495355534746e+12    
5.4227263503184710e+15    2.8826621223651025e+12    
5.4358099053685170e+15    2.4993232222126621e+12    
5.4488934604185620e+15    2.1946365928745620e+12    
5.4619770154686080e+15    1.9768300068239517e+12    
5.4750605705186530e+15    1.8351348532723689e+12    
5.4881441255686990e+15    1.7454332338880625e+12    
5.5012276806187440e+15    1.6791813882472322e+12    
5.5143112356687900e+15    1.6122781019653540e+12    
5.5273947907188350e+15    1.5309127207525024e+12    
5.5404783457688810e+15    1.4329401379001816e+12    
5.5535619008189260e+15    1.3251938870852034e+12    
5.5666454558689720e+15    1.2185142670565908e+12    
5.5797290109190170e+15    1.1226813006153567e+12    
5.5928125659690630e+15    1.0429772465598547e+12    
5.6058961210191080e+15    9.7917217576720996e+11    
5.6189796760691540e+15    9.2676842555966956e+11    
5.6320632311191990e+15    8.7963442205532983e+11    
5.6451467861692450e+15    8.3282463617020459e+11    
5.6582303412192900e+15    7.8445919337431653e+11    
5.6713138962693360e+15    7.3600039135991699e+11    
5.6843974513193810e+15    6.9097101164446680e+11    
5.6974810063694270e+15    6.5282716200410498e+11    
5.7105645614194720e+15    6.2301283693365527e+11    
5.7236481164695180e+15    6.0003565544645837e+11    
5.7367316715195630e+15    5.7984550902698035e+11    
5.7498152265696090e+15    5.5720169159374463e+11    
5.7628987816196540e+15    5.2738326919787823e+11    
5.7759823366697000e+15    4.8761940765995538e+11    
5.7890658917197450e+15    4.3785811705633411e+11    
5.8021494467697910e+15    3.8075624877744611e+11    
5.8152330018198360e+15    3.2095786000099298e+11    
5.8283165568698820e+15    2.6385287060286578e+11    
5.8414001119199270e+15    2.1412716448660464e+11    
5.8544836669699730e+15    1.7452233132884888e+11    
5.8675672220200180e+15    1.4524219112981699e+11    
5.8806507770700640e+15    1.2429265995399255e+11    
5.8937343321201090e+15    1.0870557569933487e+11    
5.9068178871701550e+15    9.6167853052717484e+10    
5.9199014422202000e+15    8.6261289985753494e+10    
5.9329849972702460e+15    8.0573437976742554e+10    
5.9460685523202910e+15    8.1498591095976517e+10    
5.9591521073703370e+15    9.0397277590669144e+10    
5.9722356624203820e+15    1.0634184621293945e+11    
5.9853192174704280e+15    1.2637176467097704e+11    
5.9984027725204730e+15    1.4704587748137933e+11    
6.0114863275705190e+15    1.6597330736402570e+11    
6.0245698826205640e+15    1.8202053376586206e+11    
6.0376534376706100e+15    1.9423916881641992e+11    
6.0507369927206550e+15    2.0105191144850238e+11    
6.0638205477707010e+15    2.0120555698606216e+11    
6.0769041028207460e+15    1.9607052492975018e+11    
6.0899876578707920e+15    1.9077474107116446e+11    
6.1030712129208370e+15    1.9187327958190671e+11    
6.1161547679708830e+15    2.0231518755823636e+11    
6.1292383230209280e+15    2.1779939961443500e+11    
6.1423218780709740e+15    2.2857674203398630e+11    
6.1554054331210190e+15    2.2645170326328522e+11    
6.1684889881710650e+15    2.1164586229982074e+11    
6.1815725432211100e+15    1.9335361693902469e+11    
6.1946560982711560e+15    1.8280783176191351e+11    
6.2077396533212010e+15    1.8436276806873813e+11    
6.2208232083712470e+15    1.9219631985186053e+11    
6.2339067634212920e+15    1.9542530239581375e+11    
6.2469903184713380e+15    1.8701301899021442e+11    
6.2600738735213830e+15    1.6875832601556723e+11    
6.2731574285714290e+15    1.4865291363029031e+11    
6.2862409836214740e+15    1.3388206307292709e+11    
6.2993245386715200e+15    1.2600584317677022e+11    
6.3124080937215650e+15    1.2178728467697881e+11    
6.3254916487716110e+15    1.1746949816855888e+11    
6.3385752038216560e+15    1.1179627938033537e+11    
6.3516587588717020e+15    1.0552998743095247e+11    
6.3647423139217470e+15    9.9246516143831161e+10    
6.3778258689717930e+15    9.2417482481922638e+10    
6.3909094240218380e+15    8.4548163089553055e+10    
6.4039929790718840e+15    7.6521829755934006e+10    
6.4170765341219290e+15    7.0249131449927216e+10    
6.4301600891719750e+15    6.6892064785427147e+10    
6.4432436442220200e+15    6.5606327160502846e+10    
6.4563271992720660e+15    6.4142743746673645e+10    
6.4694107543221110e+15    6.0680570003899101e+10    
6.4824943093721570e+15    5.5136658274876564e+10    
6.4955778644222020e+15    4.8905355837061638e+10    
6.5086614194722480e+15    4.3544797578980949e+10    
6.5217449745222930e+15    3.9717162621873413e+10    
6.5348285295723390e+15    3.7149428764405243e+10    
6.5479120846223840e+15    3.5300376807277992e+10    
6.5609956396724300e+15    3.3910406187587212e+10    
6.5740791947224750e+15    3.2997639779388016e+10    
6.5871627497725210e+15    3.2545908825928394e+10    
6.6002463048225660e+15    3.2352023450968597e+10    
6.6133298598726120e+15    3.2148114907839954e+10    
6.6264134149226570e+15    3.1734299566235367e+10    
6.6394969699727030e+15    3.0930866125195496e+10    
6.6525805250227480e+15    2.9517499424853909e+10    
6.6656640800727940e+15    2.7403803848879131e+10    
6.6787476351228390e+15    2.4902768100905964e+10    
6.6918311901728850e+15    2.2674136486689056e+10    
6.7049147452229300e+15    2.1197724177654396e+10    
6.7179983002729760e+15    2.0270403236481297e+10    
6.7310818553230210e+15    1.9157207658358360e+10    
6.7441654103730670e+15    1.7341469313451508e+10    
6.7572489654231120e+15    1.5070083490573242e+10    
6.7703325204731580e+15    1.3060193020492134e+10    
6.7834160755232030e+15    1.1708477384726311e+10    
6.7964996305732490e+15    1.0729559274517284e+10    
6.8095831856232940e+15    9.5897227987741814e+09    
6.8226667406733390e+15    8.1274408169305258e+09    
6.8357502957233850e+15    6.6277958528672552e+09    
6.8488338507734300e+15    5.4141711734526491e+09    
6.8619174058234760e+15    4.5714760678911686e+09    
6.8750009608735210e+15    4.0420134722697415e+09    
6.8880845159235670e+15    3.7616279282827139e+09    
6.9011680709736120e+15    3.6104691206613197e+09    
6.9142516260236580e+15    3.4054909283990583e+09    
6.9273351810737030e+15    3.1019775291923966e+09    
6.9404187361237490e+15    2.9216171884653330e+09    
6.9535022911737940e+15    3.1330393600258045e+09    
6.9665858462238400e+15    3.7270601415726533e+09    
6.9796694012738850e+15    4.4042847558733139e+09    
6.9927529563239310e+15    4.8527746879693890e+09    
7.0058365113739760e+15    4.9622376937962580e+09    
7.0189200664240220e+15    4.8282414821303988e+09    
7.0320036214740670e+15    4.6627064290129299e+09    
7.0450871765241130e+15    4.6750512917324333e+09    
7.0581707315741580e+15    4.9368998455258007e+09    
7.0712542866242040e+15    5.3490568084506483e+09    
7.0843378416742490e+15    5.7508901399014559e+09    
7.0974213967242950e+15    5.9912200385196238e+09    
7.1105049517743400e+15    5.9097903967729931e+09    
7.1235885068243860e+15    5.4677714123517485e+09    
7.1366720618744310e+15    4.9931686121740065e+09    
7.1497556169244770e+15    5.0154491430928125e+09    
7.1628391719745220e+15    5.5924734607600422e+09    
7.1759227270245680e+15    6.0215146058518324e+09    
7.1890062820746130e+15    5.5907275262438593e+09    
7.2020898371246590e+15    4.5110087283217688e+09    
7.2151733921747040e+15    3.7082249522344332e+09    
7.2282569472247500e+15    3.7184137415684605e+09    
7.2413405022747950e+15    4.1890429222328720e+09    
7.2544240573248410e+15    4.5078061889540319e+09    
7.2675076123748860e+15    4.4927992260108061e+09    
7.2805911674249320e+15    4.2960511851104412e+09    
7.2936747224749770e+15    3.9995072390411148e+09    
7.3067582775250230e+15    3.5924526210017118e+09    
7.3198418325750680e+15    3.1481468841980672e+09    
7.3329253876251140e+15    2.7742728038794479e+09    
7.3460089426751590e+15    2.4810434077998371e+09    
7.3590924977252050e+15    2.2456861079788508e+09    
7.3721760527752500e+15    2.1068668340113921e+09    
7.3852596078252960e+15    2.0723850913823423e+09    
7.3983431628753410e+15    2.0295298982705076e+09    
7.4114267179253870e+15    1.8681395904320993e+09    
7.4245102729754320e+15    1.6309736735033562e+09    
7.4375938280254780e+15    1.4516553966618781e+09    
7.4506773830755230e+15    1.3931786159799845e+09    
7.4637609381255690e+15    1.4144375073897364e+09    
7.4768444931756140e+15    1.4496352125087037e+09    
7.4899280482256600e+15    1.4617918419366326e+09    
7.5030116032757050e+15    1.4426093852556808e+09    
7.5160951583257510e+15    1.3922718380921342e+09    
7.5291787133757960e+15    1.2978653895962601e+09    
7.5422622684258420e+15    1.1572436292345462e+09    
7.5553458234758870e+15    1.0404422386035501e+09    
7.5684293785259330e+15    1.0533726457738219e+09    
7.5815129335759780e+15    1.1862634173399587e+09    
7.5945964886260240e+15    1.2840739194957654e+09    
7.6076800436760690e+15    1.2357437365610023e+09    
7.6207635987261150e+15    1.1000546447014971e+09    
7.6338471537761600e+15    9.8286001654023027e+08    
7.6469307088262060e+15    9.0203015306111062e+08    
7.6600142638762510e+15    8.3575809393320751e+08    
7.6730978189262970e+15    7.8884325851971412e+08    
7.6861813739763420e+15    7.5199426173387384e+08    
7.6992649290263880e+15    6.8933741176454759e+08    
7.7123484840764330e+15    5.9970723408048379e+08    
7.7254320391264790e+15    5.1922174304345238e+08    
7.7385155941765240e+15    4.6205736777414864e+08    
7.7515991492265700e+15    4.1381030744634724e+08    
7.7646827042766150e+15    3.6642022529021269e+08    
7.7777662593266610e+15    3.2324375478025460e+08    
7.7908498143767060e+15    2.8868050582952350e+08    
7.8039333694267520e+15    2.6458523414118174e+08    
7.8170169244767970e+15    2.4281878871290156e+08    
7.8301004795268430e+15    2.0866502547970766e+08    
7.8431840345768880e+15    1.5880843103073224e+08    
7.8562675896269340e+15    1.0994956701572339e+08    
7.8693511446769790e+15    9.2998450280898944e+07    
7.8824346997270250e+15    1.2035206539968359e+08    
7.8955182547770700e+15    1.4640657628258717e+08    
7.9086018098271160e+15    1.1845989737105756e+08    
7.9216853648771610e+15    7.3867829951921895e+07    
7.9347689199272070e+15    8.5053864646052152e+07    
7.9478524749772520e+15    1.2637884039533265e+08    
7.9609360300272980e+15    1.2741032854414256e+08    
7.9740195850773430e+15    1.0459262451995225e+08    
7.9871031401273890e+15    1.1195247855438788e+08    
8.0001866951774340e+15    1.4119027526417729e+08    
8.0132702502274800e+15    1.5540291419563016e+08    
8.0263538052775250e+15    1.4323040369590586e+08    
8.0394373603275710e+15    1.1870873426344107e+08    
8.0525209153776160e+15    1.1321942777565077e+08    
8.0656044704276620e+15    1.3940864652339593e+08    
8.0786880254777070e+15    1.6538516054716742e+08    
8.0917715805277530e+15    1.6292935847715077e+08    
8.1048551355777980e+15    1.4303003189756364e+08    
8.1179386906278440e+15    1.2588948269208077e+08    
8.1310222456778890e+15    1.1943000980901720e+08    
8.1441058007279350e+15    1.2431572379783706e+08    
8.1571893557779800e+15    1.3394822402770112e+08    
8.1702729108280260e+15    1.3514491165698090e+08    
8.1833564658780710e+15    1.2320655439291653e+08    
8.1964400209281170e+15    1.1641759543742813e+08    
8.2095235759781620e+15    1.2770614980545907e+08    
8.2226071310282080e+15    1.3152081633808672e+08    
8.2356906860782530e+15    1.1272353295515876e+08    
8.2487742411282990e+15    1.0474882286069939e+08    
8.2618577961783440e+15    1.1846822023594743e+08    
8.2749413512283900e+15    1.1537008563897541e+08    
8.2880249062784350e+15    8.6046812679339081e+07    
8.3011084613284810e+15    6.2567338654482782e+07    
8.3141920163785260e+15    5.9546731891677275e+07    
8.3272755714285720e+15    6.7283765083555594e+07    
8.3403591264786170e+15    7.2637532574118689e+07    
8.3534426815286630e+15    6.7490476478156850e+07    
8.3665262365787080e+15    5.7746648991166487e+07    
8.3796097916287540e+15    5.2551806365085766e+07    
8.3926933466787990e+15    5.0356222448862515e+07    
8.4057769017288450e+15    4.9427045387993045e+07    
8.4188604567788900e+15    5.0805383657310724e+07    
8.4319440118289360e+15    5.1344213382858336e+07    
8.4450275668789810e+15    4.9799941825876169e+07    
8.4581111219290270e+15    4.9548570892306723e+07    
8.4711946769790720e+15    5.0668546399824880e+07    
8.4842782320291180e+15    4.9870365167557128e+07    
8.4973617870791630e+15    4.9920662920537792e+07    
8.5104453421292080e+15    5.4145896168914907e+07    
8.5235288971792540e+15    5.2181498622244045e+07    
8.5366124522292990e+15    3.8900137774089634e+07    
8.5496960072793450e+15    3.0692820293009993e+07    
8.5627795623293900e+15    3.4497114850476868e+07    
8.5758631173794360e+15    3.7782524665109754e+07    
8.5889466724294810e+15    3.5289613898912370e+07    
8.6020302274795270e+15    3.0919351185378958e+07    
8.6151137825295720e+15    2.7797411800554737e+07    
8.6281973375796180e+15    2.6779639834619164e+07    
8.6412808926296630e+15    2.5521875684883215e+07    
8.6543644476797090e+15    2.3676200416189183e+07    
8.6674480027297540e+15    2.2565199479548123e+07    
8.6805315577798000e+15    2.1060568950061381e+07    
8.6936151128298450e+15    1.8821836101354860e+07    
8.7066986678798910e+15    1.6794441166268222e+07    
8.7197822229299360e+15    1.5696640498253955e+07    
8.7328657779799820e+15    1.6157477917359557e+07    
8.7459493330300270e+15    1.6146992840420067e+07    
8.7590328880800730e+15    1.1609720334752509e+07    
8.7721164431301180e+15    5.8588274840522232e+06    
8.7851999981801640e+15    6.1651046806886187e+06    
8.7982835532302090e+15    8.0343715578264957e+06    
8.8113671082802550e+15    5.7969892190596089e+06    
8.8244506633303000e+15    4.1724191494645621e+06    
8.8375342183803460e+15    4.5297291804040130e+06    
8.8506177734303910e+15    4.0205063757219580e+06    
8.8637013284804370e+15    3.0513328233536826e+06    
8.8767848835304820e+15    3.0451354421486752e+06    
8.8898684385805280e+15    3.5530059348209491e+06    
8.9029519936305730e+15    2.7713922173512536e+06    
8.9160355486806190e+15    1.8529385270667213e+06    
8.9291191037306640e+15    2.7080625388302272e+06    
8.9422026587807100e+15    4.0076179987449036e+06    
8.9552862138307550e+15    3.9584437740812562e+06    
8.9683697688808010e+15    2.7380706192506421e+06    
8.9814533239308460e+15    2.4045410930599314e+06    
8.9945368789808920e+15    3.8267966076000631e+06    
9.0076204340309360e+15    4.0210015157891423e+06    
9.0207039890809840e+15    2.8608828466260172e+06    
9.0337875441310280e+15    3.7320306923261336e+06    
9.0468710991810740e+15    3.8309751870254376e+06    
9.0599546542311200e+15    2.4822012055424852e+06    
9.0730382092811640e+15    3.4400569767271606e+06    
9.0861217643312100e+15    4.4258130522439778e+06    
9.0992053193812560e+15    3.3920417832467933e+06    
9.1122888744313000e+15    2.3025127147829235e+06    
9.1253724294813460e+15    2.9456567131882086e+06    
9.1384559845313920e+15    4.0547951461842996e+06    
9.1515395395814380e+15    3.9588043169121146e+06    
9.1646230946314840e+15    3.5208265519488729e+06    
9.1777066496815280e+15    3.2794083227081271e+06    
9.1907902047315740e+15    3.3130524255965576e+06    
9.2038737597816200e+15    3.3119513603751655e+06    
9.2169573148316660e+15    2.8737637304626750e+06    
9.2300408698817100e+15    2.6590972021322632e+06    
9.2431244249317560e+15    2.2751953650871152e+06    
9.2562079799818020e+15    1.6560401338473861e+06    
9.2692915350318480e+15    2.4315115864440678e+06    
9.2823750900818920e+15    2.8167462123624380e+06    
9.2954586451319380e+15    1.8073787968924816e+06    
9.3085422001819840e+15    1.5187655126894303e+06    
9.3216257552320300e+15    1.9594446663572788e+06    
9.3347093102820740e+15    2.1867140308528868e+06    
9.3477928653321200e+15    2.0936599711580754e+06    
9.3608764203821660e+15    2.1175374524745257e+06    
9.3739599754322120e+15    2.0686272165819427e+06    
9.3870435304822560e+15    2.0381925222333709e+06    
9.4001270855323020e+15    2.0703647047214119e+06    
9.4132106405823480e+15    1.8313529915051172e+06    
9.4262941956323940e+15    1.4437321468429440e+06    
9.4393777506824380e+15    1.2055069611176162e+06    
9.4524613057324840e+15    1.5804653141877062e+06    
9.4655448607825300e+15    1.8373134697505897e+06    
9.4786284158325760e+15    1.2182898828209371e+06    
9.4917119708826200e+15    1.1241501661480439e+06    
9.5047955259326660e+15    1.3800971007951971e+06    
9.5178790809827120e+15    1.3146031051085908e+06    
9.5309626360327580e+15    1.3483639458571887e+06    
9.5440461910828020e+15    1.3530156640236091e+06    
9.5571297461328480e+15    1.2552119728064251e+06    
9.5702133011828940e+15    1.2673319541519093e+06    
9.5832968562329400e+15    1.2396778286792946e+06    
9.5963804112829840e+15    8.9012024811748310e+05    
9.6094639663330300e+15    6.1361416403787432e+05    
9.6225475213830760e+15    7.0923298182740528e+05    
9.6356310764331220e+15    8.8552710066049278e+05    
9.6487146314831660e+15    6.3776871878301562e+05    
9.6617981865332120e+15    4.6330548962884059e+05    
9.6748817415832580e+15    5.7798859707494569e+05    
9.6879652966333040e+15    4.5035047985929967e+05    
9.7010488516833480e+15    4.6641079939136578e+05    
9.7141324067333940e+15    4.4215589145208249e+05    
9.7272159617834400e+15    3.4271349682439154e+05    
9.7402995168334860e+15    3.9257088721929130e+05    
9.7533830718835300e+15    3.8067004250534001e+05    
9.7664666269335760e+15    1.8431795650573960e+05    
9.7795501819836220e+15    1.2006414906129944e+05    
9.7926337370336680e+15    1.9258958759982989e+05    
9.8057172920837120e+15    1.7329645819068718e+05    
9.8188008471337580e+15    9.8271753629775922e+04    
9.8318844021838040e+15    1.2402630715860143e+05    
9.8449679572338500e+15    9.8120592005188460e+04    
9.8580515122838940e+15    8.8948689993698470e+04    
9.8711350673339400e+15    1.0893635585635484e+05    
9.8842186223839860e+15    4.4784552752877033e+04    
9.8973021774340320e+15    1.2566945033671350e+05    
9.9103857324840760e+15    1.2257098845270062e+05    
9.9234692875341220e+15    4.7574993430409515e+04    
9.9365528425841680e+15    6.7893075657085894e+04    
9.9496363976342140e+15    8.9284879844164083e+04    
9.9627199526842580e+15    7.2392420674703928e+04    
9.9758035077343040e+15    7.4283037476184618e+04    
9.9888870627843500e+15    7.3574969326683335e+04    
1.0001970617834396e+16    7.4403788873548096e+04    
1.0015054172884440e+16    9.6385113170045923e+04    
1.0028137727934486e+16    5.9095540428931250e+04    
1.0041221282984532e+16    7.1438647994638202e+04    
1.0054304838034578e+16    1.4893439878296421e+05    
1.0067388393084622e+16    8.5182816991222193e+04    
1.0080471948134668e+16    8.7621324337046768e+04    
1.0093555503184714e+16    9.4612238320321063e+04    
1.0106639058234760e+16    8.1634573437749626e+04    
1.0119722613284804e+16    8.3928287007293125e+04    
1.0132806168334850e+16    6.2770379157386415e+04    
1.0145889723384896e+16    7.2007236288254891e+04    
1.0158973278434940e+16    9.0909028996031222e+04    
1.0172056833484986e+16    6.2254564692676489e+04    
1.0185140388535032e+16    4.9087248958908131e+04    
1.0198223943585078e+16    9.8349373841506065e+04    
1.0211307498635122e+16    7.9846859177158229e+04    
1.0224391053685168e+16    7.9890627273548409e+04    
1.0237474608735214e+16    8.1736824281430017e+04    
1.0250558163785260e+16    7.1533089038781618e+04    
1.0263641718835304e+16    7.3113992560798841e+04    
1.0276725273885350e+16    4.6646812183074784e+04    
1.0289808828935396e+16    5.9564802819856974e+04    
1.0302892383985442e+16    7.2892156874660388e+04    
1.0315975939035486e+16    4.6418692466507717e+04    
1.0329059494085532e+16    4.8029210287390531e+04    
1.0342143049135578e+16    6.7647210007101341e+04    
1.0355226604185624e+16    6.0846169340759196e+04    
1.0368310159235668e+16    6.9852863827750334e+04    
1.0381393714285714e+16    6.2825498820054388e+04    
1.0394477269335760e+16    6.7062975205064795e+04    
1.0407560824385806e+16    5.0523738142242124e+04    
1.0420644379435850e+16    3.6211945088148059e+04    
1.0433727934485896e+16    5.7147905353470058e+04    
1.0446811489535942e+16    4.5201385491065295e+04    
1.0459895044585988e+16    3.5781699070811563e+04    
1.0472978599636032e+16    4.2510405081287216e+04    
1.0486062154686078e+16    4.4008795602743790e+04    
1.0499145709736124e+16    4.5306564188802637e+04    
1.0512229264786170e+16    4.5689711803235463e+04    
1.0525312819836214e+16    4.6718833563473767e+04    
1.0538396374886260e+16    3.9619658423972818e+04    
1.0551479929936306e+16    1.9106129666502038e+04    
1.0564563484986352e+16    3.2952278202904745e+04    
1.0577647040036396e+16    2.5578336244040856e+04    
1.0590730595086442e+16    2.1521832754657189e+04    
1.0603814150136488e+16    2.1537011620191748e+04    
1.0616897705186534e+16    2.1253613706273754e+04    
1.0629981260236578e+16    2.0505172321217211e+04    
1.0643064815286624e+16    1.9614504675297929e+04    
1.0656148370336670e+16    2.4283495762525668e+04    
1.0669231925386716e+16    1.5670296736493065e+04    
1.0682315480436760e+16    7.8481997257917074e+03    
1.0695399035486806e+16    1.2211461389528014e+04    
1.0708482590536852e+16    7.8804589868942403e+03    
1.0721566145586898e+16    8.4139639203264924e+03    
1.0734649700636942e+16    6.7105518230499465e+03    
1.0747733255686988e+16    7.4931604409757465e+03    
1.0760816810737034e+16    4.3233285623221464e+03    
1.0773900365787080e+16    7.3751510829263889e+03    
1.0786983920837124e+16    7.3963728076474954e+03    
1.0800067475887170e+16    2.0399218097929129e+03    
1.0813151030937216e+16    3.8962228941538506e+03    
1.0826234585987262e+16    1.8689043874839658e+03    
1.0839318141037306e+16    3.2480445761591632e+03    
1.0852401696087352e+16    1.8341351692257492e+03    
1.0865485251137398e+16    3.3225189816361394e+03    
1.0878568806187444e+16    9.1651836701842410e+02    
1.0891652361237488e+16    3.1636781022420637e+03    
1.0904735916287534e+16    2.8358690554168393e+03    
1.0917819471337580e+16    1.5696731860318471e+03    
1.0930903026387626e+16    2.0774831164391412e+03    
1.0943986581437670e+16    1.5712688132040237e+03    
1.0957070136487716e+16    1.9313732039090651e+03    
1.0970153691537762e+16    1.8457670903345611e+03    
1.0983237246587808e+16    2.6811207967658247e+03    
1.0996320801637852e+16    9.4307359851694548e+02    
1.1009404356687898e+16    2.7691185329091345e+03    
1.1022487911737944e+16    2.1487357951752538e+03    
1.1035571466787990e+16    2.3872448793541080e+03    
1.1048655021838034e+16    2.1317470997780506e+03    
1.1061738576888080e+16    2.2538532980983546e+03    
1.1074822131938126e+16    1.2977319645865150e+03    
1.1087905686988172e+16    2.8214218074648602e+03    
1.1100989242038216e+16    1.5244886183174165e+03    
1.1114072797088262e+16    1.9067808737847254e+03    
1.1127156352138308e+16    1.9542595447277863e+03    
1.1140239907188354e+16    2.4797824465784311e+03    
1.1153323462238398e+16    2.1412817498827226e+03    
1.1166407017288444e+16    2.8040873580134648e+03    
1.1179490572338490e+16    1.6122585797448746e+03    
1.1192574127388536e+16    1.8201821366200518e+03    
1.1205657682438580e+16    2.2703647620895990e+03    
1.1218741237488626e+16    1.3765798405292023e+03    
1.1231824792538672e+16    1.7903997821342648e+03    
1.1244908347588718e+16    2.1748342466705431e+03    
1.1257991902638762e+16    1.9037389303047737e+03    
1.1271075457688808e+16    2.8186515542465791e+03    
1.1284159012738854e+16    1.9601362107367941e+03    
1.1297242567788900e+16    1.5850693766324787e+03    
1.1310326122838944e+16    1.9323041736513853e+03    
1.1323409677888990e+16    1.4571155090597031e+03    
1.1336493232939036e+16    1.5990489800615235e+03    
1.1349576787989082e+16    1.7884657514051546e+03    
1.1362660343039126e+16    1.4949538961325036e+03    
1.1375743898089172e+16    2.6639279043737538e+03    
1.1388827453139218e+16    1.7340442765604550e+03    
1.1401911008189264e+16    1.4453904951016511e+03    
1.1414994563239308e+16    1.3779540290312416e+03    
1.1428078118289354e+16    1.2808927390386166e+03    
1.1441161673339400e+16    1.2206413089963180e+03    
1.1454245228389446e+16    1.3743026321905468e+03    
1.1467328783439490e+16    9.8680714270662156e+02    
1.1480412338489536e+16    2.0619751461446708e+03    
1.1493495893539582e+16    1.1499891337171412e+03    
1.1506579448589628e+16    1.0460621910332291e+03    
1.1519663003639672e+16    8.4835527723792677e+02    
1.1532746558689718e+16    7.4648957262993588e+02    
1.1545830113739764e+16    8.9672940884270497e+02    
1.1558913668789810e+16    6.6396044754832963e+02    
1.1571997223839854e+16    7.9355845053779569e+02    
1.1585080778889900e+16    9.3292046039151978e+02    
1.1598164333939946e+16    7.5901910973343820e+02    
1.1611247888989992e+16    4.6040346636953768e+02    
1.1624331444040036e+16    4.0969330842529718e+02    
1.1637414999090082e+16    3.6762306396817365e+02    
1.1650498554140128e+16    4.7231138904114806e+02    
1.1663582109190174e+16    2.2357391246653026e+02    
1.1676665664240218e+16    4.5758668916972607e+02    
1.1689749219290264e+16    3.4992566049590312e+02    
1.1702832774340310e+16    2.3381242486367933e+02    
1.1715916329390356e+16    2.3480038317952105e+02    
1.1728999884440400e+16    9.7767906597627075e+01    
1.1742083439490446e+16    2.4018625722315164e+02    
1.1755166994540492e+16    8.6126836431850819e+01    
1.1768250549590538e+16    1.4136382122145747e+02    
1.1781334104640582e+16    1.3825365872490235e+02    
1.1794417659690628e+16    9.6922926814330253e+01    
1.1807501214740674e+16    1.3126977254642455e+02    
1.1820584769790720e+16    3.4467934767848497e+01    
1.1833668324840764e+16    9.3034071784067223e+01    
1.1846751879890810e+16    5.3460602074688232e+01    
1.1859835434940856e+16    4.8114126206132447e+01    
1.1872918989990900e+16    6.6897287114721863e+01    
1.1886002545040946e+16    6.0663317378898057e+01    
1.1899086100090992e+16    6.9715069395466870e+01    
1.1912169655141038e+16    4.9787541520462028e+01    
1.1925253210191082e+16    3.8237598535317005e+01    
1.1938336765241128e+16    4.7239546046523778e+01    
1.1951420320291174e+16    4.9798472169931301e+01    
1.1964503875341220e+16    3.2097239526911153e+01    
1.1977587430391264e+16    9.1159230335981491e+01    
1.1990670985441310e+16    3.4387015924582698e+01    
1.2003754540491356e+16    6.0938660271923936e+01    
1.2016838095541402e+16    5.0849453325304900e+01    
1.2029921650591446e+16    3.0841255364840585e+01    
1.2043005205641492e+16    5.9026096253366440e+01    
1.2056088760691538e+16    4.6329599763884296e+01    
1.2069172315741584e+16    7.6585397292709501e+01    
1.2082255870791628e+16    5.4094293146532827e+01    
1.2095339425841674e+16    4.7626801591588226e+01    
1.2108422980891720e+16    5.0410196954239062e+01    
1.2121506535941766e+16    6.9875531489970584e+01    
1.2134590090991810e+16    2.6680128886737055e+01    
1.2147673646041856e+16    7.5812451792987488e+01    
1.2160757201091902e+16    6.8327178489640261e+01    
1.2173840756141948e+16    5.6174716490412145e+01    
1.2186924311191992e+16    5.5487437512737628e+01    
1.2200007866242038e+16    4.9822332645792599e+01    
1.2213091421292084e+16    4.4256499403219614e+01    
1.2226174976342130e+16    6.1662805764071514e+01    
1.2239258531392174e+16    7.0226094426554496e+01    
1.2252342086442220e+16    6.1647425637867016e+01    
1.2265425641492266e+16    6.4986662060537014e+01    
1.2278509196542312e+16    4.1502178681211184e+01    
1.2291592751592356e+16    5.4712826171070795e+01    
1.2304676306642402e+16    5.1150939183773929e+01    
1.2317759861692448e+16    5.8561037036223382e+01    
1.2330843416742494e+16    5.5975631390908489e+01    
1.2343926971792538e+16    6.8873393001761343e+01    
1.2357010526842584e+16    3.5483583547020849e+01    
1.2370094081892630e+16    4.5047414044027740e+01    
1.2383177636942676e+16    4.1690187801281454e+01    
1.2396261191992720e+16    4.5884640383973142e+01    
1.2409344747042766e+16    4.2445439400574628e+01    
1.2422428302092812e+16    5.8153913261546727e+01    
1.2435511857142858e+16    3.1278918656320212e+01    
1.2448595412192902e+16    3.0805322147552630e+01    
1.2461678967242948e+16    2.9427558957003701e+01    
1.2474762522292994e+16    3.4064695279413051e+01    
1.2487846077343040e+16    3.3914996361285340e+01    
1.2500929632393084e+16    3.4699523481122739e+01    
1.2514013187443130e+16    2.3491488982466141e+01    
1.2527096742493176e+16    2.0790240515929764e+01    
1.2540180297543222e+16    1.8849182518093393e+01    
1.2553263852593266e+16    1.7457548892186555e+01    
1.2566347407643312e+16    2.9387602779073692e+01    
1.2579430962693358e+16    1.9014485822450496e+01    
1.2592514517743404e+16    1.1258435804035893e+01    
1.2605598072793448e+16    9.9560676264905545e+00    
1.2618681627843494e+16    1.5537870573142621e+01    
1.2631765182893540e+16    6.3599411397612995e+00    
1.2644848737943586e+16    1.4233271939387828e+01    
1.2657932292993630e+16    1.2571726494974767e+01    
1.2671015848043676e+16    7.9373273943549858e+00    
1.2684099403093722e+16    4.5146621013851149e+00    
1.2697182958143768e+16    5.6898208690859517e+00    
1.2710266513193812e+16    5.5353639450795242e+00    
1.2723350068243858e+16    6.5027990198828878e+00    
1.2736433623293904e+16    3.8097257406005438e+00    
1.2749517178343950e+16    1.0943360802007998e+00    
1.2762600733393994e+16    4.3311945523015059e+00    
1.2775684288444040e+16    2.4122214812021645e+00    
1.2788767843494086e+16    2.8836924684275997e+00    
1.2801851398544132e+16    2.2400860247979324e+00    
1.2814934953594176e+16    2.3405157803932539e+00    
1.2828018508644222e+16    2.5106822729802465e+00    
1.2841102063694268e+16    1.9208892741218360e+00    
1.2854185618744314e+16    1.4852271772227312e+00    
1.2867269173794358e+16    1.0472434811750106e+00    
1.2880352728844404e+16    2.3592825944439304e+00    
1.2893436283894450e+16    1.3963279711028651e+00    
1.2906519838944496e+16    1.6613242555104755e+00    
1.2919603393994540e+16    1.2672517610497394e+00    
1.2932686949044586e+16    6.1538698971612449e-01    
1.2945770504094632e+16    2.1083020877505243e+00    
1.2958854059144678e+16    1.1712062290187806e+00    
1.2971937614194722e+16    1.4876676907498685e+00    
1.2985021169244768e+16    1.4455178964255500e+00    
1.2998104724294814e+16    5.7183922811180998e-01    
1.3011188279344860e+16    1.8013186637087242e+00    
1.3024271834394904e+16    1.3201457682679365e+00    
1.3037355389444950e+16    1.4727555592147124e+00    
1.3050438944494996e+16    1.8774391066163565e+00    
1.3063522499545042e+16    8.4938770227464888e-01    
1.3076606054595086e+16    1.7222097245762980e+00    
1.3089689609645132e+16    1.3950352895765314e+00    
1.3102773164695178e+16    1.2467350225351455e+00    
1.3115856719745224e+16    2.1145537457612882e+00    
1.3128940274795268e+16    1.3569053487674463e+00    
1.3142023829845314e+16    2.1610990334926519e+00    
1.3155107384895360e+16    1.9321064027542796e+00    
1.3168190939945406e+16    9.1146984744606063e-01    
1.3181274494995450e+16    1.6499518085357410e+00    
1.3194358050045496e+16    1.3690411968944991e+00    
1.3207441605095542e+16    2.0773895729831531e+00    
1.3220525160145588e+16    2.7642374094941116e+00    
1.3233608715195632e+16    1.3205869467885676e+00    
1.3246692270245678e+16    1.4607037570620551e+00    
1.3259775825295724e+16    1.2798115277749276e+00    
1.3272859380345770e+16    1.3217483723793348e+00    
1.3285942935395814e+16    1.7586666596978464e+00    
1.3299026490445860e+16    1.2245394426042471e+00    
1.3312110045495906e+16    1.2429086506112781e+00    
1.3325193600545952e+16    1.4432816965605919e+00    
1.3338277155595996e+16    2.2123578386888454e+00    
1.3351360710646042e+16    1.5660461532235908e+00    
1.3364444265696088e+16    1.1928706128255526e+00    
1.3377527820746134e+16    1.1973036602735967e+00    
1.3390611375796178e+16    7.8496053033285806e-01    
1.3403694930846224e+16    1.4417212886379291e+00    
1.3416778485896270e+16    8.8148398099553371e-01    
1.3429862040946316e+16    5.5175627111169856e-01    
1.3442945595996360e+16    8.3707617573462256e-01    
1.3456029151046406e+16    9.8271225344162760e-01    
1.3469112706096452e+16    1.1368926642604933e+00    
1.3482196261146498e+16    7.5995318512365462e-01    
1.3495279816196542e+16    8.3079299263193529e-01    
1.3508363371246588e+16    5.5267526215133744e-01    
1.3521446926296634e+16    8.2195005905891627e-01    
1.3534530481346678e+16    8.0958063349460718e-01    
1.3547614036396724e+16    4.1791122658777158e-01    
1.3560697591446770e+16    4.4142995203637658e-01    
1.3573781146496816e+16    4.7025883164018784e-01    
1.3586864701546860e+16    5.8934692545267908e-01    
1.3599948256596906e+16    1.7508432902702609e-01    
1.3613031811646952e+16    2.7095051589071428e-01    
1.3626115366696998e+16    2.8018777087957425e-01    
1.3639198921747042e+16    3.0486629481673627e-01    
1.3652282476797088e+16    1.7979006638469458e-01    
1.3665366031847134e+16    1.2796379490110163e-01    
1.3678449586897180e+16    1.6948046081949897e-01    
1.3691533141947224e+16    1.3592687518633795e-01    
1.3704616696997270e+16    1.6449047823611893e-01    
1.3717700252047316e+16    7.6154614174342938e-02    
1.3730783807097362e+16    1.0810440188785177e-01    
1.3743867362147406e+16    7.0534064607452082e-02    
1.3756950917197452e+16    1.3026344087594935e-01    
1.3770034472247498e+16    6.4558583498824040e-02    
1.3783118027297544e+16    8.3078125840622297e-02    
1.3796201582347588e+16    5.1031851474432531e-02    
1.3809285137397634e+16    1.0025481897956154e-01    
1.3822368692447680e+16    6.4461397442895377e-02    
1.3835452247497726e+16    6.5230504517640328e-02    
1.3848535802547770e+16    3.9824879156383101e-02    
1.3861619357597816e+16    5.8769294489022940e-02    
1.3874702912647862e+16    4.6947010604381702e-02    
1.3887786467697908e+16    3.9901033314557320e-02    
1.3900870022747952e+16    2.2536892469069869e-02    
1.3913953577797998e+16    2.1638893283597745e-02    
1.3927037132848044e+16    2.1584105838282200e-02    
1.3940120687898090e+16    3.4990944204228255e-02    
1.3953204242948134e+16    3.1582347334271114e-02    
1.3966287797998180e+16    4.4441504467419950e-02    
1.3979371353048226e+16    3.8493368138213926e-02    
1.3992454908098272e+16    4.6082882653622113e-02    
1.4005538463148316e+16    4.6268444119681756e-02    
1.4018622018198362e+16    6.2533308786650796e-02    
1.4031705573248408e+16    3.1208289707759039e-02    
1.4044789128298454e+16    2.1414574007815414e-02    
1.4057872683348498e+16    2.2415426985537668e-02    
1.4070956238398544e+16    5.5491842741795375e-02    
1.4084039793448590e+16    4.5519765173949713e-02    
1.4097123348498636e+16    5.6956877600281335e-02    
1.4110206903548680e+16    3.5405304151937440e-02    
1.4123290458598726e+16    5.6452859451534346e-02    
1.4136374013648772e+16    3.4166909842061152e-02    
1.4149457568698818e+16    3.6595126426649915e-02    
1.4162541123748862e+16    4.4576184502305098e-02    
1.4175624678798908e+16    6.7746552139426999e-02    
1.4188708233848954e+16    4.0012025507010412e-02    
1.4201791788899000e+16    4.0107137771505701e-02    
1.4214875343949044e+16    3.7557250684937905e-02    
1.4227958898999090e+16    4.6742325117597384e-02    
1.4241042454049136e+16    3.6090437290660589e-02    
1.4254126009099182e+16    4.8415548237149580e-02    
1.4267209564149226e+16    6.6683260001938638e-02    
1.4280293119199272e+16    3.4120331990052447e-02    
1.4293376674249318e+16    2.6609405857525959e-02    
1.4306460229299364e+16    2.6312308899847904e-02    
1.4319543784349408e+16    5.5038227987425394e-02    
1.4332627339399454e+16    3.1176319295764063e-02    
1.4345710894449500e+16    3.3832703910170035e-02    
1.4358794449499546e+16    3.7033181095722574e-02    
1.4371878004549590e+16    3.5986941735363605e-02    
1.4384961559599636e+16    3.1459029295435752e-02    
1.4398045114649682e+16    2.3947281188165769e-02    
1.4411128669699728e+16    2.8774076968969088e-02    
1.4424212224749772e+16    1.4239534210288157e-02    
1.4437295779799818e+16    2.1200847986871881e-02    
1.4450379334849864e+16    2.5183409569576841e-02    
1.4463462889899910e+16    1.6135235924713786e-02    
1.4476546444949954e+16    1.7748322628708676e-02    
1.4489630000000000e+16    1.8790434537361424e-02    
