#legend:                       ArgonShock      
#logy:                         logy            
#plabel:                       z               
#pscale:                       1.31262         
#pscale_str:                   $L_{NL}$        
#punit_str:                    m               
#pval:                         1.32842         
#title_str:                    z =             
#xcordID:                      ST              
#xlabel:                       $\omega$        
#xunit_str:                    $s^{-1}$        
#ycordID:                      AU              
#ylabel:                       I               
#yscale_str:                   arb.            
#yunit_str:                    arb.            
1.1080300000000000e+14    1.5289756505631355e+15    
1.2388655505004550e+14    2.5048373900691870e+15    
1.3697011010009100e+14    4.4931641183853395e+15    
1.5005366515013650e+14    8.9863184985206320e+15    
1.6313722020018200e+14    1.9380114630606780e+16    
1.7622077525022750e+14    4.2789781172285120e+16    
1.8930433030027297e+14    9.3084374996395632e+16    
2.0238788535031847e+14    1.9560862049100179e+17    
2.1547144040036397e+14    3.9403372888679398e+17    
2.2855499545040947e+14    7.5965434328053555e+17    
2.4163855050045497e+14    1.4033668003815885e+18    
2.5472210555050047e+14    2.4910215413022326e+18    
2.6780566060054594e+14    4.2649063426749496e+18    
2.8088921565059144e+14    7.0793036377831803e+18    
2.9397277070063694e+14    1.1467221834562998e+19    
3.0705632575068244e+14    1.8265917205524650e+19    
3.2013988080072794e+14    2.8830661658119217e+19    
3.3322343585077344e+14    4.5340133671373922e+19    
3.4630699090081894e+14    7.1121500203843576e+19    
3.5939054595086444e+14    1.1079706422287041e+20    
3.7247410100090994e+14    1.6992606932700837e+20    
3.8555765605095538e+14    2.5379777541650258e+20    
3.9864121110100094e+14    3.6526019176599480e+20    
4.1172476615104644e+14    5.0198794594333557e+20    
4.2480832120109188e+14    6.5423241032080700e+20    
4.3789187625113738e+14    8.0445810640115309e+20    
4.5097543130118288e+14    9.2992253290562244e+20    
4.6405898635122838e+14    1.0080947615533414e+21    
4.7714254140127388e+14    1.0232900864551134e+21    
4.9022609645131938e+14    9.7190205152592331e+20    
5.0330965150136488e+14    8.6388614687944815e+20    
5.1639320655141038e+14    7.1971959421478450e+20    
5.2947676160145588e+14    5.6411134499287243e+20    
5.4256031665150138e+14    4.1910723331834518e+20    
5.5564387170154688e+14    2.9920614979106066e+20    
5.6872742675159238e+14    2.0983990128597995e+20    
5.8181098180163788e+14    1.4892376566364137e+20    
5.9489453685168338e+14    1.1006091068808670e+20    
6.0797809190172888e+14    8.5790692352225346e+19    
6.2106164695177438e+14    6.9815819970356232e+19    
6.3414520200181988e+14    5.7923103009401397e+19    
6.4722875705186525e+14    4.7892162636885918e+19    
6.6031231210191075e+14    3.8901023283910795e+19    
6.7339586715195625e+14    3.0861884348414882e+19    
6.8647942220200188e+14    2.3924120398966632e+19    
6.9956297725204738e+14    1.8202402459589708e+19    
7.1264653230209288e+14    1.3684707666548167e+19    
7.2573008735213838e+14    1.0244084787800674e+19    
7.3881364240218375e+14    7.6895606694809375e+18    
7.5189719745222925e+14    5.8170293532235950e+18    
7.6498075250227475e+14    4.4437288868172349e+18    
7.7806430755232025e+14    3.4242971092355845e+18    
7.9114786260236575e+14    2.6529637030230287e+18    
8.0423141765241125e+14    2.0578812016463828e+18    
8.1731497270245675e+14    1.5925352495001892e+18    
8.3039852775250225e+14    1.2273658687088960e+18    
8.4348208280254775e+14    9.4309496340815091e+17    
8.5656563785259325e+14    7.2612246600546957e+17    
8.6964919290263875e+14    5.6573340492367021e+17    
8.8273274795268425e+14    4.5262492631595558e+17    
8.9581630300272975e+14    3.7826408727841498e+17    
9.0889985805277525e+14    3.3469768151065286e+17    
9.2198341310282075e+14    3.1456955722436960e+17    
9.3506696815286625e+14    3.1121324998945478e+17    
9.4815052320291175e+14    3.1876212391750675e+17    
9.6123407825295725e+14    3.3225752803100928e+17    
9.7431763330300275e+14    3.4774804327466938e+17    
9.8740118835304825e+14    3.6237162109000090e+17    
1.0004847434030938e+15    3.7440686213353920e+17    
1.0135682984531392e+15    3.8327560368921946e+17    
1.0266518535031848e+15    3.8947852449010195e+17    
1.0397354085532302e+15    3.9444836134575738e+17    
1.0528189636032758e+15    4.0031044912180704e+17    
1.0659025186533212e+15    4.0954702541751277e+17    
1.0789860737033668e+15    4.2457096258717376e+17    
1.0920696287534122e+15    4.4722848052532909e+17    
1.1051531838034578e+15    4.7827153110744384e+17    
1.1182367388535032e+15    5.1686969598020909e+17    
1.1313202939035488e+15    5.6026512770530253e+17    
1.1444038489535942e+15    6.0370265925999334e+17    
1.1574874040036398e+15    6.4077499970335181e+17    
1.1705709590536850e+15    6.6429131310387264e+17    
1.1836545141037305e+15    6.6769170090003814e+17    
1.1967380691537760e+15    6.4688876175315008e+17    
1.2098216242038215e+15    6.0224052938769408e+17    
1.2229051792538670e+15    5.4019174724451962e+17    
1.2359887343039125e+15    4.7402686225568058e+17    
1.2490722893539582e+15    4.2322334333926298e+17    
1.2621558444040038e+15    4.1111854737158906e+17    
1.2752393994540492e+15    4.6099615006731328e+17    
1.2883229545040948e+15    5.9118132657555328e+17    
1.3014065095541402e+15    8.1017059082971136e+17    
1.3144900646041858e+15    1.1130517904415671e+18    
1.3275736196542312e+15    1.4803639240240305e+18    
1.3406571747042768e+15    1.8800669849337667e+18    
1.3537407297543222e+15    2.2725279164892380e+18    
1.3668242848043675e+15    2.6175867233740918e+18    
1.3799078398544130e+15    2.8821133941358684e+18    
1.3929913949044585e+15    3.0462380272605901e+18    
1.4060749499545040e+15    3.1067401611761326e+18    
1.4191585050045495e+15    3.0768490515044844e+18    
1.4322420600545950e+15    2.9826954850758528e+18    
1.4453256151046405e+15    2.8575444208248791e+18    
1.4584091701546860e+15    2.7354339446310287e+18    
1.4714927252047315e+15    2.6458072616111155e+18    
1.4845762802547770e+15    2.6102012396561285e+18    
1.4976598353048225e+15    2.6412711836541850e+18    
1.5107433903548680e+15    2.7436891975385620e+18    
1.5238269454049135e+15    2.9160044490293791e+18    
1.5369105004549590e+15    3.1525158436204370e+18    
1.5499940555050045e+15    3.4445224930912297e+18    
1.5630776105550500e+15    3.7808021065492792e+18    
1.5761611656050955e+15    4.1475991851792927e+18    
1.5892447206551410e+15    4.5286190976937057e+18    
1.6023282757051865e+15    4.9054708796474173e+18    
1.6154118307552320e+15    5.2587498299625329e+18    
1.6284953858052775e+15    5.5696390672634972e+18    
1.6415789408553230e+15    5.8216773805890058e+18    
1.6546624959053685e+15    6.0022729849731533e+18    
1.6677460509554140e+15    6.1036413415518700e+18    
1.6808296060054595e+15    6.1230453420503327e+18    
1.6939131610555050e+15    6.0624248903159296e+18    
1.7069967161055505e+15    5.9276397329890806e+18    
1.7200802711555960e+15    5.7275786167851581e+18    
1.7331638262056415e+15    5.4733211963499674e+18    
1.7462473812556870e+15    5.1774235912141865e+18    
1.7593309363057325e+15    4.8532899652489165e+18    
1.7724144913557780e+15    4.5145347858729672e+18    
1.7854980464058235e+15    4.1742484618320748e+18    
1.7985816014558690e+15    3.8441427835518710e+18    
1.8116651565059145e+15    3.5336406624403000e+18    
1.8247487115559600e+15    3.2490520812453125e+18    
1.8378322666060055e+15    2.9930163095607583e+18    
1.8509158216560510e+15    2.7643743694073861e+18    
1.8639993767060965e+15    2.5585689446950630e+18    
1.8770829317561420e+15    2.3685670075433385e+18    
1.8901664868061875e+15    2.1861891856203395e+18    
1.9032500418562330e+15    2.0036356965831657e+18    
1.9163335969062785e+15    1.8149444611604654e+18    
1.9294171519563240e+15    1.6171162684198198e+18    
1.9425007070063695e+15    1.4106965466161503e+18    
1.9555842620564150e+15    1.1997033002222211e+18    
1.9686678171064605e+15    9.9091584380686285e+17    
1.9817513721565060e+15    7.9266302589350272e+17    
1.9948349272065515e+15    6.1334629142631770e+17    
2.0079184822565970e+15    4.5998132605570400e+17    
2.0210020373066425e+15    3.3703183047498163e+17    
2.0340855923566880e+15    2.4574286678491136e+17    
2.0471691474067335e+15    1.8407447562988541e+17    
2.0602527024567790e+15    1.4721310767502336e+17    
2.0733362575068245e+15    1.2852616602193658e+17    
2.0864198125568700e+15    1.2074740412022938e+17    
2.0995033676069155e+15    1.1715268391028154e+17    
2.1125869226569610e+15    1.1250908027393707e+17    
2.1256704777070065e+15    1.0364591992407640e+17    
2.1387540327570520e+15    8.9585867709774704e+16    
2.1518375878070975e+15    7.1266054776497552e+16    
2.1649211428571430e+15    5.0954149741338576e+16    
2.1780046979071885e+15    3.1509287674842996e+16    
2.1910882529572340e+15    1.5648213348169832e+16    
2.2041718080072795e+15    5.3558243758815460e+15    
2.2172553630573248e+15    1.5348066465067708e+15    
2.2303389181073702e+15    3.9321131759913960e+15    
2.2434224731574158e+15    1.1321797118782334e+16    
2.2565060282074610e+15    2.1874270677817008e+16    
2.2695895832575070e+15    3.3609681075432232e+16    
2.2826731383075520e+15    4.4823468898227160e+16    
2.2957566933575980e+15    5.4387273176931184e+16    
2.3088402484076430e+15    6.1865208338170624e+16    
2.3219238034576890e+15    6.7435709342615336e+16    
2.3350073585077340e+15    7.1659960015269000e+16    
2.3480909135577800e+15    7.5175626391126352e+16    
2.3611744686078250e+15    7.8408830014976784e+16    
2.3742580236578710e+15    8.1384785303074400e+16    
2.3873415787079165e+15    8.3683621461794320e+16    
2.4004251337579620e+15    8.4544533802980400e+16    
2.4135086888080075e+15    8.3082381114452192e+16    
2.4265922438580530e+15    7.8556638675699040e+16    
2.4396757989080985e+15    7.0626928438353976e+16    
2.4527593539581440e+15    5.9539062280686224e+16    
2.4658429090081895e+15    4.6203701193010696e+16    
2.4789264640582350e+15    3.2149738253842456e+16    
2.4920100191082805e+15    1.9353004469406232e+16    
2.5050935741583260e+15    9.9580270785729400e+15    
2.5181771292083715e+15    5.9278109869226370e+15    
2.5312606842584170e+15    8.6737967387557340e+15    
2.5443442393084625e+15    1.8731836954109180e+16    
2.5574277943585080e+15    3.5554267086500104e+16    
2.5705113494085535e+15    5.7477288672265216e+16    
2.5835949044585990e+15    8.1894876853609680e+16    
2.5966784595086445e+15    1.0562882447879189e+17    
2.6097620145586900e+15    1.2543834182367272e+17    
2.6228455696087350e+15    1.3857389367430434e+17    
2.6359291246587805e+15    1.4326043370520752e+17    
2.6490126797088260e+15    1.3900267248801221e+17    
2.6620962347588715e+15    1.2664068767343515e+17    
2.6751797898089170e+15    1.0814134455387930e+17    
2.6882633448589625e+15    8.6175639806965152e+16    
2.7013468999090080e+15    6.3586089073913312e+16    
2.7144304549590535e+15    4.2874532350643088e+16    
2.7275140100090990e+15    2.5829364616379404e+16    
2.7405975650591445e+15    1.3364385043331616e+16    
2.7536811201091900e+15    5.5743067597390260e+15    
2.7667646751592355e+15    1.9479456116008658e+15    
2.7798482302092810e+15    1.6422328154342008e+15    
2.7929317852593265e+15    3.7212558591547670e+15    
2.8060153403093720e+15    7.3011242532828580e+15    
2.8190988953594175e+15    1.1595179000644362e+16    
2.8321824504094630e+15    1.5899819571197444e+16    
2.8452660054595085e+15    1.9579030948936548e+16    
2.8583495605095540e+15    2.2090120468006912e+16    
2.8714331155595995e+15    2.3055529706818376e+16    
2.8845166706096450e+15    2.2347646352131984e+16    
2.8976002256596905e+15    2.0136032393894792e+16    
2.9106837807097360e+15    1.6858393466495786e+16    
2.9237673357597815e+15    1.3110977829839252e+16    
2.9368508908098270e+15    9.4923149492669500e+15    
2.9499344458598725e+15    6.4563595670824200e+15    
2.9630180009099180e+15    4.2264585295722015e+15    
2.9761015559599635e+15    2.7936340413752855e+15    
2.9891851110100090e+15    1.9865070740570832e+15    
3.0022686660600545e+15    1.5736342301605800e+15    
3.0153522211101000e+15    1.3533945337700468e+15    
3.0284357761601455e+15    1.2014694706723620e+15    
3.0415193312101910e+15    1.0710056127287748e+15    
3.0546028862602365e+15    9.6201125276851475e+14    
3.0676864413102820e+15    8.8496295309780475e+14    
3.0807699963603275e+15    8.3797958408203650e+14    
3.0938535514103730e+15    8.0363896914966100e+14    
3.1069371064604185e+15    7.5940063662137425e+14    
3.1200206615104640e+15    6.9058845438228050e+14    
3.1331042165605095e+15    5.9739779651876325e+14    
3.1461877716105550e+15    4.9352271923540494e+14    
3.1592713266606005e+15    3.9905200016242138e+14    
3.1723548817106460e+15    3.3190474655211350e+14    
3.1854384367606915e+15    3.0100854974543056e+14    
3.1985219918107370e+15    3.0285738250618156e+14    
3.2116055468607825e+15    3.2235675027850650e+14    
3.2246891019108280e+15    3.3847124969677925e+14    
3.2377726569608735e+15    3.3381962495460750e+14    
3.2508562120109190e+15    3.0476779511919481e+14    
3.2639397670609645e+15    2.6644183857314941e+14    
3.2770233221110100e+15    2.4790877724256119e+14    
3.2901068771610555e+15    2.7750506930111762e+14    
3.3031904322111010e+15    3.6483013170237181e+14    
3.3162739872611465e+15    4.8995147395525306e+14    
3.3293575423111920e+15    6.0826592613513625e+14    
3.3424410973612375e+15    6.7122899268122225e+14    
3.3555246524112830e+15    6.5312473144163525e+14    
3.3686082074613285e+15    5.6852975828797838e+14    
3.3816917625113740e+15    4.6846225710082769e+14    
3.3947753175614195e+15    4.1461574812329181e+14    
3.4078588726114650e+15    4.4449786541221762e+14    
3.4209424276615105e+15    5.4755024710481400e+14    
3.4340259827115560e+15    6.6798579343230750e+14    
3.4471095377616015e+15    7.3527943417651988e+14    
3.4601930928116470e+15    7.0598881742606762e+14    
3.4732766478616925e+15    5.9168788122998500e+14    
3.4863602029117380e+15    4.5425233515310425e+14    
3.4994437579617835e+15    3.6927228481624012e+14    
3.5125273130118290e+15    3.7939410640830738e+14    
3.5256108680618745e+15    4.6760886091788600e+14    
3.5386944231119200e+15    5.6879502507721188e+14    
3.5517779781619655e+15    6.1260015083851662e+14    
3.5648615332120110e+15    5.6901043687931912e+14    
3.5779450882620565e+15    4.6568777528418419e+14    
3.5910286433121020e+15    3.6593487786479381e+14    
3.6041121983621475e+15    3.2403944800253881e+14    
3.6171957534121930e+15    3.5012641112404050e+14    
3.6302793084622385e+15    4.0815832092599050e+14    
3.6433628635122840e+15    4.4545018881248956e+14    
3.6564464185623295e+15    4.2983937532503006e+14    
3.6695299736123750e+15    3.6791619540017962e+14    
3.6826135286624205e+15    2.9460468736317100e+14    
3.6956970837124660e+15    2.4589236073818422e+14    
3.7087806387625115e+15    2.3605458919925816e+14    
3.7218641938125570e+15    2.5343881099849656e+14    
3.7349477488626025e+15    2.7345005749818909e+14    
3.7480313039126480e+15    2.7656148178901256e+14    
3.7611148589626935e+15    2.5909951557997456e+14    
3.7741984140127390e+15    2.3209762709661250e+14    
3.7872819690627845e+15    2.1162354115172738e+14    
3.8003655241128300e+15    2.0794173677302428e+14    
3.8134490791628755e+15    2.2003469453642500e+14    
3.8265326342129210e+15    2.3797313015488941e+14    
3.8396161892629665e+15    2.5064478349802550e+14    
3.8526997443130120e+15    2.5307936299187606e+14    
3.8657832993630575e+15    2.4830019428186188e+14    
3.8788668544131030e+15    2.4309153717084906e+14    
3.8919504094631485e+15    2.4184088208789012e+14    
3.9050339645131940e+15    2.4361610109794838e+14    
3.9181175195632395e+15    2.4415819460136644e+14    
3.9312010746132850e+15    2.4003869852406616e+14    
3.9442846296633305e+15    2.3100161166262141e+14    
3.9573681847133760e+15    2.1907384316402772e+14    
3.9704517397634215e+15    2.0624484559351734e+14    
3.9835352948134670e+15    1.9322740566508100e+14    
3.9966188498635125e+15    1.7999116958917322e+14    
4.0097024049135580e+15    1.6684678648803397e+14    
4.0227859599636035e+15    1.5471658235995997e+14    
4.0358695150136490e+15    1.4445673315091297e+14    
4.0489530700636945e+15    1.3609713829928039e+14    
4.0620366251137400e+15    1.2877754510247744e+14    
4.0751201801637855e+15    1.2141487288439908e+14    
4.0882037352138310e+15    1.1356795247257027e+14    
4.1012872902638765e+15    1.0590530872293734e+14    
4.1143708453139220e+15    9.9948096377287734e+13    
4.1274544003639675e+15    9.7122797998994375e+13    
4.1405379554140130e+15    9.7551340221553203e+13    
4.1536215104640585e+15    9.9344250808829734e+13    
4.1667050655141040e+15    9.9148179906142234e+13    
4.1797886205641495e+15    9.4026007846039734e+13    
4.1928721756141950e+15    8.3618605290141344e+13    
4.2059557306642405e+15    7.0867714036480859e+13    
4.2190392857142860e+15    6.0311697330467023e+13    
4.2321228407643315e+15    5.4904790532644328e+13    
4.2452063958143770e+15    5.3840884764107203e+13    
4.2582899508644225e+15    5.3320606615281367e+13    
4.2713735059144680e+15    4.9733819187588852e+13    
4.2844570609645135e+15    4.2515291742100859e+13    
4.2975406160145590e+15    3.4167505950145637e+13    
4.3106241710646040e+15    2.7568670217653551e+13    
4.3237077261146495e+15    2.3250839659380805e+13    
4.3367912811646950e+15    1.9312763868420301e+13    
4.3498748362147405e+15    1.3936609255291881e+13    
4.3629583912647860e+15    7.7423745406924766e+12    
4.3760419463148315e+15    3.3411023422422070e+12    
4.3891255013648770e+15    2.5108320348171602e+12    
4.4022090564149225e+15    4.1604490615061470e+12    
4.4152926114649680e+15    5.4174777362765752e+12    
4.4283761665150135e+15    4.5571571117856377e+12    
4.4414597215650590e+15    2.4298429039970205e+12    
4.4545432766151045e+15    1.0908433152712754e+12    
4.4676268316651500e+15    1.6824210596914165e+12    
4.4807103867151955e+15    3.8692902807641577e+12    
4.4937939417652410e+15    6.5662461914069717e+12    
4.5068774968152860e+15    8.5129360001863320e+12    
4.5199610518653320e+15    8.6966729071623779e+12    
4.5330446069153780e+15    7.2837912087829316e+12    
4.5461281619654230e+15    6.0377281424600752e+12    
4.5592117170154680e+15    6.7360099318361143e+12    
4.5722952720655140e+15    8.9403370892769414e+12    
4.5853788271155600e+15    1.0303882738424779e+13    
4.5984623821656050e+15    9.4861965257175410e+12    
4.6115459372156500e+15    7.7952609171035117e+12    
4.6246294922656960e+15    7.2541450193279355e+12    
4.6377130473157420e+15    7.8998976508085781e+12    
4.6507966023657870e+15    8.0731544074681787e+12    
4.6638801574158330e+15    6.9663674974616572e+12    
4.6769637124658780e+15    5.6639565001712852e+12    
4.6900472675159240e+15    5.4764639074934512e+12    
4.7031308225659690e+15    6.2004729963871807e+12    
4.7162143776160150e+15    6.5951727810451943e+12    
4.7292979326660600e+15    6.0680797815461211e+12    
4.7423814877161060e+15    5.2262338826768379e+12    
4.7554650427661510e+15    4.8749939548788281e+12    
4.7685485978161970e+15    5.0481875029572324e+12    
4.7816321528662420e+15    5.2148535827935176e+12    
4.7947157079162880e+15    5.0841758285586006e+12    
4.8077992629663330e+15    4.8631235915284795e+12    
4.8208828180163790e+15    4.8075336075099141e+12    
4.8339663730664240e+15    4.8468832240697236e+12    
4.8470499281164700e+15    4.7755862588386748e+12    
4.8601334831665150e+15    4.6001238326928389e+12    
4.8732170382165610e+15    4.4770984120148721e+12    
4.8863005932666060e+15    4.4196635224922578e+12    
4.8993841483166520e+15    4.3041795727165298e+12    
4.9124677033666970e+15    4.1028310423593940e+12    
4.9255512584167430e+15    3.8872701418229053e+12    
4.9386348134667880e+15    3.6804357041376528e+12    
4.9517183685168340e+15    3.4956163548881460e+12    
4.9648019235668790e+15    3.3749205735506416e+12    
4.9778854786169250e+15    3.2365286917374204e+12    
4.9909690336669700e+15    2.9460940601590825e+12    
5.0040525887170160e+15    2.6513123657934043e+12    
5.0171361437670610e+15    2.6287041708488022e+12    
5.0302196988171070e+15    2.7139835169783208e+12    
5.0433032538671520e+15    2.4781375619939268e+12    
5.0563868089171980e+15    2.0547701769403948e+12    
5.0694703639672430e+15    2.0216051788731436e+12    
5.0825539190172890e+15    2.3300223360889126e+12    
5.0956374740673340e+15    2.2741204680497021e+12    
5.1087210291173800e+15    1.7510880110955378e+12    
5.1218045841674250e+15    1.5403512487834080e+12    
5.1348881392174700e+15    1.9511037926155005e+12    
5.1479716942675160e+15    2.2016203752648706e+12    
5.1610552493175610e+15    1.7228567928074858e+12    
5.1741388043676070e+15    1.1796505751701807e+12    
5.1872223594176520e+15    1.3735765746837227e+12    
5.2003059144676980e+15    1.8518574006322151e+12    
5.2133894695177430e+15    1.7231511924207678e+12    
5.2264730245677890e+15    1.2969613581405881e+12    
5.2395565796178340e+15    1.4376032554801326e+12    
5.2526401346678800e+15    1.7852922957820830e+12    
5.2657236897179250e+15    1.4535082416810566e+12    
5.2788072447679710e+15    8.7807873928491003e+11    
5.2918907998180160e+15    9.2816886566736243e+11    
5.3049743548680620e+15    1.1702716963895000e+12    
5.3180579099181070e+15    9.9316738976020398e+11    
5.3311414649681530e+15    8.9186341853953003e+11    
5.3442250200181980e+15    1.0760503780347307e+12    
5.3573085750682440e+15    9.3074336086738550e+11    
5.3703921301182890e+15    6.0273894321505786e+11    
5.3834756851683350e+15    6.9548237511198950e+11    
5.3965592402183800e+15    7.7844707294246729e+11    
5.4096427952684260e+15    4.4827608620905426e+11    
5.4227263503184710e+15    3.1200718900245551e+11    
5.4358099053685170e+15    4.7383591301704053e+11    
5.4488934604185620e+15    3.5022631004535535e+11    
5.4619770154686080e+15    1.2190461270322997e+11    
5.4750605705186530e+15    1.7269972934281528e+11    
5.4881441255686990e+15    1.9748026200294388e+11    
5.5012276806187440e+15    7.3461223417024551e+10    
5.5143112356687900e+15    3.8841766962567406e+10    
5.5273947907188350e+15    4.7589396010448502e+10    
5.5404783457688810e+15    1.5859411523450212e+10    
5.5535619008189260e+15    1.2138349576927361e+10    
5.5666454558689720e+15    1.5609629662501717e+10    
5.5797290109190170e+15    6.1326832579048777e+09    
5.5928125659690630e+15    1.4416965258304098e+10    
5.6058961210191080e+15    2.4247103116610973e+10    
5.6189796760691540e+15    2.1749701224543705e+10    
5.6320632311191990e+15    2.6304309158315422e+10    
5.6451467861692450e+15    4.6891708359727699e+10    
5.6582303412192900e+15    5.2377532590276756e+10    
5.6713138962693360e+15    4.3064710534399330e+10    
5.6843974513193810e+15    6.9613655688443024e+10    
5.6974810063694270e+15    9.0763131708722946e+10    
5.7105645614194720e+15    6.8929807634415619e+10    
5.7236481164695180e+15    8.8933792584176468e+10    
5.7367316715195630e+15    1.2514279442532188e+11    
5.7498152265696090e+15    9.9630952044526077e+10    
5.7628987816196540e+15    1.0463495141238055e+11    
5.7759823366697000e+15    1.4543519860862253e+11    
5.7890658917197450e+15    1.1985513069760295e+11    
5.8021494467697910e+15    1.0783613731040887e+11    
5.8152330018198360e+15    1.4575441212356897e+11    
5.8283165568698820e+15    1.2411586687656273e+11    
5.8414001119199270e+15    9.6214181634337540e+10    
5.8544836669699730e+15    1.2460493899581673e+11    
5.8675672220200180e+15    1.1824386324557236e+11    
5.8806507770700640e+15    8.0097999906972748e+10    
5.8937343321201090e+15    7.4714042325764359e+10    
5.9068178871701550e+15    9.1978501423173935e+10    
5.9199014422202000e+15    9.3895990747250961e+10    
5.9329849972702460e+15    6.7009810596711662e+10    
5.9460685523202910e+15    6.8511229335041603e+10    
5.9591521073703370e+15    8.0024855648412262e+10    
5.9722356624203820e+15    4.6413510451799423e+10    
5.9853192174704280e+15    5.4828285999870667e+10    
5.9984027725204730e+15    9.2083505225693817e+10    
6.0114863275705190e+15    6.0831191226609840e+10    
6.0245698826205640e+15    3.0161332575464161e+10    
6.0376534376706100e+15    4.5849539941933571e+10    
6.0507369927206550e+15    3.7231340171558830e+10    
6.0638205477707010e+15    2.8726106068870819e+10    
6.0769041028207460e+15    4.1550193789864899e+10    
6.0899876578707920e+15    2.6070725781125473e+10    
6.1030712129208370e+15    2.9530005201051559e+10    
6.1161547679708830e+15    2.9552430316693542e+10    
6.1292383230209280e+15    2.6142568436910259e+10    
6.1423218780709740e+15    3.5824883852424133e+10    
6.1554054331210190e+15    2.2445784275084721e+10    
6.1684889881710650e+15    3.5880685325821419e+10    
6.1815725432211100e+15    2.9306555310084335e+10    
6.1946560982711560e+15    3.4611662623533752e+10    
6.2077396533212010e+15    3.4816185161591446e+10    
6.2208232083712470e+15    2.9640660979553104e+10    
6.2339067634212920e+15    4.1235780992413994e+10    
6.2469903184713380e+15    2.6723546997687687e+10    
6.2600738735213830e+15    4.1216498086538170e+10    
6.2731574285714290e+15    2.9815361908361374e+10    
6.2862409836214740e+15    3.1991948866865330e+10    
6.2993245386715200e+15    3.4785230510385963e+10    
6.3124080937215650e+15    2.5938824282628227e+10    
6.3254916487716110e+15    3.1272138278020954e+10    
6.3385752038216560e+15    2.6707527584761925e+10    
6.3516587588717020e+15    2.4672596395919247e+10    
6.3647423139217470e+15    2.5838465626218739e+10    
6.3778258689717930e+15    2.1109282356748848e+10    
6.3909094240218380e+15    2.1514515909970264e+10    
6.4039929790718840e+15    1.8100003377303246e+10    
6.4170765341219290e+15    1.6099513217079903e+10    
6.4301600891719750e+15    1.4092277660323112e+10    
6.4432436442220200e+15    1.7845637161496910e+10    
6.4563271992720660e+15    6.8313900055465460e+09    
6.4694107543221110e+15    8.1022660906210155e+09    
6.4824943093721570e+15    1.1210982613859808e+10    
6.4955778644222020e+15    5.3084861391783361e+09    
6.5086614194722480e+15    3.4231756082302880e+09    
6.5217449745222930e+15    2.1162445082512748e+09    
6.5348285295723390e+15    5.4829934980023479e+09    
6.5479120846223840e+15    2.5020174941073971e+09    
6.5609956396724300e+15    1.1015394778383076e+09    
6.5740791947224750e+15    2.8510559160387468e+09    
6.5871627497725210e+15    8.6829987187587607e+08    
6.6002463048225660e+15    6.3019264371709812e+08    
6.6133298598726120e+15    3.1404242273225057e+08    
6.6264134149226570e+15    2.7308647566481304e+08    
6.6394969699727030e+15    2.4836074122417250e+08    
6.6525805250227480e+15    2.3309542724908063e+08    
6.6656640800727940e+15    1.9805334195922801e+08    
6.6787476351228390e+15    4.2618444873698580e+08    
6.6918311901728850e+15    3.5193344081813437e+08    
6.7049147452229300e+15    5.7326518972316968e+08    
6.7179983002729760e+15    5.4531975513808274e+08    
6.7310818553230210e+15    7.6965065035521817e+08    
6.7441654103730670e+15    7.4787073035670543e+08    
6.7572489654231120e+15    1.0786167413380399e+09    
6.7703325204731580e+15    9.6754150437953103e+08    
6.7834160755232030e+15    1.3722504255847237e+09    
6.7964996305732490e+15    1.1991151654697487e+09    
6.8095831856232940e+15    1.5487824785565906e+09    
6.8226667406733390e+15    1.2897455456921391e+09    
6.8357502957233850e+15    1.6280092157820766e+09    
6.8488338507734300e+15    1.1706164668894897e+09    
6.8619174058234760e+15    1.5678527217250843e+09    
6.8750009608735210e+15    1.0540633227281610e+09    
6.8880845159235670e+15    1.4554657436899245e+09    
6.9011680709736120e+15    1.3360953045924132e+09    
6.9142516260236580e+15    1.0581519399675932e+09    
6.9273351810737030e+15    9.5220895555216467e+08    
6.9404187361237490e+15    1.2370394740718935e+09    
6.9535022911737940e+15    1.1141691704852808e+09    
6.9665858462238400e+15    8.4211266625827336e+08    
6.9796694012738850e+15    9.7200955480565095e+08    
6.9927529563239310e+15    1.3886899150011227e+09    
7.0058365113739760e+15    8.5316157895404601e+08    
7.0189200664240220e+15    9.2845062089721727e+08    
7.0320036214740670e+15    7.7615356114318252e+08    
7.0450871765241130e+15    9.2145040085761666e+08    
7.0581707315741580e+15    9.3232382902349341e+08    
7.0712542866242040e+15    8.2669232843607306e+08    
7.0843378416742490e+15    8.8098593004880869e+08    
7.0974213967242950e+15    7.9644923944070017e+08    
7.1105049517743400e+15    1.0102137343414397e+09    
7.1235885068243860e+15    6.0888766199784696e+08    
7.1366720618744310e+15    9.8707138804623306e+08    
7.1497556169244770e+15    5.2190755659992230e+08    
7.1628391719745220e+15    7.5469576855957878e+08    
7.1759227270245680e+15    6.6537839595011616e+08    
7.1890062820746130e+15    3.7992477403466207e+08    
7.2020898371246590e+15    8.7692906468924642e+08    
7.2151733921747040e+15    2.2845628382300836e+08    
7.2282569472247500e+15    8.0298758759589887e+08    
7.2413405022747950e+15    3.9791138004525399e+08    
7.2544240573248410e+15    5.8439246504941833e+08    
7.2675076123748860e+15    6.1068988362182307e+08    
7.2805911674249320e+15    5.8531963728254414e+08    
7.2936747224749770e+15    5.1204776465827960e+08    
7.3067582775250230e+15    7.8095179754516256e+08    
7.3198418325750680e+15    4.3270521627475506e+08    
7.3329253876251140e+15    3.7952711208841681e+08    
7.3460089426751590e+15    4.1099577645116681e+08    
7.3590924977252050e+15    4.8053197797985989e+08    
7.3721760527752500e+15    3.9208229552225482e+08    
7.3852596078252960e+15    5.4968244507018912e+08    
7.3983431628753410e+15    3.4894671821642762e+08    
7.4114267179253870e+15    5.3569318301520628e+08    
7.4245102729754320e+15    2.4630714074861541e+08    
7.4375938280254780e+15    4.3178638234673333e+08    
7.4506773830755230e+15    2.1588233842710927e+08    
7.4637609381255690e+15    2.5707728204011625e+08    
7.4768444931756140e+15    2.1991048488255900e+08    
7.4899280482256600e+15    1.5889289487477374e+08    
7.5030116032757050e+15    2.0714611498506257e+08    
7.5160951583257510e+15    1.2869668010173626e+08    
7.5291787133757960e+15    1.7555026932885391e+08    
7.5422622684258420e+15    1.4721799891264513e+08    
7.5553458234758870e+15    9.2506889725126639e+07    
7.5684293785259330e+15    1.8010805411391723e+08    
7.5815129335759780e+15    6.6332554275804400e+07    
7.5945964886260240e+15    8.7786226520601764e+07    
7.6076800436760690e+15    1.2491499686560911e+08    
7.6207635987261150e+15    1.5621962602225546e+07    
7.6338471537761600e+15    1.3997094656942201e+08    
7.6469307088262060e+15    1.3877305945600459e+07    
7.6600142638762510e+15    1.1280057278561345e+08    
7.6730978189262970e+15    8.5582012244777814e+07    
7.6861813739763420e+15    2.2974834090033937e+07    
7.6992649290263880e+15    4.1067835555527218e+07    
7.7123484840764330e+15    1.5905172801566472e+07    
7.7254320391264790e+15    2.8983295320640605e+07    
7.7385155941765240e+15    1.0431302989753492e+07    
7.7515991492265700e+15    1.9518165015173547e+07    
7.7646827042766150e+15    9.2812001270966455e+06    
7.7777662593266610e+15    1.8874448878340174e+07    
7.7908498143767060e+15    4.2771952307053395e+06    
7.8039333694267520e+15    7.4838403169814097e+06    
7.8170169244767970e+15    1.1694303903758619e+07    
7.8301004795268430e+15    1.1617604001298924e+06    
7.8431840345768880e+15    5.2513583479286572e+06    
7.8562675896269340e+15    1.2144319684798339e+07    
7.8693511446769790e+15    3.4042617873892360e+06    
7.8824346997270250e+15    4.0847174820021004e+06    
7.8955182547770700e+15    2.1124487144769266e+07    
7.9086018098271160e+15    1.5844232988904757e+07    
7.9216853648771610e+15    3.0795582945609149e+06    
7.9347689199272070e+15    7.4938785351677593e+06    
7.9478524749772520e+15    2.5467171694064356e+07    
7.9609360300272980e+15    1.3255346256564524e+07    
7.9740195850773430e+15    8.8475718399965968e+06    
7.9871031401273890e+15    3.8433031268954333e+06    
8.0001866951774340e+15    1.2214246528263047e+07    
8.0132702502274800e+15    2.0143040429833006e+07    
8.0263538052775250e+15    7.0292635501987319e+06    
8.0394373603275710e+15    7.8530505163646191e+06    
8.0525209153776160e+15    1.9743243367393091e+07    
8.0656044704276620e+15    2.0136540334300686e+07    
8.0786880254777070e+15    5.7757421406600559e+06    
8.0917715805277530e+15    1.1575612796984091e+07    
8.1048551355777980e+15    2.0576913729581647e+07    
8.1179386906278440e+15    1.3261150468280237e+07    
8.1310222456778890e+15    1.1975529554394666e+07    
8.1441058007279350e+15    2.4340629290844619e+07    
8.1571893557779800e+15    1.9574507690493226e+07    
8.1702729108280260e+15    1.4305712607830536e+07    
8.1833564658780710e+15    1.4177850437548073e+07    
8.1964400209281170e+15    1.2593417802189719e+07    
8.2095235759781620e+15    1.0631121176703986e+07    
8.2226071310282080e+15    2.4496283008667119e+07    
8.2356906860782530e+15    9.0393780577742960e+06    
8.2487742411282990e+15    1.5437334644701630e+07    
8.2618577961783440e+15    2.0245056283650953e+07    
8.2749413512283900e+15    2.3312418176782760e+06    
8.2880249062784350e+15    2.1906635202341907e+07    
8.3011084613284810e+15    1.6151696806141540e+07    
8.3141920163785260e+15    9.5885018471830189e+06    
8.3272755714285720e+15    8.1814365188206434e+06    
8.3403591264786170e+15    7.7633120919933254e+06    
8.3534426815286630e+15    1.4484871817539820e+07    
8.3665262365787080e+15    1.4121999514054554e+07    
8.3796097916287540e+15    8.4149411009620484e+06    
8.3926933466787990e+15    7.9602761796717281e+06    
8.4057769017288450e+15    8.4238766655700840e+06    
8.4188604567788900e+15    6.1823831393531114e+06    
8.4319440118289360e+15    5.4062337344162352e+06    
8.4450275668789810e+15    5.1482860789690223e+06    
8.4581111219290270e+15    5.5732832313822908e+06    
8.4711946769790720e+15    6.5965946682175342e+06    
8.4842782320291180e+15    2.1370900091130664e+06    
8.4973617870791630e+15    1.2455248479493752e+07    
8.5104453421292080e+15    3.8454161399618722e+06    
8.5235288971792540e+15    2.8227649242865387e+06    
8.5366124522292990e+15    5.6703887126547024e+06    
8.5496960072793450e+15    6.1097334844942950e+06    
8.5627795623293900e+15    7.9167637325310986e+06    
8.5758631173794360e+15    4.0454996083159288e+06    
8.5889466724294810e+15    2.8518527536546732e+06    
8.6020302274795270e+15    1.9553141836218224e+06    
8.6151137825295720e+15    1.8782428974994323e+06    
8.6281973375796180e+15    2.5807336626153369e+06    
8.6412808926296630e+15    2.3441374336229819e+06    
8.6543644476797090e+15    1.9163403938071216e+06    
8.6674480027297540e+15    1.7188734463087516e+06    
8.6805315577798000e+15    1.5854941947461434e+06    
8.6936151128298450e+15    1.4301706528338704e+06    
8.7066986678798910e+15    1.4053167635801274e+06    
8.7197822229299360e+15    7.6169676145339455e+05    
8.7328657779799820e+15    2.4614292640895974e+06    
8.7459493330300270e+15    3.1002811976647098e+06    
8.7590328880800730e+15    3.5480914914453708e+04    
8.7721164431301180e+15    3.8422229783431225e+05    
8.7851999981801640e+15    1.4976470702131643e+05    
8.7982835532302090e+15    1.1143863764030102e+05    
8.8113671082802550e+15    3.1317242622013867e+05    
8.8244506633303000e+15    3.4885762262627186e+05    
8.8375342183803460e+15    8.2038560469430013e+04    
8.8506177734303910e+15    1.3776296629638012e+05    
8.8637013284804370e+15    7.6326672081982630e+04    
8.8767848835304820e+15    3.8784741098067374e+04    
8.8898684385805280e+15    2.6719471244481003e+04    
8.9029519936305730e+15    2.2704733654962856e+04    
8.9160355486806190e+15    3.6762668476068073e+04    
8.9291191037306640e+15    8.9995151757156651e+04    
8.9422026587807100e+15    1.6055916931744912e+05    
8.9552862138307550e+15    4.3946910738436040e+05    
8.9683697688808010e+15    2.8032907805761060e+05    
8.9814533239308460e+15    1.1094511540939955e+04    
8.9945368789808920e+15    3.3664532227632654e+05    
9.0076204340309360e+15    2.8857748564336158e+05    
9.0207039890809840e+15    2.1304870049912148e+04    
9.0337875441310280e+15    1.9101165627682996e+04    
9.0468710991810740e+15    2.6273825253921535e+04    
9.0599546542311200e+15    8.4391488308025801e+04    
9.0730382092811640e+15    1.2101277017514023e+05    
9.0861217643312100e+15    1.9889380338100495e+05    
9.0992053193812560e+15    2.0429340022268399e+05    
9.1122888744313000e+15    1.9134485825793579e+05    
9.1253724294813460e+15    1.7329672456592548e+05    
9.1384559845313920e+15    1.4357495151228335e+05    
9.1515395395814380e+15    1.0537205212804834e+05    
9.1646230946314840e+15    5.5945221755730208e+03    
9.1777066496815280e+15    3.1750654132753506e+05    
9.1907902047315740e+15    8.6853123082896404e+05    
9.2038737597816200e+15    5.3505305761633988e+05    
9.2169573148316660e+15    4.9673740084771962e+04    
9.2300408698817100e+15    9.5724065993236640e+04    
9.2431244249317560e+15    1.6197633318351588e+05    
9.2562079799818020e+15    1.0927384661583406e+05    
9.2692915350318480e+15    1.1021048168387965e+05    
9.2823750900818920e+15    1.7065531155756334e+05    
9.2954586451319380e+15    2.2002985330966589e+05    
9.3085422001819840e+15    2.2692330670538705e+05    
9.3216257552320300e+15    2.2605734665315755e+05    
9.3347093102820740e+15    2.2562283600766244e+05    
9.3477928653321200e+15    2.1879186155996178e+05    
9.3608764203821660e+15    2.2969965645937770e+05    
9.3739599754322120e+15    1.2427268390703897e+04    
9.3870435304822560e+15    2.2862881854063692e+05    
9.4001270855323020e+15    5.3291389672500233e+05    
9.4132106405823480e+15    5.0481376498810668e+05    
9.4262941956323940e+15    3.0531743745611771e+05    
9.4393777506824380e+15    2.0845924595190812e+05    
9.4524613057324840e+15    1.2041525299547562e+05    
9.4655448607825300e+15    3.0877708721172625e+04    
9.4786284158325760e+15    3.1773071314351229e+04    
9.4917119708826200e+15    9.1811906655292638e+04    
9.5047955259326660e+15    1.1844756409199808e+05    
9.5178790809827120e+15    1.0106953754253653e+05    
9.5309626360327580e+15    9.8038603352032762e+04    
9.5440461910828020e+15    1.4363244903681218e+05    
9.5571297461328480e+15    5.5772914022597040e+04    
9.5702133011828940e+15    3.4111392916006276e+04    
9.5832968562329400e+15    1.3319027107323753e+05    
9.5963804112829840e+15    4.8715682876643557e+04    
9.6094639663330300e+15    2.6104285644625201e+04    
9.6225475213830760e+15    4.7514920779687091e+04    
9.6356310764331220e+15    8.3311586593369881e+04    
9.6487146314831660e+15    1.0545113329814897e+05    
9.6617981865332120e+15    6.0247205670425021e+04    
9.6748817415832580e+15    3.1108738154914685e+04    
9.6879652966333040e+15    5.9192960179508904e+04    
9.7010488516833480e+15    5.3256396587174881e+04    
9.7141324067333940e+15    2.3683105059182097e+04    
9.7272159617834400e+15    1.6844430321569980e+04    
9.7402995168334860e+15    5.9414975394324960e+04    
9.7533830718835300e+15    8.7097269929830931e+04    
9.7664666269335760e+15    2.0903229482185921e+04    
9.7795501819836220e+15    2.1904992460211861e+03    
9.7926337370336680e+15    2.2859351960705910e+04    
9.8057172920837120e+15    3.7544680785966455e+04    
9.8188008471337580e+15    1.9254324867482446e+04    
9.8318844021838040e+15    1.1156689239185913e+04    
9.8449679572338500e+15    2.2841115163270511e+04    
9.8580515122838940e+15    1.0083557590633271e+04    
9.8711350673339400e+15    8.1044488333035897e+03    
9.8842186223839860e+15    2.4346589157693648e+04    
9.8973021774340320e+15    2.4067213830144929e+03    
9.9103857324840760e+15    6.9621595069108316e+03    
9.9234692875341220e+15    4.4830234471923040e+03    
9.9365528425841680e+15    1.1769987471963985e+04    
9.9496363976342140e+15    6.1306463343176592e+03    
9.9627199526842580e+15    6.8640466755998004e+03    
9.9758035077343040e+15    4.2614192920501482e+03    
9.9888870627843500e+15    2.2533118824063308e+03    
1.0001970617834396e+16    2.7901310529094471e+03    
1.0015054172884440e+16    2.3234608063670890e+02    
1.0028137727934486e+16    5.6268195361213138e+03    
1.0041221282984532e+16    1.3575871629663667e+04    
1.0054304838034578e+16    4.8838112979459574e+03    
1.0067388393084622e+16    1.2783405844180434e+04    
1.0080471948134668e+16    5.9738622598073489e+03    
1.0093555503184714e+16    5.0339071743228933e+03    
1.0106639058234760e+16    7.4576080268096621e+02    
1.0119722613284804e+16    6.8559782867525053e+02    
1.0132806168334850e+16    2.3090018234614136e+03    
1.0145889723384896e+16    6.4624703269234004e+01    
1.0158973278434940e+16    4.6504608208766940e+03    
1.0172056833484986e+16    2.9875015023483256e+03    
1.0185140388535032e+16    1.1921556117579953e+03    
1.0198223943585078e+16    1.0017323900397292e+04    
1.0211307498635122e+16    1.5770563046991915e+03    
1.0224391053685168e+16    4.1402090013540010e+03    
1.0237474608735214e+16    1.0113014718042774e+04    
1.0250558163785260e+16    3.9046419609057793e+03    
1.0263641718835304e+16    9.6724626527135783e+01    
1.0276725273885350e+16    4.3068789530812246e+03    
1.0289808828935396e+16    3.6678841665995367e+02    
1.0302892383985442e+16    6.6215174897415463e+03    
1.0315975939035486e+16    4.7417975978845543e+03    
1.0329059494085532e+16    1.6675975503307670e+03    
1.0342143049135578e+16    6.9895889417844837e+03    
1.0355226604185624e+16    1.6553712102031529e+03    
1.0368310159235668e+16    9.3649594082288854e+02    
1.0381393714285714e+16    2.5008927322462841e+03    
1.0394477269335760e+16    1.9843678034905492e+03    
1.0407560824385806e+16    7.1329907849947012e+03    
1.0420644379435850e+16    8.0826685325180460e+02    
1.0433727934485896e+16    6.8320031390307904e+03    
1.0446811489535942e+16    2.7627025067247978e+03    
1.0459895044585988e+16    3.0889626760788597e+03    
1.0472978599636032e+16    2.9353891847010395e+03    
1.0486062154686078e+16    1.3375489175259868e+03    
1.0499145709736124e+16    2.8334168500956175e+03    
1.0512229264786170e+16    1.1554347858631272e+04    
1.0525312819836214e+16    1.4079337159159299e+04    
1.0538396374886260e+16    2.5607214884237069e+03    
1.0551479929936306e+16    4.8044538532324896e+03    
1.0564563484986352e+16    8.4313077745726355e+02    
1.0577647040036396e+16    2.9865565586417497e+03    
1.0590730595086442e+16    8.4390201752303142e+02    
1.0603814150136488e+16    1.1261687439785248e+03    
1.0616897705186534e+16    1.5722532255396104e+03    
1.0629981260236578e+16    1.1063243997178777e+03    
1.0643064815286624e+16    2.2319252523227151e+03    
1.0656148370336670e+16    8.8306319709561121e+03    
1.0669231925386716e+16    2.8484562704764776e+03    
1.0682315480436760e+16    2.2075690353012469e+03    
1.0695399035486806e+16    2.9951813928738289e+02    
1.0708482590536852e+16    6.0765702590964611e+02    
1.0721566145586898e+16    8.8731096100360412e+02    
1.0734649700636942e+16    9.2771580038730906e+02    
1.0747733255686988e+16    4.2996207957056237e+02    
1.0760816810737034e+16    1.2744294725326588e+03    
1.0773900365787080e+16    1.6483419001424529e+03    
1.0786983920837124e+16    1.8475697119117774e+03    
1.0800067475887170e+16    7.4330521675115426e+02    
1.0813151030937216e+16    2.5076676777779389e+02    
1.0826234585987262e+16    1.7286099764808759e+02    
1.0839318141037306e+16    3.9951659219984862e+02    
1.0852401696087352e+16    6.9836676694409516e+02    
1.0865485251137398e+16    8.9767830191022063e+02    
1.0878568806187444e+16    3.3641399813329201e+01    
1.0891652361237488e+16    8.7172473446976187e+02    
1.0904735916287534e+16    7.8775162158927606e+02    
1.0917819471337580e+16    7.1766662986445442e+02    
1.0930903026387626e+16    6.2922189011902128e+02    
1.0943986581437670e+16    2.9486528097745725e+02    
1.0957070136487716e+16    3.8473504664962866e+02    
1.0970153691537762e+16    5.3544526026900951e+02    
1.0983237246587808e+16    1.0880475158700114e+02    
1.0996320801637852e+16    1.4120167700226617e+02    
1.1009404356687898e+16    3.5209354598082246e+02    
1.1022487911737944e+16    7.8339789033318510e+01    
1.1035571466787990e+16    9.2732706993570537e+02    
1.1048655021838034e+16    5.9590092719470772e+02    
1.1061738576888080e+16    2.2626190110147673e+00    
1.1074822131938126e+16    1.9293673158459974e+01    
1.1087905686988172e+16    2.5938456158873157e+02    
1.1100989242038216e+16    3.8025632923279449e+02    
1.1114072797088262e+16    7.9227551575175568e+01    
1.1127156352138308e+16    1.6584460412632748e+01    
1.1140239907188354e+16    1.0023387720732973e+02    
1.1153323462238398e+16    2.7644229031384037e+02    
1.1166407017288444e+16    5.8137508631038634e+02    
1.1179490572338490e+16    6.6066988452609579e+01    
1.1192574127388536e+16    1.1149374406514811e+02    
1.1205657682438580e+16    1.3413348656556298e+02    
1.1218741237488626e+16    7.3020650731079854e+01    
1.1231824792538672e+16    4.2687814551715604e+01    
1.1244908347588718e+16    7.3625173772060066e+01    
1.1257991902638762e+16    2.0571798604832014e+02    
1.1271075457688808e+16    8.1496984789191333e+02    
1.1284159012738854e+16    2.2274767103501108e+02    
1.1297242567788900e+16    9.1293606845507114e+01    
1.1310326122838944e+16    9.0591114282693219e+00    
1.1323409677888990e+16    1.1942750396812187e+01    
1.1336493232939036e+16    3.2851804659469536e+01    
1.1349576787989082e+16    3.7931160319240448e+01    
1.1362660343039126e+16    5.3359614581988708e+01    
1.1375743898089172e+16    5.2870554594267537e+02    
1.1388827453139218e+16    1.8248439848830301e+02    
1.1401911008189264e+16    1.1099381294681281e+02    
1.1414994563239308e+16    1.7594875321982826e+01    
1.1428078118289354e+16    5.1615435127305467e+01    
1.1441161673339400e+16    3.7948646197168699e+01    
1.1454245228389446e+16    4.9620809509757763e+01    
1.1467328783439490e+16    1.0665622915700858e+02    
1.1480412338489536e+16    3.8980753662185322e+02    
1.1493495893539582e+16    1.0509840906754472e+02    
1.1506579448589628e+16    1.3306633038442274e+02    
1.1519663003639672e+16    3.3275707397376230e+01    
1.1532746558689718e+16    1.1317339825449698e+01    
1.1545830113739764e+16    1.3090537115803873e+01    
1.1558913668789810e+16    6.8357640677466005e+00    
1.1571997223839854e+16    7.1726120126241391e+00    
1.1585080778889900e+16    3.1014106599819883e+01    
1.1598164333939946e+16    2.5974601197495815e+02    
1.1611247888989992e+16    2.3496040228750076e+01    
1.1624331444040036e+16    1.0447652117237920e+01    
1.1637414999090082e+16    6.2386432311491342e+00    
1.1650498554140128e+16    1.4315206419012771e+00    
1.1663582109190174e+16    1.9075043744250701e+00    
1.1676665664240218e+16    5.2536052629761185e+00    
1.1689749219290264e+16    5.0826719804142357e+01    
1.1702832774340310e+16    5.8618751008125336e+01    
1.1715916329390356e+16    7.1662970345227119e+00    
1.1728999884440400e+16    1.4553070611903641e+01    
1.1742083439490446e+16    2.8936924382109147e+01    
1.1755166994540492e+16    3.8960888941296943e+01    
1.1768250549590538e+16    1.7231853152357751e+01    
1.1781334104640582e+16    1.0203097004314648e+01    
1.1794417659690628e+16    7.0941744835856966e+00    
1.1807501214740674e+16    4.8220187638060082e+01    
1.1820584769790720e+16    4.3281609059654983e+01    
1.1833668324840764e+16    9.6507874169335928e+00    
1.1846751879890810e+16    6.8114417659764657e+00    
1.1859835434940856e+16    8.6234930921494701e+00    
1.1872918989990900e+16    3.6368886338773314e+00    
1.1886002545040946e+16    2.3393917883353069e+01    
1.1899086100090992e+16    4.0875756408293064e+01    
1.1912169655141038e+16    2.9926990702833624e+01    
1.1925253210191082e+16    2.7526052291101637e+00    
1.1938336765241128e+16    1.0562529838098996e+01    
1.1951420320291174e+16    1.5637198910009782e+00    
1.1964503875341220e+16    1.0094184278306582e+01    
1.1977587430391264e+16    1.8887104970362874e+01    
1.1990670985441310e+16    2.3212431802981499e+01    
1.2003754540491356e+16    2.3447693941198766e+00    
1.2016838095541402e+16    3.3147874530658443e+00    
1.2029921650591446e+16    3.4703562616600099e+00    
1.2043005205641492e+16    8.4392651280159168e+00    
1.2056088760691538e+16    3.3068528461041094e-02    
1.2069172315741584e+16    2.6728684534770117e+01    
1.2082255870791628e+16    6.9549612906359153e+00    
1.2095339425841674e+16    3.4903437674357112e+00    
1.2108422980891720e+16    1.2135790314269574e+00    
1.2121506535941766e+16    7.1716253868365696e+00    
1.2134590090991810e+16    5.1063494556138505e+00    
1.2147673646041856e+16    7.9961064275880733e-01    
1.2160757201091902e+16    1.3053642965251409e+01    
1.2173840756141948e+16    7.0093923605317467e+00    
1.2186924311191992e+16    1.7138944027634808e+00    
1.2200007866242038e+16    2.5812850627409167e+00    
1.2213091421292084e+16    3.4476883934235740e+00    
1.2226174976342130e+16    1.1054718151333809e+00    
1.2239258531392174e+16    1.8564653571078089e+00    
1.2252342086442220e+16    2.3481723457310320e+01    
1.2265425641492266e+16    4.3084190302078298e+00    
1.2278509196542312e+16    1.8176156746021810e+00    
1.2291592751592356e+16    1.5007499248616181e+00    
1.2304676306642402e+16    5.2256367743141474e-01    
1.2317759861692448e+16    1.2054399674386318e+00    
1.2330843416742494e+16    5.2146896413428721e+00    
1.2343926971792538e+16    1.4468508516734415e+01    
1.2357010526842584e+16    1.4590758132164623e+00    
1.2370094081892630e+16    9.5999539249860905e-02    
1.2383177636942676e+16    2.7632191332272588e-01    
1.2396261191992720e+16    1.1847614541506826e+00    
1.2409344747042766e+16    2.2246390500874941e-01    
1.2422428302092812e+16    1.6763286924406309e+01    
1.2435511857142858e+16    8.7237266533270386e-01    
1.2448595412192902e+16    2.6977919966823827e-01    
1.2461678967242948e+16    1.1463591728859521e-01    
1.2474762522292994e+16    3.2869498406057085e-01    
1.2487846077343040e+16    9.4763638648196935e-01    
1.2500929632393084e+16    6.2729763858111864e+00    
1.2514013187443130e+16    7.4505497691625712e-03    
1.2527096742493176e+16    3.9815824716898807e-01    
1.2540180297543222e+16    6.4152596163131970e-01    
1.2553263852593266e+16    1.3766845011724693e+00    
1.2566347407643312e+16    2.5300667273684613e-01    
1.2579430962693358e+16    4.6470313021305278e+00    
1.2592514517743404e+16    1.1277651458079827e+00    
1.2605598072793448e+16    2.9920084216744752e-01    
1.2618681627843494e+16    1.3868311597687837e+00    
1.2631765182893540e+16    4.9265825270933050e-01    
1.2644848737943586e+16    5.5106657167231987e-01    
1.2657932292993630e+16    1.3121459216303670e+00    
1.2671015848043676e+16    1.6597737251487724e-01    
1.2684099403093722e+16    5.9001039604090655e-01    
1.2697182958143768e+16    1.5322626736990945e+00    
1.2710266513193812e+16    3.4898816102376068e-01    
1.2723350068243858e+16    6.6658128248478432e-01    
1.2736433623293904e+16    4.3144268191078522e-01    
1.2749517178343950e+16    2.2095976767947989e+00    
1.2762600733393994e+16    3.0253709928119987e-01    
1.2775684288444040e+16    1.3415914302994872e-01    
1.2788767843494086e+16    5.1643743719492763e-01    
1.2801851398544132e+16    8.0315241826216410e-02    
1.2814934953594176e+16    5.3008662078415503e-01    
1.2828018508644222e+16    9.4665595634665242e-02    
1.2841102063694268e+16    4.0881329116056542e-01    
1.2854185618744314e+16    4.9745713995768054e-01    
1.2867269173794358e+16    5.3684452482080436e-01    
1.2880352728844404e+16    1.9016668579280496e+00    
1.2893436283894450e+16    3.2920938575922348e-01    
1.2906519838944496e+16    3.3360585971718576e-01    
1.2919603393994540e+16    9.6314832142572776e-02    
1.2932686949044586e+16    7.6210890242847745e-02    
1.2945770504094632e+16    9.5588590989764444e-01    
1.2958854059144678e+16    4.0935899741304599e-02    
1.2971937614194722e+16    1.7813582107268244e-01    
1.2985021169244768e+16    4.8506568656149629e-01    
1.2998104724294814e+16    4.0895714948199735e-01    
1.3011188279344860e+16    5.7251332191255555e-01    
1.3024271834394904e+16    4.8617018259174583e-01    
1.3037355389444950e+16    8.3055591171609697e-02    
1.3050438944494996e+16    3.1413019064878928e-01    
1.3063522499545042e+16    2.9590604133886056e-01    
1.3076606054595086e+16    8.7448955404471215e-02    
1.3089689609645132e+16    5.9420682815998793e-01    
1.3102773164695178e+16    1.0599256012349943e-01    
1.3115856719745224e+16    2.3963055136247013e-01    
1.3128940274795268e+16    5.7908827454328349e-02    
1.3142023829845314e+16    1.3433616427217571e-01    
1.3155107384895360e+16    4.9651811784892991e-01    
1.3168190939945406e+16    3.2063771492656856e-03    
1.3181274494995450e+16    7.3844940699659151e-03    
1.3194358050045496e+16    4.6672369211293960e-02    
1.3207441605095542e+16    3.1527485863420595e-03    
1.3220525160145588e+16    1.6624365216189703e+00    
1.3233608715195632e+16    4.9382095491073336e-02    
1.3246692270245678e+16    3.9730204037933668e-02    
1.3259775825295724e+16    4.1848149458843027e-02    
1.3272859380345770e+16    3.3018251695779537e-03    
1.3285942935395814e+16    7.0824271951748885e-01    
1.3299026490445860e+16    2.1451581844235221e-02    
1.3312110045495906e+16    4.6953749113715443e-02    
1.3325193600545952e+16    8.5917920664829858e-04    
1.3338277155595996e+16    1.0200610560312674e-01    
1.3351360710646042e+16    2.6114017138664025e-01    
1.3364444265696088e+16    1.9743120043966372e-02    
1.3377527820746134e+16    2.8605499955003917e-03    
1.3390611375796178e+16    7.4359280524440297e-02    
1.3403694930846224e+16    1.8505091095540102e-01    
1.3416778485896270e+16    7.8132931850774051e-02    
1.3429862040946316e+16    5.7638492295915236e-02    
1.3442945595996360e+16    1.6330531064127143e-02    
1.3456029151046406e+16    3.2993951724678413e-03    
1.3469112706096452e+16    2.8395674950073468e-01    
1.3482196261146498e+16    3.1550295129199560e-02    
1.3495279816196542e+16    3.4667607205500300e-02    
1.3508363371246588e+16    6.7355700064872090e-03    
1.3521446926296634e+16    1.2179700070252861e-02    
1.3534530481346678e+16    1.4694047794436799e-01    
1.3547614036396724e+16    1.4686992600756817e-02    
1.3560697591446770e+16    4.4733690532843522e-03    
1.3573781146496816e+16    8.4800527342680895e-04    
1.3586864701546860e+16    7.8498970159823933e-02    
1.3599948256596906e+16    1.6422145932079297e-03    
1.3613031811646952e+16    6.0863183482990132e-03    
1.3626115366696998e+16    1.5903427930939037e-03    
1.3639198921747042e+16    5.0870491280604593e-04    
1.3652282476797088e+16    3.6495782837686949e-03    
1.3665366031847134e+16    2.0506515808820572e-02    
1.3678449586897180e+16    2.7289216670638036e-02    
1.3691533141947224e+16    1.1569804352427443e-02    
1.3704616696997270e+16    7.4632300169405669e-02    
1.3717700252047316e+16    1.9729390312506886e-03    
1.3730783807097362e+16    2.2962482184465810e-03    
1.3743867362147406e+16    6.2670030383379155e-03    
1.3756950917197452e+16    3.7601492199939038e-02    
1.3770034472247498e+16    4.9521721698787217e-03    
1.3783118027297544e+16    1.5039297743167888e-02    
1.3796201582347588e+16    9.5791169473412405e-03    
1.3809285137397634e+16    4.5895280784789601e-03    
1.3822368692447680e+16    1.8125350542951752e-03    
1.3835452247497726e+16    9.2366169117294155e-03    
1.3848535802547770e+16    4.0722413810803720e-03    
1.3861619357597816e+16    3.8644150258147535e-03    
1.3874702912647862e+16    1.4971341507853365e-03    
1.3887786467697908e+16    4.2764116986546922e-04    
1.3900870022747952e+16    7.6775026281371726e-03    
1.3913953577797998e+16    1.2316683345987735e-02    
1.3927037132848044e+16    5.1749853743062535e-03    
1.3940120687898090e+16    3.0431849442772185e-03    
1.3953204242948134e+16    2.2909472087055504e-03    
1.3966287797998180e+16    6.1652221420294539e-03    
1.3979371353048226e+16    2.4884559404398099e-02    
1.3992454908098272e+16    1.1294726188071384e-03    
1.4005538463148316e+16    1.0157458105676837e-03    
1.4018622018198362e+16    4.2701489860637130e-03    
1.4031705573248408e+16    1.0386240366175697e-02    
1.4044789128298454e+16    1.8956463555198517e-04    
1.4057872683348498e+16    1.8192194139962103e-03    
1.4070956238398544e+16    2.3927310014670378e-03    
1.4084039793448590e+16    5.6835718451440130e-03    
1.4097123348498636e+16    8.5093097218997358e-03    
1.4110206903548680e+16    5.9373267653063417e-04    
1.4123290458598726e+16    1.8264876161440357e-02    
1.4136374013648772e+16    4.8001525797966718e-03    
1.4149457568698818e+16    7.8364013768613240e-04    
1.4162541123748862e+16    2.6671080740704686e-03    
1.4175624678798908e+16    3.4441358689267287e-02    
1.4188708233848954e+16    2.1127296587607992e-03    
1.4201791788899000e+16    1.4917820271535089e-03    
1.4214875343949044e+16    2.2860064225088622e-03    
1.4227958898999090e+16    1.6988716049819420e-02    
1.4241042454049136e+16    7.4760539180377793e-04    
1.4254126009099182e+16    2.6777853005400510e-03    
1.4267209564149226e+16    1.5942405670732324e-03    
1.4280293119199272e+16    3.1227484482664138e-03    
1.4293376674249318e+16    1.0369977812091219e-03    
1.4306460229299364e+16    8.4517772430542262e-04    
1.4319543784349408e+16    1.7674183872950749e-02    
1.4332627339399454e+16    1.3687953510743032e-03    
1.4345710894449500e+16    7.9868383217737715e-04    
1.4358794449499546e+16    1.7645063659833544e-04    
1.4371878004549590e+16    4.3305359966494669e-03    
1.4384961559599636e+16    4.7897345945029768e-04    
1.4398045114649682e+16    4.4531453217381493e-04    
1.4411128669699728e+16    7.1262782089522988e-03    
1.4424212224749772e+16    9.4694563384089268e-04    
1.4437295779799818e+16    2.5246644879394110e-06    
1.4450379334849864e+16    1.2722225720088866e-03    
1.4463462889899910e+16    1.2843916439498337e-03    
1.4476546444949954e+16    2.4356397493817630e-04    
1.4489630000000000e+16    3.0833671910592285e-04    
