#legend:                       ArgonShock      
#logy:                         logy            
#plabel:                       z               
#pscale:                       1.31262         
#pscale_str:                   $L_{NL}$        
#punit_str:                    m               
#pval:                         2.16429         
#title_str:                    z =             
#xcordID:                      ST              
#xlabel:                       $\omega$        
#xunit_str:                    $s^{-1}$        
#ycordID:                      AU              
#ylabel:                       I               
#yscale_str:                   arb.            
#yunit_str:                    arb.            
1.1080300000000000e+14    1.7515146439665622e+15    
1.2388655505004550e+14    1.8680209747200352e+15    
1.3697011010009100e+14    2.4793932542386260e+15    
1.5005366515013650e+14    5.5615032753334370e+15    
1.6313722020018200e+14    1.6654891247322194e+16    
1.7622077525022750e+14    4.8932601815469848e+16    
1.8930433030027297e+14    1.3026947202348035e+17    
2.0238788535031847e+14    3.1447209421532755e+17    
2.1547144040036397e+14    6.9760765622590746e+17    
2.2855499545040947e+14    1.4395949732732052e+18    
2.4163855050045497e+14    2.7897752327803443e+18    
2.5472210555050047e+14    5.1133543808358380e+18    
2.6780566060054594e+14    8.9145174563910820e+18    
2.8088921565059144e+14    1.4853793493025690e+19    
2.9397277070063694e+14    2.3764281523834515e+19    
3.0705632575068244e+14    3.6683596445784441e+19    
3.2013988080072794e+14    5.4928921372259754e+19    
3.3322343585077344e+14    8.0234247012788650e+19    
3.4630699090081894e+14    1.1491913241911960e+20    
3.5939054595086444e+14    1.6195832960159377e+20    
3.7247410100090994e+14    2.2470663402302043e+20    
3.8555765605095538e+14    3.0599986279788000e+20    
3.9864121110100094e+14    4.0652496278636383e+20    
4.1172476615104644e+14    5.2278006794538569e+20    
4.2480832120109188e+14    6.4548623977841322e+20    
4.3789187625113738e+14    7.5961303449057493e+20    
4.5097543130118288e+14    8.4685611806990808e+20    
4.6405898635122838e+14    8.9036803477741004e+20    
4.7714254140127388e+14    8.8022295102464695e+20    
4.9022609645131938e+14    8.1729752549957396e+20    
5.0330965150136488e+14    7.1363050651475247e+20    
5.1639320655141038e+14    5.8885121627638661e+20    
5.2947676160145588e+14    4.6412852238040734e+20    
5.4256031665150138e+14    3.5620164723291003e+20    
5.5564387170154688e+14    2.7379929397857121e+20    
5.6872742675159238e+14    2.1739037298904950e+20    
5.8181098180163788e+14    1.8162001457425724e+20    
5.9489453685168338e+14    1.5883334503194847e+20    
6.0797809190172888e+14    1.4210247882532948e+20    
6.2106164695177438e+14    1.2687394892855566e+20    
6.3414520200181988e+14    1.1119456152606320e+20    
6.4722875705186525e+14    9.5020412658395890e+19    
6.6031231210191075e+14    7.9238730976404652e+19    
6.7339586715195625e+14    6.4857815981646414e+19    
6.8647942220200188e+14    5.2551950335980708e+19    
6.9956297725204738e+14    4.2537516379537785e+19    
7.1264653230209288e+14    3.4657417284120596e+19    
7.2573008735213838e+14    2.8544281694120731e+19    
7.3881364240218375e+14    2.3773364312064135e+19    
7.5189719745222925e+14    1.9964574433122447e+19    
7.6498075250227475e+14    1.6829020396220934e+19    
7.7806430755232025e+14    1.4173962265847667e+19    
7.9114786260236575e+14    1.1884767787522787e+19    
8.0423141765241125e+14    9.8993836224798269e+18    
8.1731497270245675e+14    8.1850320441220014e+18    
8.3039852775250225e+14    6.7213960934745846e+18    
8.4348208280254775e+14    5.4907701921046589e+18    
8.5656563785259325e+14    4.4736826724703447e+18    
8.6964919290263875e+14    3.6479319968644388e+18    
8.8273274795268425e+14    2.9892555146009001e+18    
8.9581630300272975e+14    2.4724698201916319e+18    
9.0889985805277525e+14    2.0725428931487544e+18    
9.2198341310282075e+14    1.7655002069684810e+18    
9.3506696815286625e+14    1.5292799374379638e+18    
9.4815052320291175e+14    1.3446704795121626e+18    
9.6123407825295725e+14    1.1963614011355825e+18    
9.7431763330300275e+14    1.0739981002332932e+18    
9.8740118835304825e+14    9.7301765364041421e+17    
1.0004847434030938e+15    8.9500000056404890e+17    
1.0135682984531392e+15    8.4730825778843930e+17    
1.0266518535031848e+15    8.4190385935378662e+17    
1.0397354085532302e+15    8.9337823486579085e+17    
1.0528189636032758e+15    1.0164061287647876e+18    
1.0659025186533212e+15    1.2229597699370299e+18    
1.0789860737033668e+15    1.5196997393995246e+18    
1.0920696287534122e+15    1.9059624732210232e+18    
1.1051531838034578e+15    2.3726961615572598e+18    
1.1182367388535032e+15    2.9025689671616727e+18    
1.1313202939035488e+15    3.4713059993671741e+18    
1.1444038489535942e+15    4.0501259107838976e+18    
1.1574874040036398e+15    4.6089641018499891e+18    
1.1705709590536850e+15    5.1200068465255117e+18    
1.1836545141037305e+15    5.5609437816127242e+18    
1.1967380691537760e+15    5.9173082833327340e+18    
1.2098216242038215e+15    6.1833567351816571e+18    
1.2229051792538670e+15    6.3611715229228257e+18    
1.2359887343039125e+15    6.4580572565838090e+18    
1.2490722893539582e+15    6.4827770064021801e+18    
1.2621558444040038e+15    6.4416170046583716e+18    
1.2752393994540492e+15    6.3355026703352166e+18    
1.2883229545040948e+15    6.1592606152940657e+18    
1.3014065095541402e+15    5.9035727197606513e+18    
1.3144900646041858e+15    5.5593039572562309e+18    
1.3275736196542312e+15    5.1229771699376712e+18    
1.3406571747042768e+15    4.6015730288541066e+18    
1.3537407297543222e+15    4.0148537657799511e+18    
1.3668242848043675e+15    3.3941280800009098e+18    
1.3799078398544130e+15    2.7775796623707044e+18    
1.3929913949044585e+15    2.2035182813492001e+18    
1.4060749499545040e+15    1.7036585334919419e+18    
1.4191585050045495e+15    1.2984537190284255e+18    
1.4322420600545950e+15    9.9563253476505139e+17    
1.4453256151046405e+15    7.9179919816199936e+17    
1.4584091701546860e+15    6.7584848939683443e+17    
1.4714927252047315e+15    6.3251064114126592e+17    
1.4845762802547770e+15    6.4472597442844262e+17    
1.4976598353048225e+15    6.9449353750993446e+17    
1.5107433903548680e+15    7.6281268509703309e+17    
1.5238269454049135e+15    8.2983098193117696e+17    
1.5369105004549590e+15    8.7610480510417664e+17    
1.5499940555050045e+15    8.8513713396933683e+17    
1.5630776105550500e+15    8.4652224466770982e+17    
1.5761611656050955e+15    7.5855805185012250e+17    
1.5892447206551410e+15    6.2931076199337715e+17    
1.6023282757051865e+15    4.7572687638426074e+17    
1.6154118307552320e+15    3.2113342372383360e+17    
1.6284953858052775e+15    1.9196744160387744e+17    
1.6415789408553230e+15    1.1462597268523130e+17    
1.6546624959053685e+15    1.1298719953981355e+17    
1.6677460509554140e+15    2.0667597504344067e+17    
1.6808296060054595e+15    4.0981552879340698e+17    
1.6939131610555050e+15    7.2997356986547610e+17    
1.7069967161055505e+15    1.1672305369670049e+18    
1.7200802711555960e+15    1.7135807957490010e+18    
1.7331638262056415e+15    2.3530151671886377e+18    
1.7462473812556870e+15    3.0625194940154988e+18    
1.7593309363057325e+15    3.8139085942560758e+18    
1.7724144913557780e+15    4.5760715714133376e+18    
1.7854980464058235e+15    5.3170279415650662e+18    
1.7985816014558690e+15    6.0053059982188329e+18    
1.8116651565059145e+15    6.6105301935404268e+18    
1.8247487115559600e+15    7.1035857308791347e+18    
1.8378322666060055e+15    7.4570898621721088e+18    
1.8509158216560510e+15    7.6469363368811049e+18    
1.8639993767060965e+15    7.6553150275013243e+18    
1.8770829317561420e+15    7.4749215175007805e+18    
1.8901664868061875e+15    7.1133029989128745e+18    
1.9032500418562330e+15    6.5957496164956764e+18    
1.9163335969062785e+15    5.9651156114816594e+18    
1.9294171519563240e+15    5.2775661641287506e+18    
1.9425007070063695e+15    4.5943884175042135e+18    
1.9555842620564150e+15    3.9713467019868800e+18    
1.9686678171064605e+15    3.4481364122007941e+18    
1.9817513721565060e+15    3.0408618553091553e+18    
1.9948349272065515e+15    2.7398976948247004e+18    
2.0079184822565970e+15    2.5140783954864241e+18    
2.0210020373066425e+15    2.3203068436397809e+18    
2.0340855923566880e+15    2.1159908774675443e+18    
2.0471691474067335e+15    1.8707958322905231e+18    
2.0602527024567790e+15    1.5743887800206830e+18    
2.0733362575068245e+15    1.2381058074598129e+18    
2.0864198125568700e+15    8.9037459532067456e+17    
2.0995033676069155e+15    5.6761959316594445e+17    
2.1125869226569610e+15    3.0363089628055731e+17    
2.1256704777070065e+15    1.2060597951600336e+17    
2.1387540327570520e+15    2.4271008465981388e+16    
2.1518375878070975e+15    4.0086951555548225e+15    
2.1649211428571430e+15    3.7316131137779944e+16    
2.1780046979071885e+15    9.6724908792253664e+16    
2.1910882529572340e+15    1.5686821578107498e+17    
2.2041718080072795e+15    1.9971247062886400e+17    
2.2172553630573248e+15    2.1685666312950832e+17    
2.2303389181073702e+15    2.0886678947870778e+17    
2.2434224731574158e+15    1.8248575843516979e+17    
2.2565060282074610e+15    1.4699914207644003e+17    
2.2695895832575070e+15    1.1098987463528453e+17    
2.2826731383075520e+15    8.0298165019256672e+16    
2.2957566933575980e+15    5.7432643140301720e+16    
2.3088402484076430e+15    4.2173783544204472e+16    
2.3219238034576890e+15    3.2814002360021888e+16    
2.3350073585077340e+15    2.7427503964497884e+16    
2.3480909135577800e+15    2.4707985186960940e+16    
2.3611744686078250e+15    2.4166084907561484e+16    
2.3742580236578710e+15    2.5754451007639192e+16    
2.3873415787079165e+15    2.9213590481694116e+16    
2.4004251337579620e+15    3.3542256122401112e+16    
2.4135086888080075e+15    3.6942229677134176e+16    
2.4265922438580530e+15    3.7363334568253648e+16    
2.4396757989080985e+15    3.3453309226620216e+16    
2.4527593539581440e+15    2.5447406065045952e+16    
2.4658429090081895e+15    1.5474339886741724e+16    
2.4789264640582350e+15    6.9811443780101760e+15    
2.4920100191082805e+15    3.4080854775158475e+15    
2.5050935741583260e+15    6.6630821716332670e+15    
2.5181771292083715e+15    1.6119854634756782e+16    
2.5312606842584170e+15    2.8676649373833872e+16    
2.5443442393084625e+15    3.9934069517454400e+16    
2.5574277943585080e+15    4.6011593396649584e+16    
2.5705113494085535e+15    4.5193672154643568e+16    
2.5835949044585990e+15    3.8648397031176368e+16    
2.5966784595086445e+15    2.9875864207731880e+16    
2.6097620145586900e+15    2.3121006875873792e+16    
2.6228455696087350e+15    2.1452454774384180e+16    
2.6359291246587805e+15    2.5356418441339820e+16    
2.6490126797088260e+15    3.2475927927359780e+16    
2.6620962347588715e+15    3.8651945981918552e+16    
2.6751797898089170e+15    3.9879760041238792e+16    
2.6882633448589625e+15    3.4362394285510280e+16    
2.7013468999090080e+15    2.3679416822406860e+16    
2.7144304549590535e+15    1.2331105045035948e+16    
2.7275140100090990e+15    5.6114081615692430e+15    
2.7405975650591445e+15    6.7128604368171710e+15    
2.7536811201091900e+15    1.4662564908674272e+16    
2.7667646751592355e+15    2.4528232523985080e+16    
2.7798482302092810e+15    3.0118812202110632e+16    
2.7929317852593265e+15    2.7728247671592960e+16    
2.8060153403093720e+15    1.8513459180878660e+16    
2.8190988953594175e+15    7.7740445023249640e+15    
2.8321824504094630e+15    1.4746899430397620e+15    
2.8452660054595085e+15    2.3737050682307595e+15    
2.8583495605095540e+15    8.4753692171269410e+15    
2.8714331155595995e+15    1.4809406848311430e+16    
2.8845166706096450e+15    1.7052728213130924e+16    
2.8976002256596905e+15    1.4237332188655268e+16    
2.9106837807097360e+15    8.7249666371339160e+15    
2.9237673357597815e+15    3.8978223810289880e+15    
2.9368508908098270e+15    1.6675881119199165e+15    
2.9499344458598725e+15    1.6645798936731388e+15    
2.9630180009099180e+15    2.2902232723026870e+15    
2.9761015559599635e+15    2.3208507182281295e+15    
2.9891851110100090e+15    1.6555199140277900e+15    
3.0022686660600545e+15    8.9578436119093338e+14    
3.0153522211101000e+15    5.1622782225990850e+14    
3.0284357761601455e+15    4.9547805038592725e+14    
3.0415193312101910e+15    5.7595770173156525e+14    
3.0546028862602365e+15    6.7023639471936875e+14    
3.0676864413102820e+15    9.3478966029945412e+14    
3.0807699963603275e+15    1.5111331033802095e+15    
3.0938535514103730e+15    2.2910235781478830e+15    
3.1069371064604185e+15    2.9685337098348455e+15    
3.1200206615104640e+15    3.2988637091702995e+15    
3.1331042165605095e+15    3.2900828030902985e+15    
3.1461877716105550e+15    3.1612598996357400e+15    
3.1592713266606005e+15    3.1350268625629120e+15    
3.1723548817106460e+15    3.2565349490025670e+15    
3.1854384367606915e+15    3.3764801858958985e+15    
3.1985219918107370e+15    3.2952529570848905e+15    
3.2116055468607825e+15    2.9485085483899960e+15    
3.2246891019108280e+15    2.4812193399714790e+15    
3.2377726569608735e+15    2.1330742006032018e+15    
3.2508562120109190e+15    2.0189532583464675e+15    
3.2639397670609645e+15    2.0130307426784692e+15    
3.2770233221110100e+15    1.8785765897650765e+15    
3.2901068771610555e+15    1.5341454982667488e+15    
3.3031904322111010e+15    1.1633345011604472e+15    
3.3162739872611465e+15    1.0152025794236519e+15    
3.3293575423111920e+15    1.1052922652121669e+15    
3.3424410973612375e+15    1.1827730876049390e+15    
3.3555246524112830e+15    1.0304057169491955e+15    
3.3686082074613285e+15    7.3708227633549675e+14    
3.3816917625113740e+15    5.8677604416734175e+14    
3.3947753175614195e+15    6.9006759934344575e+14    
3.4078588726114650e+15    8.3569006294778638e+14    
3.4209424276615105e+15    7.6634012478816288e+14    
3.4340259827115560e+15    5.1665867806862256e+14    
3.4471095377616015e+15    3.5800179275287200e+14    
3.4601930928116470e+15    4.2622859267064294e+14    
3.4732766478616925e+15    5.4555219327882719e+14    
3.4863602029117380e+15    4.8656494447452656e+14    
3.4994437579617835e+15    2.8471075304523488e+14    
3.5125273130118290e+15    1.6822433628695994e+14    
3.5256108680618745e+15    2.1931863146544078e+14    
3.5386944231119200e+15    2.7616651977182247e+14    
3.5517779781619655e+15    2.0120848167143019e+14    
3.5648615332120110e+15    8.1025686533221484e+13    
3.5779450882620565e+15    5.9196449013871312e+13    
3.5910286433121020e+15    1.0490705735533388e+14    
3.6041121983621475e+15    9.5095066260187562e+13    
3.6171957534121930e+15    3.3165452262148941e+13    
3.6302793084622385e+15    1.7183408583450193e+13    
3.6433628635122840e+15    4.9559018699967430e+13    
3.6564464185623295e+15    5.0007144640063836e+13    
3.6695299736123750e+15    1.8770624329837137e+13    
3.6826135286624205e+15    2.2557809973009473e+13    
3.6956970837124660e+15    5.2400459438694891e+13    
3.7087806387625115e+15    4.8701700082134031e+13    
3.7218641938125570e+15    2.7118975274591820e+13    
3.7349477488626025e+15    4.0039176360666938e+13    
3.7480313039126480e+15    6.5917164636621281e+13    
3.7611148589626935e+15    5.9606344724413562e+13    
3.7741984140127390e+15    4.5607767215288578e+13    
3.7872819690627845e+15    5.9449087883175305e+13    
3.8003655241128300e+15    7.4871665842742422e+13    
3.8134490791628755e+15    6.6187438015307938e+13    
3.8265326342129210e+15    5.9009677405283453e+13    
3.8396161892629665e+15    6.9387079888270969e+13    
3.8526997443130120e+15    7.3956722232008344e+13    
3.8657832993630575e+15    6.3498026626048250e+13    
3.8788668544131030e+15    5.5406121589595664e+13    
3.8919504094631485e+15    5.2632299180550602e+13    
3.9050339645131940e+15    4.4541726578390906e+13    
3.9181175195632395e+15    3.4277677829552887e+13    
3.9312010746132850e+15    3.0259696452145641e+13    
3.9442846296633305e+15    3.0121803830773516e+13    
3.9573681847133760e+15    2.9325574953866129e+13    
3.9704517397634215e+15    2.7685114416850633e+13    
3.9835352948134670e+15    2.4550365858427129e+13    
3.9966188498635125e+15    1.9389332625508371e+13    
4.0097024049135580e+15    1.4176896200248287e+13    
4.0227859599636035e+15    1.1918534128215818e+13    
4.0358695150136490e+15    1.5801194307545467e+13    
4.0489530700636945e+15    2.5598822189398414e+13    
4.0620366251137400e+15    3.4604888535459176e+13    
4.0751201801637855e+15    3.7286644080776867e+13    
4.0882037352138310e+15    3.5546908613983219e+13    
4.1012872902638765e+15    3.1067678491499016e+13    
4.1143708453139220e+15    2.1874122749431238e+13    
4.1274544003639675e+15    1.1479977922821334e+13    
4.1405379554140130e+15    7.2942393698288164e+12    
4.1536215104640585e+15    7.7461515284154170e+12    
4.1667050655141040e+15    5.8577811152671348e+12    
4.1797886205641495e+15    2.2092943140805444e+12    
4.1928721756141950e+15    8.1366595379506055e+11    
4.2059557306642405e+15    1.5548433059991387e+12    
4.2190392857142860e+15    4.5737679613568057e+12    
4.2321228407643315e+15    8.7143704421526299e+12    
4.2452063958143770e+15    8.8894426358668887e+12    
4.2582899508644225e+15    7.5899674510406826e+12    
4.2713735059144680e+15    1.2797100425991816e+13    
4.2844570609645135e+15    2.0638557318416102e+13    
4.2975406160145590e+15    2.4389817328760207e+13    
4.3106241710646040e+15    2.8083965323761902e+13    
4.3237077261146495e+15    3.0969848454521699e+13    
4.3367912811646950e+15    2.9592313800646520e+13    
4.3498748362147405e+15    3.4605159722187434e+13    
4.3629583912647860e+15    4.4293550719006180e+13    
4.3760419463148315e+15    3.8234981564083016e+13    
4.3891255013648770e+15    2.7586614584529660e+13    
4.4022090564149225e+15    3.7018914632956648e+13    
4.4152926114649680e+15    4.4935153190333297e+13    
4.4283761665150135e+15    3.0818445787921410e+13    
4.4414597215650590e+15    2.1599566948117066e+13    
4.4545432766151045e+15    2.8772449807643180e+13    
4.4676268316651500e+15    2.8776938912506543e+13    
4.4807103867151955e+15    1.7870985966353887e+13    
4.4937939417652410e+15    1.3775123698370725e+13    
4.5068774968152860e+15    1.6956809365600691e+13    
4.5199610518653320e+15    1.3207808713882607e+13    
4.5330446069153780e+15    7.0111538259360459e+12    
4.5461281619654230e+15    8.5702675615410850e+12    
4.5592117170154680e+15    7.5929296406752324e+12    
4.5722952720655140e+15    3.5758960944390605e+12    
4.5853788271155600e+15    4.5211139169664238e+12    
4.5984623821656050e+15    3.6851355549289399e+12    
4.6115459372156500e+15    2.0219798813472114e+12    
4.6246294922656960e+15    2.4199236524147900e+12    
4.6377130473157420e+15    1.3903953214373804e+12    
4.6507966023657870e+15    1.3193317317293308e+12    
4.6638801574158330e+15    1.1062601340136091e+12    
4.6769637124658780e+15    3.5610905935293140e+11    
4.6900472675159240e+15    6.6916657783194922e+11    
4.7031308225659690e+15    2.6081001593905042e+11    
4.7162143776160150e+15    9.9415566536142334e+10    
4.7292979326660600e+15    1.8296481902116867e+11    
4.7423814877161060e+15    1.8396958461205681e+10    
4.7554650427661510e+15    1.6464779697312906e+11    
4.7685485978161970e+15    1.5103616377586328e+11    
4.7816321528662420e+15    2.3886103886493515e+11    
4.7947157079162880e+15    3.1549944770987189e+11    
4.8077992629663330e+15    4.8520699997939880e+11    
4.8208828180163790e+15    8.1600725650272363e+11    
4.8339663730664240e+15    9.0033269988190613e+11    
4.8470499281164700e+15    8.2166249066836987e+11    
4.8601334831665150e+15    5.7837120830036560e+11    
4.8732170382165610e+15    6.1234052028387634e+11    
4.8863005932666060e+15    8.9084219403073596e+11    
4.8993841483166520e+15    1.0858479917047694e+12    
4.9124677033666970e+15    1.0599636808947708e+12    
4.9255512584167430e+15    8.0515932356424524e+11    
4.9386348134667880e+15    6.8682002402020642e+11    
4.9517183685168340e+15    7.6871137841080884e+11    
4.9648019235668790e+15    7.1226241722800220e+11    
4.9778854786169250e+15    6.0048390505137476e+11    
4.9909690336669700e+15    4.8173691628162634e+11    
5.0040525887170160e+15    4.4548931115622449e+11    
5.0171361437670610e+15    5.7233717149682678e+11    
5.0302196988171070e+15    3.6167264322822003e+11    
5.0433032538671520e+15    4.8618814521007379e+11    
5.0563868089171980e+15    3.3336244932593048e+11    
5.0694703639672430e+15    5.6701966565983899e+11    
5.0825539190172890e+15    4.2634029226172260e+11    
5.0956374740673340e+15    4.2591528075863141e+11    
5.1087210291173800e+15    5.4302737324157330e+11    
5.1218045841674250e+15    3.5159210492653937e+11    
5.1348881392174700e+15    6.6523925831082703e+11    
5.1479716942675160e+15    2.1641745730539236e+11    
5.1610552493175610e+15    5.9273312148973059e+11    
5.1741388043676070e+15    2.8441036207789105e+11    
5.1872223594176520e+15    2.8159065165808124e+11    
5.2003059144676980e+15    3.2918896956717596e+11    
5.2133894695177430e+15    8.2917410643383987e+10    
5.2264730245677890e+15    1.4282352241723233e+11    
5.2395565796178340e+15    3.5626169273085388e+10    
5.2526401346678800e+15    8.5680884801200104e+10    
5.2657236897179250e+15    3.4457639873456375e+10    
5.2788072447679710e+15    4.0317124126120560e+10    
5.2918907998180160e+15    5.2556053836505264e+10    
5.3049743548680620e+15    7.3925858619001526e+10    
5.3180579099181070e+15    1.2363532496864529e+11    
5.3311414649681530e+15    8.7227882294073822e+10    
5.3442250200181980e+15    2.9707871756650189e+11    
5.3573085750682440e+15    1.9084636187433792e+11    
5.3703921301182890e+15    3.6194468014255780e+11    
5.3834756851683350e+15    1.9070568483887732e+11    
5.3965592402183800e+15    4.1163347562818457e+11    
5.4096427952684260e+15    1.7827418868086005e+11    
5.4227263503184710e+15    3.1563066788733856e+11    
5.4358099053685170e+15    8.6699231417645142e+10    
5.4488934604185620e+15    2.0772845007372546e+11    
5.4619770154686080e+15    3.0343770212953125e+10    
5.4750605705186530e+15    7.3202281563306259e+10    
5.4881441255686990e+15    1.0674508028784874e+10    
5.5012276806187440e+15    4.6329516774533615e+09    
5.5143112356687900e+15    7.7271696846538696e+10    
5.5273947907188350e+15    6.7322794900565186e+10    
5.5404783457688810e+15    1.3966951155665417e+11    
5.5535619008189260e+15    1.9872428334033395e+11    
5.5666454558689720e+15    3.7815008389650934e+11    
5.5797290109190170e+15    3.9614136536337250e+11    
5.5928125659690630e+15    3.9359454602549286e+11    
5.6058961210191080e+15    3.7534264798618842e+11    
5.6189796760691540e+15    4.4681455001268451e+11    
5.6320632311191990e+15    4.4203360362804816e+11    
5.6451467861692450e+15    4.5068703293321454e+11    
5.6582303412192900e+15    4.1173257595426245e+11    
5.6713138962693360e+15    3.6962832453549554e+11    
5.6843974513193810e+15    3.0988454458229358e+11    
5.6974810063694270e+15    2.5382120492894180e+11    
5.7105645614194720e+15    2.4477016431639874e+11    
5.7236481164695180e+15    1.4763338339543527e+11    
5.7367316715195630e+15    1.5391681366211243e+11    
5.7498152265696090e+15    9.2346460814021301e+10    
5.7628987816196540e+15    1.1577932355973447e+11    
5.7759823366697000e+15    5.8928845471643074e+10    
5.7890658917197450e+15    8.6935262729225601e+10    
5.8021494467697910e+15    6.2986654061583641e+10    
5.8152330018198360e+15    7.4926244111973511e+10    
5.8283165568698820e+15    6.4683096019732323e+10    
5.8414001119199270e+15    6.2731991561782471e+10    
5.8544836669699730e+15    7.2019861614282516e+10    
5.8675672220200180e+15    3.9860616988047073e+10    
5.8806507770700640e+15    6.2198441022384071e+10    
5.8937343321201090e+15    3.1758928528250648e+10    
5.9068178871701550e+15    3.3755851854573647e+10    
5.9199014422202000e+15    1.7625651102476574e+10    
5.9329849972702460e+15    1.8488272445516861e+10    
5.9460685523202910e+15    3.6210416498937411e+09    
5.9591521073703370e+15    4.4004347282910633e+09    
5.9722356624203820e+15    5.0734553537128553e+09    
5.9853192174704280e+15    7.5053215284253764e+08    
5.9984027725204730e+15    3.3211479961495667e+09    
6.0114863275705190e+15    2.0136569579154823e+10    
6.0245698826205640e+15    1.2743224393740482e+10    
6.0376534376706100e+15    4.3389635461816826e+09    
6.0507369927206550e+15    1.0185222400987820e+10    
6.0638205477707010e+15    2.0757937631694241e+10    
6.0769041028207460e+15    2.8507023625041973e+10    
6.0899876578707920e+15    9.8082626380357933e+09    
6.1030712129208370e+15    1.4479087602628700e+10    
6.1161547679708830e+15    1.8868764677995834e+10    
6.1292383230209280e+15    1.7397618287533836e+10    
6.1423218780709740e+15    1.1259042712311941e+10    
6.1554054331210190e+15    1.2059946999549662e+10    
6.1684889881710650e+15    1.4658914927191505e+10    
6.1815725432211100e+15    9.6106053174475212e+09    
6.1946560982711560e+15    4.6027491853113823e+09    
6.2077396533212010e+15    6.0459522297974977e+09    
6.2208232083712470e+15    8.3459806815617304e+09    
6.2339067634212920e+15    5.3599574152810192e+09    
6.2469903184713380e+15    1.7701464157038870e+09    
6.2600738735213830e+15    2.4842258095776782e+09    
6.2731574285714290e+15    5.4502873173070517e+09    
6.2862409836214740e+15    3.4978969573109326e+09    
6.2993245386715200e+15    1.3057448826266010e+09    
6.3124080937215650e+15    2.1437552325881712e+09    
6.3254916487716110e+15    2.9618071308619480e+09    
6.3385752038216560e+15    2.0801829338965595e+09    
6.3516587588717020e+15    1.2486564989270864e+09    
6.3647423139217470e+15    2.0695069726482036e+09    
6.3778258689717930e+15    1.7489055637968943e+09    
6.3909094240218380e+15    2.0705123885633628e+09    
6.4039929790718840e+15    1.6625531577394567e+09    
6.4170765341219290e+15    2.3171730754712006e+08    
6.4301600891719750e+15    1.0782733223344216e+09    
6.4432436442220200e+15    1.8354688881195056e+09    
6.4563271992720660e+15    2.7497147603694682e+09    
6.4694107543221110e+15    2.1750542439934473e+09    
6.4824943093721570e+15    8.2959562651539934e+08    
6.4955778644222020e+15    1.9841725384675062e+09    
6.5086614194722480e+15    2.1994880816774160e+08    
6.5217449745222930e+15    1.9485135047401919e+09    
6.5348285295723390e+15    7.9132772638377833e+08    
6.5479120846223840e+15    1.8204647385308310e+07    
6.5609956396724300e+15    6.2667222591318202e+08    
6.5740791947224750e+15    1.7436302106607659e+09    
6.5871627497725210e+15    4.8250540402507108e+08    
6.6002463048225660e+15    7.2989109447911775e+08    
6.6133298598726120e+15    6.2500296221559739e+08    
6.6264134149226570e+15    1.3301487679274268e+09    
6.6394969699727030e+15    1.3201826066643136e+09    
6.6525805250227480e+15    1.3307716732757757e+09    
6.6656640800727940e+15    1.2709035383613386e+09    
6.6787476351228390e+15    1.0093939113658470e+09    
6.6918311901728850e+15    1.1217804705783708e+09    
6.7049147452229300e+15    1.2810158328706067e+09    
6.7179983002729760e+15    1.4647374461981087e+09    
6.7310818553230210e+15    1.2692192088164835e+09    
6.7441654103730670e+15    1.2473653883663242e+09    
6.7572489654231120e+15    1.0247010902892334e+09    
6.7703325204731580e+15    5.9794239028200781e+08    
6.7834160755232030e+15    1.2835542808081532e+09    
6.7964996305732490e+15    1.2294983067295148e+09    
6.8095831856232940e+15    2.7807939663511038e+07    
6.8226667406733390e+15    6.4779176567972231e+08    
6.8357502957233850e+15    1.0370289755194776e+09    
6.8488338507734300e+15    4.3045518497154129e+08    
6.8619174058234760e+15    2.4305119456878507e+08    
6.8750009608735210e+15    3.9671971579668280e+06    
6.8880845159235670e+15    4.0640942162568937e+06    
6.9011680709736120e+15    7.4547193285990313e+07    
6.9142516260236580e+15    2.4580499584645629e+06    
6.9273351810737030e+15    6.8480344410412446e+07    
6.9404187361237490e+15    9.9506300050172091e+07    
6.9535022911737940e+15    8.0576652906401441e+07    
6.9665858462238400e+15    2.9662295468624866e+08    
6.9796694012738850e+15    3.1285923708571494e+08    
6.9927529563239310e+15    5.9414557604814947e+07    
7.0058365113739760e+15    9.1139041756229162e+07    
7.0189200664240220e+15    7.1763029457538724e+07    
7.0320036214740670e+15    7.3832618034122735e+07    
7.0450871765241130e+15    1.3631514201729304e+08    
7.0581707315741580e+15    1.0086065769795161e+08    
7.0712542866242040e+15    1.4060509589805564e+08    
7.0843378416742490e+15    1.9263717989140955e+08    
7.0974213967242950e+15    3.1624747071279424e+08    
7.1105049517743400e+15    3.7930031351930484e+07    
7.1235885068243860e+15    3.3118691116480029e+08    
7.1366720618744310e+15    1.0815734879449452e+08    
7.1497556169244770e+15    2.8599427152339453e+08    
7.1628391719745220e+15    2.8221928519387233e+08    
7.1759227270245680e+15    1.5179295238637185e+07    
7.1890062820746130e+15    1.1040870625386135e+08    
7.2020898371246590e+15    7.8479635432197735e+07    
7.2151733921747040e+15    6.0192610066252336e+07    
7.2282569472247500e+15    3.8891277523548886e+07    
7.2413405022747950e+15    3.3962793884210519e+07    
7.2544240573248410e+15    4.4975984638667189e+07    
7.2675076123748860e+15    1.9592589935280647e+07    
7.2805911674249320e+15    4.1558855867076449e+07    
7.2936747224749770e+15    8.7296104913893372e+07    
7.3067582775250230e+15    1.9479778446909034e+08    
7.3198418325750680e+15    1.0146427637466976e+08    
7.3329253876251140e+15    5.4705534087139711e+07    
7.3460089426751590e+15    1.3563550975299257e+08    
7.3590924977252050e+15    8.2843190334260881e+07    
7.3721760527752500e+15    8.8154399853178546e+07    
7.3852596078252960e+15    1.2023689498800392e+08    
7.3983431628753410e+15    1.4150741378028956e+06    
7.4114267179253870e+15    9.9828674408275619e+07    
7.4245102729754320e+15    4.2528889572689317e+07    
7.4375938280254780e+15    1.1199601002680946e+07    
7.4506773830755230e+15    4.9449435094471954e+07    
7.4637609381255690e+15    5.8055796949644186e+07    
7.4768444931756140e+15    1.9555331626708754e+06    
7.4899280482256600e+15    1.4965576087972919e+07    
7.5030116032757050e+15    1.8928479578794204e+06    
7.5160951583257510e+15    6.0187497669754352e+05    
7.5291787133757960e+15    4.1647980046579521e+05    
7.5422622684258420e+15    5.0896652550403681e+06    
7.5553458234758870e+15    1.2220127169470500e+07    
7.5684293785259330e+15    1.8482057372197304e+07    
7.5815129335759780e+15    1.0760945638904922e+07    
7.5945964886260240e+15    4.0222200621424220e+06    
7.6076800436760690e+15    1.1518678223895375e+06    
7.6207635987261150e+15    9.5427667843028102e+06    
7.6338471537761600e+15    8.5516887025053520e+06    
7.6469307088262060e+15    3.6335135374476886e+06    
7.6600142638762510e+15    1.3483282249692841e+07    
7.6730978189262970e+15    3.1347541441509172e+07    
7.6861813739763420e+15    5.5921876115571121e+06    
7.6992649290263880e+15    5.6653317994619738e+06    
7.7123484840764330e+15    1.6066749502494361e+06    
7.7254320391264790e+15    6.4730875054653257e+07    
7.7385155941765240e+15    1.3258189851869611e+07    
7.7515991492265700e+15    1.0102157623390228e+07    
7.7646827042766150e+15    2.2951891713279756e+06    
7.7777662593266610e+15    1.8347864322300595e+06    
7.7908498143767060e+15    1.0068186813628607e+06    
7.8039333694267520e+15    2.0591799200372389e+06    
7.8170169244767970e+15    6.9322650349185755e+06    
7.8301004795268430e+15    9.1270426885037310e+06    
7.8431840345768880e+15    2.8633223999815076e+06    
7.8562675896269340e+15    1.1154560733093510e+06    
7.8693511446769790e+15    7.3686049320870871e+06    
7.8824346997270250e+15    1.8226196178683318e+07    
7.8955182547770700e+15    6.2551509545460371e+06    
7.9086018098271160e+15    6.3825763416352049e+06    
7.9216853648771610e+15    4.0723965864826525e+04    
7.9347689199272070e+15    1.9095844157177582e+07    
7.9478524749772520e+15    4.9436861009563720e+06    
7.9609360300272980e+15    1.2280133028241713e+07    
7.9740195850773430e+15    2.8296321366036847e+07    
7.9871031401273890e+15    3.3310425571924457e+06    
8.0001866951774340e+15    1.2491704834214810e+07    
8.0132702502274800e+15    1.2655794469259148e+07    
8.0263538052775250e+15    1.7885036114157538e+06    
8.0394373603275710e+15    1.0594052580310991e+06    
8.0525209153776160e+15    3.7574672107499153e+06    
8.0656044704276620e+15    1.8109718462676499e+06    
8.0786880254777070e+15    1.0463438594630995e+06    
8.0917715805277530e+15    1.1182476000130931e+06    
8.1048551355777980e+15    1.3521741385000504e+06    
8.1179386906278440e+15    3.0730093884286378e+06    
8.1310222456778890e+15    1.9985152946716647e+06    
8.1441058007279350e+15    8.9828514729705267e+06    
8.1571893557779800e+15    6.3145026842666520e+06    
8.1702729108280260e+15    8.1656368495119205e+06    
8.1833564658780710e+15    4.4108703867037146e+05    
8.1964400209281170e+15    1.2289869986978697e+07    
8.2095235759781620e+15    9.8231216131587476e+06    
8.2226071310282080e+15    7.6148818805083493e+06    
8.2356906860782530e+15    6.9061995990843442e+05    
8.2487742411282990e+15    7.9835984283802880e+05    
8.2618577961783440e+15    1.0299276082005838e+07    
8.2749413512283900e+15    1.9429622960650813e+07    
8.2880249062784350e+15    2.0077716992952975e+06    
8.3011084613284810e+15    3.1784725441707484e+06    
8.3141920163785260e+15    2.5815329147906494e+06    
8.3272755714285720e+15    1.6212617076459602e+06    
8.3403591264786170e+15    5.2854560622126767e+06    
8.3534426815286630e+15    1.0337910834906164e+06    
8.3665262365787080e+15    5.5882990725743491e+06    
8.3796097916287540e+15    8.7884574372341146e+05    
8.3926933466787990e+15    3.1484487111801858e+05    
8.4057769017288450e+15    1.3675619471630587e+06    
8.4188604567788900e+15    9.0712072130479058e+05    
8.4319440118289360e+15    6.3856461992488406e+05    
8.4450275668789810e+15    2.6036841403997666e+05    
8.4581111219290270e+15    3.3520178359023371e+05    
8.4711946769790720e+15    5.6624557225687057e+05    
8.4842782320291180e+15    1.0526264011809655e+05    
8.4973617870791630e+15    2.4984792201766274e+06    
8.5104453421292080e+15    5.4698797212906284e+06    
8.5235288971792540e+15    1.3965118425136211e+06    
8.5366124522292990e+15    1.5788095375848052e+06    
8.5496960072793450e+15    3.1569276651939307e+05    
8.5627795623293900e+15    3.2586102571252482e+06    
8.5758631173794360e+15    2.7805294933183130e+05    
8.5889466724294810e+15    1.0819973702911631e+05    
8.6020302274795270e+15    2.3803429626037760e+05    
8.6151137825295720e+15    1.3240646637703443e+05    
8.6281973375796180e+15    1.4649617283667765e+04    
8.6412808926296630e+15    2.7977868610081496e+04    
8.6543644476797090e+15    3.7389350047319305e+04    
8.6674480027297540e+15    3.3907115911258879e+04    
8.6805315577798000e+15    1.1522486280692279e+05    
8.6936151128298450e+15    3.4898886111694876e+04    
8.7066986678798910e+15    9.8921680151352484e+04    
8.7197822229299360e+15    9.6509202205395253e+04    
8.7328657779799820e+15    2.8254055707080255e+05    
8.7459493330300270e+15    3.0208462062586634e+06    
8.7590328880800730e+15    4.7205038930839574e+05    
8.7721164431301180e+15    4.6401317793368665e+05    
8.7851999981801640e+15    2.9952492004729627e+05    
8.7982835532302090e+15    9.1666823195933903e+04    
8.8113671082802550e+15    1.7401949827115182e+05    
8.8244506633303000e+15    9.3424405669080545e+04    
8.8375342183803460e+15    1.3979110586134391e+05    
8.8506177734303910e+15    5.8448886201812047e+03    
8.8637013284804370e+15    4.9349748429436760e+04    
8.8767848835304820e+15    1.3652477544487434e+05    
8.8898684385805280e+15    1.4399422873453758e+05    
8.9029519936305730e+15    8.3997416187486651e+03    
8.9160355486806190e+15    6.5244124991712742e+05    
8.9291191037306640e+15    2.2969741288201738e+05    
8.9422026587807100e+15    7.1142315090583725e+04    
8.9552862138307550e+15    1.5626263828697515e+05    
8.9683697688808010e+15    2.6417735068998818e+05    
8.9814533239308460e+15    2.3864450931967911e+05    
8.9945368789808920e+15    5.7156592702859503e+04    
9.0076204340309360e+15    2.3029647730223491e+05    
9.0207039890809840e+15    3.7783812878594916e+04    
9.0337875441310280e+15    1.5234782902307209e+05    
9.0468710991810740e+15    1.6536025406086599e+05    
9.0599546542311200e+15    1.3688654864391804e+05    
9.0730382092811640e+15    4.5200550877821232e+04    
9.0861217643312100e+15    8.3112366760843783e+04    
9.0992053193812560e+15    5.8837601729026697e+04    
9.1122888744313000e+15    2.0990123661979678e+05    
9.1253724294813460e+15    1.6095381670254536e+05    
9.1384559845313920e+15    1.6405021438896123e+05    
9.1515395395814380e+15    5.7752958359809614e+04    
9.1646230946314840e+15    7.4098634362441924e+04    
9.1777066496815280e+15    3.1553895086004230e+05    
9.1907902047315740e+15    1.5388437998987548e+05    
9.2038737597816200e+15    4.3051583183912496e+05    
9.2169573148316660e+15    6.5502039295641851e+04    
9.2300408698817100e+15    2.3182360238634632e+04    
9.2431244249317560e+15    1.4756080401735252e+05    
9.2562079799818020e+15    9.3649948951152226e+04    
9.2692915350318480e+15    7.3673586771221080e+03    
9.2823750900818920e+15    1.1542454998536361e+05    
9.2954586451319380e+15    6.1188176657696429e+04    
9.3085422001819840e+15    3.8542589732978980e+04    
9.3216257552320300e+15    1.8822254586289288e+04    
9.3347093102820740e+15    1.1315519408889224e+04    
9.3477928653321200e+15    6.2734369693164745e+03    
9.3608764203821660e+15    1.8934441360530542e+04    
9.3739599754322120e+15    2.9276776123819192e+05    
9.3870435304822560e+15    1.6136153439293959e+05    
9.4001270855323020e+15    1.4794481260600447e+05    
9.4132106405823480e+15    3.7582459926042706e+05    
9.4262941956323940e+15    1.8063560619250400e+05    
9.4393777506824380e+15    1.7465228495664793e+05    
9.4524613057324840e+15    1.2272496175732650e+05    
9.4655448607825300e+15    1.4341831293548594e+05    
9.4786284158325760e+15    1.2590617968731924e+05    
9.4917119708826200e+15    8.4132637431066410e+04    
9.5047955259326660e+15    4.2838405654707924e+04    
9.5178790809827120e+15    2.1762202830322818e+04    
9.5309626360327580e+15    1.8627546190775109e+04    
9.5440461910828020e+15    1.1883734740232752e+04    
9.5571297461328480e+15    7.4736168671633266e+02    
9.5702133011828940e+15    1.0337257421537912e+05    
9.5832968562329400e+15    1.4873903763180895e+05    
9.5963804112829840e+15    2.8568371826158480e+04    
9.6094639663330300e+15    6.8700122393973716e+03    
9.6225475213830760e+15    1.7378852351430520e+04    
9.6356310764331220e+15    1.1545588102902613e+04    
9.6487146314831660e+15    1.3392728611660870e+04    
9.6617981865332120e+15    1.3217577183295754e+04    
9.6748817415832580e+15    4.6400599698595843e+03    
9.6879652966333040e+15    4.9606289418870830e+02    
9.7010488516833480e+15    1.2052306787017078e+04    
9.7141324067333940e+15    3.6056225790280696e+03    
9.7272159617834400e+15    5.6322669174366602e+03    
9.7402995168334860e+15    1.3300447714619762e+04    
9.7533830718835300e+15    4.0774626403496513e+04    
9.7664666269335760e+15    3.7090151383986613e+03    
9.7795501819836220e+15    5.3969176683873766e+03    
9.7926337370336680e+15    5.3497911542888760e+03    
9.8057172920837120e+15    5.9279746343982033e+03    
9.8188008471337580e+15    4.0970199652192736e+02    
9.8318844021838040e+15    4.9977552505520434e+03    
9.8449679572338500e+15    8.5461892900544954e+03    
9.8580515122838940e+15    1.4058058428834934e+03    
9.8711350673339400e+15    4.3027543831855664e+03    
9.8842186223839860e+15    4.9626098538418437e+03    
9.8973021774340320e+15    7.3164075287496735e+03    
9.9103857324840760e+15    2.7003386467485529e+04    
9.9234692875341220e+15    4.8110783886006293e+03    
9.9365528425841680e+15    1.0038074079085421e+03    
9.9496363976342140e+15    9.0568700748447498e+01    
9.9627199526842580e+15    8.8619185763800306e+03    
9.9758035077343040e+15    1.3111587315436942e+04    
9.9888870627843500e+15    4.7736518403767923e+03    
1.0001970617834396e+16    1.0617119706146204e+03    
1.0015054172884440e+16    2.9332725197884292e+03    
1.0028137727934486e+16    8.8377920813994278e+03    
1.0041221282984532e+16    3.6647792543689939e+03    
1.0054304838034578e+16    1.6917881770051827e+04    
1.0067388393084622e+16    1.5020005223557322e+04    
1.0080471948134668e+16    1.9333956133629152e+04    
1.0093555503184714e+16    4.8272283925516911e+02    
1.0106639058234760e+16    3.0111401791967455e+03    
1.0119722613284804e+16    1.1590053145498166e+03    
1.0132806168334850e+16    6.8185357688322085e+02    
1.0145889723384896e+16    4.2296307786875980e+02    
1.0158973278434940e+16    2.0717971371022095e+03    
1.0172056833484986e+16    1.7035498354606489e+03    
1.0185140388535032e+16    3.3261870537117497e+03    
1.0198223943585078e+16    3.5387963859769479e+03    
1.0211307498635122e+16    1.0229980604123119e+04    
1.0224391053685168e+16    4.2949664124444562e+03    
1.0237474608735214e+16    1.1390644102178599e+04    
1.0250558163785260e+16    7.2504500282302515e+03    
1.0263641718835304e+16    2.2819295820277821e+03    
1.0276725273885350e+16    7.0474032317253022e+02    
1.0289808828935396e+16    6.9360652749692804e+02    
1.0302892383985442e+16    2.5630319054039737e+03    
1.0315975939035486e+16    4.6389826264046303e+02    
1.0329059494085532e+16    1.2867099361158826e+03    
1.0342143049135578e+16    4.4195445084167313e+03    
1.0355226604185624e+16    2.8030713612950325e+02    
1.0368310159235668e+16    4.8716102447708190e+03    
1.0381393714285714e+16    8.7485443157858699e+03    
1.0394477269335760e+16    7.3284457784990936e+03    
1.0407560824385806e+16    1.3127238221824309e+03    
1.0420644379435850e+16    1.1229214558283645e+03    
1.0433727934485896e+16    4.0214680434045715e+02    
1.0446811489535942e+16    3.5131195677639162e+03    
1.0459895044585988e+16    1.0406363339202167e+03    
1.0472978599636032e+16    1.3875725486031737e+02    
1.0486062154686078e+16    4.3835797568455831e+02    
1.0499145709736124e+16    1.4997161126703148e+02    
1.0512229264786170e+16    5.5217992743831292e+03    
1.0525312819836214e+16    5.7052505299528493e+03    
1.0538396374886260e+16    3.5906784489789952e+03    
1.0551479929936306e+16    5.8646231932322007e+02    
1.0564563484986352e+16    6.1363696747861661e+02    
1.0577647040036396e+16    1.4371264588442073e+03    
1.0590730595086442e+16    1.2908071862977383e+02    
1.0603814150136488e+16    2.0436827331289018e+02    
1.0616897705186534e+16    9.3827569302962232e+01    
1.0629981260236578e+16    4.2663834210917351e+01    
1.0643064815286624e+16    6.2044557334407943e+02    
1.0656148370336670e+16    2.3540348199960972e+03    
1.0669231925386716e+16    2.4210812687247576e+03    
1.0682315480436760e+16    6.3437482270628095e+02    
1.0695399035486806e+16    8.6309472640114919e+01    
1.0708482590536852e+16    3.8145235319890226e+01    
1.0721566145586898e+16    1.1275065672273499e+01    
1.0734649700636942e+16    4.4978566159538957e+01    
1.0747733255686988e+16    4.3604073812045378e+01    
1.0760816810737034e+16    5.0836884096960114e+02    
1.0773900365787080e+16    7.9500817892205521e+02    
1.0786983920837124e+16    1.8575542986967973e+03    
1.0800067475887170e+16    2.2061869805792984e+01    
1.0813151030937216e+16    2.6938561535434992e+01    
1.0826234585987262e+16    6.9821045076251863e+01    
1.0839318141037306e+16    8.7128375796346404e+01    
1.0852401696087352e+16    1.6198934776238147e+02    
1.0865485251137398e+16    4.3150857876307469e+02    
1.0878568806187444e+16    2.3296373746055460e+02    
1.0891652361237488e+16    4.9779004931166406e+02    
1.0904735916287534e+16    5.8866273549194000e+02    
1.0917819471337580e+16    1.0050568368611171e+02    
1.0930903026387626e+16    2.9600172957409984e+02    
1.0943986581437670e+16    3.3544289482385580e+01    
1.0957070136487716e+16    5.5317381193820985e+01    
1.0970153691537762e+16    8.7102612414624753e+02    
1.0983237246587808e+16    5.2675384166632193e+02    
1.0996320801637852e+16    3.0546773746539247e+02    
1.1009404356687898e+16    1.4871675247579935e+02    
1.1022487911737944e+16    8.1423473140358524e+01    
1.1035571466787990e+16    5.1867868443861948e+02    
1.1048655021838034e+16    2.1329534499343910e+02    
1.1061738576888080e+16    3.5955173183808839e+01    
1.1074822131938126e+16    2.8920118255740160e+01    
1.1087905686988172e+16    6.4197663669041802e+01    
1.1100989242038216e+16    1.9934643151747545e+02    
1.1114072797088262e+16    8.8556087606504533e+01    
1.1127156352138308e+16    1.2287702691679234e+01    
1.1140239907188354e+16    8.6831070214212744e+01    
1.1153323462238398e+16    4.9514741506623614e+02    
1.1166407017288444e+16    8.2939347036902871e+02    
1.1179490572338490e+16    3.9797092395376088e-01    
1.1192574127388536e+16    1.3324495155998332e+02    
1.1205657682438580e+16    6.0683189425944242e+01    
1.1218741237488626e+16    8.3861757899964786e+00    
1.1231824792538672e+16    2.6784204089844525e+01    
1.1244908347588718e+16    2.3077042263376993e+02    
1.1257991902638762e+16    3.1486744876957079e+02    
1.1271075457688808e+16    5.9570887043131893e+02    
1.1284159012738854e+16    2.1911794317684331e+02    
1.1297242567788900e+16    3.5261915552479273e+01    
1.1310326122838944e+16    1.4081542583469234e+01    
1.1323409677888990e+16    2.3188840280514313e+01    
1.1336493232939036e+16    1.2927875112177733e+02    
1.1349576787989082e+16    3.2526484362991297e+01    
1.1362660343039126e+16    2.3918654789621204e+01    
1.1375743898089172e+16    3.2808224503091856e+02    
1.1388827453139218e+16    3.3122953265317034e+02    
1.1401911008189264e+16    1.7787247054860028e+01    
1.1414994563239308e+16    3.0770940965862831e+01    
1.1428078118289354e+16    6.3183756810913174e+01    
1.1441161673339400e+16    5.5400796087049491e+00    
1.1454245228389446e+16    6.0472193431415322e+00    
1.1467328783439490e+16    2.0546963778432119e+01    
1.1480412338489536e+16    2.3270150732473252e+02    
1.1493495893539582e+16    1.8577109435246606e+02    
1.1506579448589628e+16    1.7101982555428654e+02    
1.1519663003639672e+16    1.0239110772449433e+01    
1.1532746558689718e+16    7.4852122156704839e+00    
1.1545830113739764e+16    7.4243981586346541e-01    
1.1558913668789810e+16    2.6188647459703912e+01    
1.1571997223839854e+16    3.3768027092277137e+01    
1.1585080778889900e+16    9.2403826619945178e+01    
1.1598164333939946e+16    1.4809745459862603e+02    
1.1611247888989992e+16    6.3754707376797111e+00    
1.1624331444040036e+16    8.3089878047750663e+00    
1.1637414999090082e+16    1.2955445507961000e+01    
1.1650498554140128e+16    1.3157893301305624e+01    
1.1663582109190174e+16    4.5111927118265257e+01    
1.1676665664240218e+16    3.1764665679953987e+00    
1.1689749219290264e+16    3.3356100033057395e+01    
1.1702832774340310e+16    1.0380229596177239e+01    
1.1715916329390356e+16    1.2138404787931529e+01    
1.1728999884440400e+16    1.4353958605958804e+01    
1.1742083439490446e+16    4.3771203179581724e+00    
1.1755166994540492e+16    1.3948652358660912e+01    
1.1768250549590538e+16    3.1003098558609525e+00    
1.1781334104640582e+16    5.5597942828671476e-01    
1.1794417659690628e+16    1.8027873491833677e+01    
1.1807501214740674e+16    1.1632241876344532e+01    
1.1820584769790720e+16    6.7363698323662049e+01    
1.1833668324840764e+16    6.1416022547099836e+00    
1.1846751879890810e+16    7.2416388123752318e-01    
1.1859835434940856e+16    8.1415062910287073e-01    
1.1872918989990900e+16    1.1464138007148925e+00    
1.1886002545040946e+16    6.2762399508011786e+00    
1.1899086100090992e+16    3.2658821104347872e+01    
1.1912169655141038e+16    1.7473089689348505e+01    
1.1925253210191082e+16    3.7982552040252471e-01    
1.1938336765241128e+16    1.0039444181205381e+00    
1.1951420320291174e+16    1.1725404489409257e+00    
1.1964503875341220e+16    1.1731185671581239e+00    
1.1977587430391264e+16    8.3501814949143593e+00    
1.1990670985441310e+16    7.7067689300485434e+00    
1.2003754540491356e+16    4.5314503249000602e+00    
1.2016838095541402e+16    2.1884771685190758e+00    
1.2029921650591446e+16    9.6245556897978635e-01    
1.2043005205641492e+16    1.5565777708496475e+01    
1.2056088760691538e+16    5.0348224209005634e+00    
1.2069172315741584e+16    2.0782962054985472e+01    
1.2082255870791628e+16    1.4045423462764903e+01    
1.2095339425841674e+16    1.7608003993022319e+00    
1.2108422980891720e+16    4.7860656885867092e+00    
1.2121506535941766e+16    1.0226572115706981e+01    
1.2134590090991810e+16    2.4442271088739078e+00    
1.2147673646041856e+16    2.1859075124090048e+00    
1.2160757201091902e+16    1.6423369060304562e+01    
1.2173840756141948e+16    7.3011237818688555e+00    
1.2186924311191992e+16    6.9730743967436721e+00    
1.2200007866242038e+16    1.3606341452574739e+00    
1.2213091421292084e+16    4.5927205609864066e+00    
1.2226174976342130e+16    2.9796315198019591e-01    
1.2239258531392174e+16    1.7493844872150488e-01    
1.2252342086442220e+16    1.3660027096351557e+01    
1.2265425641492266e+16    9.1185707561481344e+00    
1.2278509196542312e+16    8.1171556056249439e-01    
1.2291592751592356e+16    3.0637278092291780e+00    
1.2304676306642402e+16    4.6621535649282626e-02    
1.2317759861692448e+16    2.5909392930943094e+00    
1.2330843416742494e+16    6.6406096844024791e+00    
1.2343926971792538e+16    1.3522445155575294e+01    
1.2357010526842584e+16    7.9032305137617431e-01    
1.2370094081892630e+16    3.9978058795313814e-01    
1.2383177636942676e+16    8.1195923549571880e-01    
1.2396261191992720e+16    1.3458693448662580e+00    
1.2409344747042766e+16    5.1978464963285242e-01    
1.2422428302092812e+16    1.6528203459194245e+01    
1.2435511857142858e+16    1.4535524457438165e-01    
1.2448595412192902e+16    1.1703854867149763e+00    
1.2461678967242948e+16    5.5300634210166510e-02    
1.2474762522292994e+16    9.1314623363272771e-02    
1.2487846077343040e+16    2.0692141021601906e-01    
1.2500929632393084e+16    9.7100729136696380e+00    
1.2514013187443130e+16    1.6054498234924401e+00    
1.2527096742493176e+16    1.1534430401099996e-01    
1.2540180297543222e+16    1.2045670569834606e-01    
1.2553263852593266e+16    4.6841251979887272e-01    
1.2566347407643312e+16    1.1702593812874313e+00    
1.2579430962693358e+16    3.4981024078689100e+00    
1.2592514517743404e+16    3.5217747046121006e-01    
1.2605598072793448e+16    1.9993538978873279e-01    
1.2618681627843494e+16    4.6596670941412038e-01    
1.2631765182893540e+16    6.5821630265712439e-01    
1.2644848737943586e+16    4.1859882466501130e-01    
1.2657932292993630e+16    3.1477497771128546e+00    
1.2671015848043676e+16    1.3308580794619687e-01    
1.2684099403093722e+16    7.6041448275596890e-01    
1.2697182958143768e+16    1.5146979115548169e+00    
1.2710266513193812e+16    1.2400055257978528e-01    
1.2723350068243858e+16    3.8982534200113117e-01    
1.2736433623293904e+16    3.5090264062451976e-01    
1.2749517178343950e+16    8.9761510136274880e-01    
1.2762600733393994e+16    1.8579390422562841e-01    
1.2775684288444040e+16    6.3895013047274782e-02    
1.2788767843494086e+16    6.0486782261422858e-02    
1.2801851398544132e+16    3.3210830294205856e-01    
1.2814934953594176e+16    5.9306932123829904e-02    
1.2828018508644222e+16    9.4731110762671072e-02    
1.2841102063694268e+16    6.9161907837215361e-02    
1.2854185618744314e+16    9.8692774740415837e-02    
1.2867269173794358e+16    1.8924413336049838e-02    
1.2880352728844404e+16    1.3323842739894804e+00    
1.2893436283894450e+16    1.8790821061435115e-01    
1.2906519838944496e+16    1.0326996564955536e-01    
1.2919603393994540e+16    7.7534696260506922e-02    
1.2932686949044586e+16    4.3934385300546152e-03    
1.2945770504094632e+16    1.3248110907294159e+00    
1.2958854059144678e+16    1.4240426662944758e-01    
1.2971937614194722e+16    5.5844302014020970e-02    
1.2985021169244768e+16    6.1393512923355753e-01    
1.2998104724294814e+16    1.1469664524726539e-01    
1.3011188279344860e+16    2.3235552950370505e-01    
1.3024271834394904e+16    4.2118992996431454e-01    
1.3037355389444950e+16    6.6245461174052458e-02    
1.3050438944494996e+16    1.3329343814296690e-01    
1.3063522499545042e+16    7.2796167430107361e-02    
1.3076606054595086e+16    5.2834120217409141e-03    
1.3089689609645132e+16    1.1556775280617033e+00    
1.3102773164695178e+16    1.6411355702032449e-02    
1.3115856719745224e+16    8.1186084171332454e-02    
1.3128940274795268e+16    1.1960728129989388e-02    
1.3142023829845314e+16    1.0179735205714804e-01    
1.3155107384895360e+16    7.6977976584026786e-01    
1.3168190939945406e+16    1.0924650321639449e-02    
1.3181274494995450e+16    4.3475759293939306e-02    
1.3194358050045496e+16    1.4804375146242349e-01    
1.3207441605095542e+16    3.6156923499909642e-02    
1.3220525160145588e+16    1.3542902833733375e+00    
1.3233608715195632e+16    1.7575598110182184e-02    
1.3246692270245678e+16    1.6761953498484689e-01    
1.3259775825295724e+16    2.4352574357617892e-03    
1.3272859380345770e+16    1.6069839853394462e-02    
1.3285942935395814e+16    7.2286478109397934e-01    
1.3299026490445860e+16    1.3393569783922926e-01    
1.3312110045495906e+16    1.6588781340209763e-02    
1.3325193600545952e+16    2.4811990360645662e-02    
1.3338277155595996e+16    7.4993490271399538e-02    
1.3351360710646042e+16    3.2269802652919061e-01    
1.3364444265696088e+16    7.1914041805104349e-03    
1.3377527820746134e+16    3.9695043561318033e-03    
1.3390611375796178e+16    1.5739819858033095e-02    
1.3403694930846224e+16    1.0499522334792034e-01    
1.3416778485896270e+16    6.6992408672593123e-02    
1.3429862040946316e+16    3.1695652644520837e-02    
1.3442945595996360e+16    9.0836680954981736e-02    
1.3456029151046406e+16    6.0335216519115361e-03    
1.3469112706096452e+16    3.1144588276071467e-01    
1.3482196261146498e+16    6.4937127744925147e-02    
1.3495279816196542e+16    8.8777448400538903e-02    
1.3508363371246588e+16    3.1116711188371444e-03    
1.3521446926296634e+16    2.2395267193399529e-02    
1.3534530481346678e+16    1.7300330221901425e-01    
1.3547614036396724e+16    1.8258113305282441e-02    
1.3560697591446770e+16    2.9824800826460903e-04    
1.3573781146496816e+16    2.8819616870349595e-03    
1.3586864701546860e+16    1.6932140840254375e-01    
1.3599948256596906e+16    3.8031806385986967e-03    
1.3613031811646952e+16    4.7156789114398195e-03    
1.3626115366696998e+16    3.8416887337550717e-03    
1.3639198921747042e+16    1.9837002990085554e-04    
1.3652282476797088e+16    8.7761491356663536e-03    
1.3665366031847134e+16    5.5489741967248637e-03    
1.3678449586897180e+16    3.1074992179764050e-02    
1.3691533141947224e+16    9.5545250304873049e-03    
1.3704616696997270e+16    3.9475329878042760e-02    
1.3717700252047316e+16    5.1277980601489052e-03    
1.3730783807097362e+16    8.5585521033577933e-03    
1.3743867362147406e+16    1.0100205442234866e-02    
1.3756950917197452e+16    5.0118721780468015e-02    
1.3770034472247498e+16    4.6094958090558760e-03    
1.3783118027297544e+16    1.7002594341132000e-02    
1.3796201582347588e+16    1.1170670519310604e-03    
1.3809285137397634e+16    1.5445256056701178e-02    
1.3822368692447680e+16    6.2347474895570777e-03    
1.3835452247497726e+16    9.4800110657626124e-03    
1.3848535802547770e+16    4.3978290392288327e-03    
1.3861619357597816e+16    7.1526358796659383e-03    
1.3874702912647862e+16    6.6828512863209228e-03    
1.3887786467697908e+16    2.0236366466542238e-03    
1.3900870022747952e+16    2.1545243969575676e-03    
1.3913953577797998e+16    4.8487883234422345e-03    
1.3927037132848044e+16    3.5361970550808245e-03    
1.3940120687898090e+16    3.9482737639206138e-03    
1.3953204242948134e+16    1.7848407487915539e-03    
1.3966287797998180e+16    2.5356100845604452e-03    
1.3979371353048226e+16    3.3673093008683437e-02    
1.3992454908098272e+16    2.7896944113810695e-03    
1.4005538463148316e+16    2.5533958241184284e-03    
1.4018622018198362e+16    3.3068691067384194e-03    
1.4031705573248408e+16    4.2386445829392626e-03    
1.4044789128298454e+16    6.1596682345827316e-04    
1.4057872683348498e+16    6.9312820704104056e-04    
1.4070956238398544e+16    2.8938613544433329e-03    
1.4084039793448590e+16    7.5811489030697893e-03    
1.4097123348498636e+16    3.9817297300214702e-03    
1.4110206903548680e+16    2.9838565311226959e-04    
1.4123290458598726e+16    1.6688116764696177e-02    
1.4136374013648772e+16    4.7367913957433961e-03    
1.4149457568698818e+16    1.1811465148171439e-03    
1.4162541123748862e+16    1.3102702860596199e-03    
1.4175624678798908e+16    2.2303955925966231e-02    
1.4188708233848954e+16    5.5820205442286524e-04    
1.4201791788899000e+16    1.6343542003054280e-03    
1.4214875343949044e+16    6.0154342124603272e-03    
1.4227958898999090e+16    1.6731881607072282e-02    
1.4241042454049136e+16    9.4381346027096641e-05    
1.4254126009099182e+16    5.6557787862677265e-03    
1.4267209564149226e+16    3.4473030500337134e-03    
1.4280293119199272e+16    1.3632683872104867e-03    
1.4293376674249318e+16    2.9773477463073527e-03    
1.4306460229299364e+16    1.1558193323492421e-03    
1.4319543784349408e+16    2.2242289003522549e-02    
1.4332627339399454e+16    4.3079770416191667e-04    
1.4345710894449500e+16    1.6778683556051735e-03    
1.4358794449499546e+16    6.7418732858120662e-05    
1.4371878004549590e+16    4.3553320252922717e-03    
1.4384961559599636e+16    2.0364798887267737e-04    
1.4398045114649682e+16    1.0550744933563109e-04    
1.4411128669699728e+16    6.6368027668374675e-03    
1.4424212224749772e+16    8.2556848602705437e-04    
1.4437295779799818e+16    4.4896180345472522e-04    
1.4450379334849864e+16    8.5735463849774107e-04    
1.4463462889899910e+16    1.2850209526593603e-03    
1.4476546444949954e+16    3.3787753705345687e-04    
1.4489630000000000e+16    2.2540457834137076e-04    
