#DataSignature: 0
#FileSignature: 0
#OperatorSignature: 2
#legend: No Name
#logy: logy
#sim_duration: 0.000200
#title_str: z = 
#tlabel: z
#tscale: 0.007058
#tscale_str: $L_{NL}$
#tunit_str: m
#xcordID: ST
#xlabel: $\\omega$
#xunit_str: $s^{-1}$
#ycordID: null
#ylabel: I
#yscale_str: arb.
#yunit_str: arb.
  4.7091289182721331e+14  1.7911482257854204e+09
  5.4939837379841550e+14  6.0289756099945059e+09
  6.2788385576961775e+14  1.9131952122554676e+10
  7.0636933774082000e+14  6.2545597118305695e+10
  7.8485481971202225e+14  2.4602542137312402e+11
  8.6334030168322450e+14  1.2508571926738669e+12
  9.4182578365442662e+14  7.1799539780005850e+12
  1.0203112656256288e+15  3.9719825560131078e+13
  1.0987967475968310e+15  1.9619390809283794e+14
  1.1772822295680332e+15  8.4225902948007700e+14
  1.2557677115392355e+15  3.1149576171459920e+15
  1.3342531935104378e+15  9.8953887873541520e+15
  1.4127386754816400e+15  2.6974269750604860e+16
  1.4912241574528422e+15  6.3073264176715600e+16
  1.5697096394240442e+15  1.2649139520263731e+17
  1.6481951213952465e+15  2.1755748279040304e+17
  1.7266806033664488e+15  3.2090409235584634e+17
  1.8051660853376510e+15  4.0593880745669792e+17
  1.8836515673088532e+15  4.4038005870446246e+17
  1.9621370492800555e+15  4.0970816472302445e+17
  2.0406225312512578e+15  3.2688861091446950e+17
  2.1191080132224598e+15  2.2366723019176589e+17
  2.1975934951936620e+15  1.3124589531271757e+17
  2.2760789771648645e+15  6.6049327857636320e+16
  2.3545644591360665e+15  2.8511414783960560e+16
  2.4330499411072690e+15  1.0562514073863980e+16
  2.5115354230784710e+15  3.3641747023807755e+15
  2.5900209050496735e+15  9.2666350727253338e+14
  2.6685063870208755e+15  2.2523633533775916e+14
  2.7469918689920780e+15  5.1575248649160570e+13
  2.8254773509632800e+15  1.3134077629086037e+13
  2.9039628329344825e+15  4.5307927393173398e+12
  2.9824483149056845e+15  2.0349685286024919e+12
  3.0609337968768865e+15  9.9054412730037866e+11
  3.1394192788480890e+15  4.7294534240003577e+11
  3.2179047608192910e+15  2.1541582546382983e+11
  3.2963902427904935e+15  9.3230040144835632e+10
  3.3748757247616955e+15  3.8435991475361877e+10
  3.4533612067328980e+15  1.5190510105710354e+10
  3.5318466887041000e+15  5.8381655904977188e+09
  3.6103321706753025e+15  2.2610158228892274e+09
  3.6888176526465045e+15  9.6083232507339144e+08
  3.7673031346177065e+15  5.2404914138531262e+08
  3.8457886165889090e+15  4.3064130020883381e+08
  3.9242740985601110e+15  5.5969239415280712e+08
  4.0027595805313135e+15  1.0628011522886820e+09
  4.0812450625025155e+15  2.5072775530968142e+09
  4.1597305444737180e+15  6.3848177634100227e+09
  4.2382160264449200e+15  1.6303215774675303e+10
  4.3167015084161220e+15  4.0480099245165810e+10
  4.3951869903873245e+15  9.6541016548777618e+10
  4.4736724723585265e+15  2.1998332615093695e+11
  4.5521579543297290e+15  4.7771376286112415e+11
  4.6306434363009310e+15  9.8729603828209473e+11
  4.7091289182721330e+15  1.9403408814310774e+12
  4.7876144002433350e+15  3.6244680753502520e+12
  4.8660998822145370e+15  6.4329585826881641e+12
  4.9445853641857400e+15  1.0846553181764303e+13
  5.0230708461569420e+15  1.7371334469642217e+13
  5.1015563281281440e+15  2.6424173112517664e+13
  5.1800418100993460e+15  3.8174739223485711e+13
  5.2585272920705480e+15  5.2377596998069422e+13
  5.3370127740417510e+15  6.8250208305481289e+13
  5.4154982560129530e+15  8.4459641355064922e+13
  5.4939837379841550e+15  9.9261731576605391e+13
  5.5724692199553570e+15  1.1079093294452744e+14
  5.6509547019265590e+15  1.1744113722567317e+14
  5.7294401838977620e+15  1.1823205805739634e+14
  5.8079256658689640e+15  1.1304624763663988e+14
  5.8864111478401660e+15  1.0265780931957386e+14
  5.9648966298113680e+15  8.8543119727155234e+13
  6.0433821117825710e+15  7.2537261200017031e+13
  6.1218675937537730e+15  5.6446146504548477e+13
  6.2003530757249750e+15  4.1726116102862867e+13
  6.2788385576961770e+15  2.9304338688706742e+13
  6.3573240396673790e+15  1.9556041654472875e+13
  6.4358095216385820e+15  1.2404203181718900e+13
  6.5142950036097840e+15  7.4811928460282734e+12
  6.5927804855809860e+15  4.2929788160505688e+12
  6.6712659675521880e+15  2.3461562042044893e+12
  6.7497514495233910e+15  1.2230086391169302e+12
  6.8282369314945930e+15  6.0955641235719299e+11
  6.9067224134657950e+15  2.9155227727216052e+11
  6.9852078954369970e+15  1.3457963180214488e+11
  7.0636933774081990e+15  6.0450303922464409e+10
  7.1421788593794020e+15  2.6730966371689850e+10
  7.2206643413506040e+15  1.1815463472598434e+10
  7.2991498233218060e+15  5.3196019542605972e+09
  7.3776353052930080e+15  2.4961662768468142e+09
  7.4561207872642100e+15  1.2586882834182720e+09
  7.5346062692354130e+15  7.1305323131394041e+08
  7.6130917512066150e+15  4.8081918067849851e+08
  7.6915772331778170e+15  4.0551109450610280e+08
  7.7700627151490190e+15  4.3213215105318701e+08
  7.8485481971202220e+15  5.6173655176505625e+08
  7.9270336790914240e+15  8.3876575967579401e+08
  8.0055191610626260e+15  1.3541208538416462e+09
  8.0840046430338280e+15  2.2571498342072573e+09
  8.1624901250050300e+15  3.7729836261272211e+09
  8.2409756069762330e+15  6.2217161821086435e+09
  8.3194610889474350e+15  1.0034479977657347e+10
  8.3979465709186370e+15  1.5759482765311773e+10
  8.4764320528898390e+15  2.4049443778220860e+10
  8.5549175348610420e+15  3.5621633480102890e+10
  8.6334030168322440e+15  5.1183934133777069e+10
  8.7118884988034460e+15  7.1325720897399567e+10
  8.7903739807746480e+15  9.6380845527239670e+10
  8.8688594627458500e+15  1.2628034506823869e+11
  8.9473449447170530e+15  1.6042220854727536e+11
  9.0258304266882560e+15  1.9759130261802475e+11
  9.1043159086594580e+15  2.3596118148674298e+11
  9.1828013906306600e+15  2.7319913695611981e+11
  9.2612868726018620e+15  3.0667708175447333e+11
  9.3397723545730640e+15  3.3376720411446259e+11
  9.4182578365442660e+15  3.5217862481497235e+11
