#DataSignature: 0
#FileSignature: 0
#OperatorSignature: 2
#legend: No Name
#logy: logy
#sim_duration: 0.019383
#title_str: z = 
#tlabel: z
#tscale: 0.007058
#tscale_str: $L_{NL}$
#tunit_str: m
#xcordID: ST
#xlabel: $\\omega$
#xunit_str: $s^{-1}$
#ycordID: null
#ylabel: I
#yscale_str: arb.
#yunit_str: arb.
  4.7091289182721331e+14  1.8533290880433926e+13
  5.4939837379841550e+14  1.9327159961327219e+13
  6.2788385576961775e+14  1.5485868777708268e+13
  7.0636933774082000e+14  1.9416112800644801e+13
  7.8485481971202225e+14  9.5695019290972844e+13
  8.6334030168322450e+14  4.4506125373381188e+14
  9.4182578365442662e+14  1.5454438783069965e+15
  1.0203112656256288e+15  4.3240973074033430e+15
  1.0987967475968310e+15  1.0265879602566416e+16
  1.1772822295680332e+15  2.1302678979454916e+16
  1.2557677115392355e+15  3.9377089361724528e+16
  1.3342531935104378e+15  6.5796839207146024e+16
  1.4127386754816400e+15  1.0071814871489581e+17
  1.4912241574528422e+15  1.4288258278732650e+17
  1.5697096394240442e+15  1.8905811424429219e+17
  1.6481951213952465e+15  2.3265364728526269e+17
  1.7266806033664488e+15  2.6286559485797443e+17
  1.8051660853376510e+15  2.6765553627776000e+17
  1.8836515673088532e+15  2.4148502222479552e+17
  1.9621370492800555e+15  1.9215164685417008e+17
  2.0406225312512578e+15  1.3855432626723517e+17
  2.1191080132224598e+15  9.8960379508402128e+16
  2.1975934951936620e+15  7.9751843536893616e+16
  2.2760789771648645e+15  7.4470376378631888e+16
  2.3545644591360665e+15  7.2211873220015296e+16
  2.4330499411072690e+15  6.6261785361685264e+16
  2.5115354230784710e+15  5.6375907988424576e+16
  2.5900209050496735e+15  4.5679249266589576e+16
  2.6685063870208755e+15  3.6871712864497848e+16
  2.7469918689920780e+15  3.0684940630659184e+16
  2.8254773509632800e+15  2.6413454515693900e+16
  2.9039628329344825e+15  2.3029900230250976e+16
  2.9824483149056845e+15  1.9864464073521692e+16
  3.0609337968768865e+15  1.6704516912203626e+16
  3.1394192788480890e+15  1.3610060649159000e+16
  3.2179047608192910e+15  1.0724950015288140e+16
  3.2963902427904935e+15  8.1861741673471030e+15
  3.3748757247616955e+15  6.1043106683244560e+15
  3.4533612067328980e+15  4.5575115069671380e+15
  3.5318466887041000e+15  3.5705815153599435e+15
  3.6103321706753025e+15  3.0885710227603040e+15
  3.6888176526465045e+15  2.9712453464170965e+15
  3.7673031346177065e+15  3.0262457831899205e+15
  3.8457886165889090e+15  3.0756311713680555e+15
  3.9242740985601110e+15  3.0283599102223545e+15
  4.0027595805313135e+15  2.9226211542046605e+15
  4.0812450625025155e+15  2.9118339083839085e+15
  4.1597305444737180e+15  3.1928780523002305e+15
  4.2382160264449200e+15  3.9036189462378965e+15
  4.3167015084161220e+15  5.0350573354440350e+15
  4.3951869903873245e+15  6.4010907875817170e+15
  4.4736724723585265e+15  7.6849599297407310e+15
  4.5521579543297290e+15  8.5462356934485320e+15
  4.6306434363009310e+15  8.7429561926151210e+15
  4.7091289182721330e+15  8.2156833341701980e+15
  4.7876144002433350e+15  7.0985488427247250e+15
  4.8660998822145370e+15  5.6573867512099940e+15
  4.9445853641857400e+15  4.1881018269957385e+15
  5.0230708461569420e+15  2.9223384328445435e+15
  5.1015563281281440e+15  1.9768219399816315e+15
  5.1800418100993460e+15  1.3563031214144782e+15
  5.2585272920705480e+15  9.9430095294289275e+14
  5.3370127740417510e+15  8.0381716209707300e+14
  5.4154982560129530e+15  7.1430914916157588e+14
  5.4939837379841550e+15  6.8464500683299588e+14
  5.5724692199553570e+15  6.9546246986902238e+14
  5.6509547019265590e+15  7.3269131210713812e+14
  5.7294401838977620e+15  7.7540402396165412e+14
  5.8079256658689640e+15  7.9610648847697400e+14
  5.8864111478401660e+15  7.7224392381686975e+14
  5.9648966298113680e+15  6.9909691273875388e+14
  6.0433821117825710e+15  5.9272167418888550e+14
  6.1218675937537730e+15  4.7940993694322656e+14
  6.2003530757249750e+15  3.7958138889475594e+14
  6.2788385576961770e+15  2.9904969051540044e+14
  6.3573240396673790e+15  2.3423102286886272e+14
  6.4358095216385820e+15  1.8560100092997809e+14
  6.5142950036097840e+15  1.6666912123357969e+14
  6.5927804855809860e+15  2.0002841311263706e+14
  6.6712659675521880e+15  3.0326560382316131e+14
  6.7497514495233910e+15  4.7561619783196625e+14
  6.8282369314945930e+15  6.9489459125063825e+14
  6.9067224134657950e+15  9.2561079637888500e+14
  6.9852078954369970e+15  1.1309213842313938e+15
  7.0636933774081990e+15  1.2795905546175830e+15
  7.1421788593794020e+15  1.3452777844110558e+15
  7.2206643413506040e+15  1.3042245383882662e+15
  7.2991498233218060e+15  1.1411218827957195e+15
  7.3776353052930080e+15  8.6646126022777712e+14
  7.4561207872642100e+15  5.3456196984318562e+14
  7.5346062692354130e+15  2.4105561099911172e+14
  7.6130917512066150e+15  8.5145630501718656e+13
  7.6915772331778170e+15  1.0814873922783062e+14
  7.7700627151490190e+15  2.4973860569371388e+14
  7.8485481971202220e+15  3.6941815507451388e+14
  7.9270336790914240e+15  3.4568407534984075e+14
  8.0055191610626260e+15  2.0287377611496866e+14
  8.0840046430338280e+15  1.7019482830823106e+14
  8.1624901250050300e+15  5.9513390467898838e+14
  8.2409756069762330e+15  1.7226213382401892e+15
  8.3194610889474350e+15  3.4635429209143950e+15
  8.3979465709186370e+15  5.3289534071236630e+15
  8.4764320528898390e+15  6.6378816911972210e+15
  8.5549175348610420e+15  6.9285714118551230e+15
  8.6334030168322440e+15  6.3157424527243250e+15
  8.7118884988034460e+15  5.4885946447532810e+15
  8.7903739807746480e+15  5.2392230643688310e+15
  8.8688594627458500e+15  5.7931673874797370e+15
  8.9473449447170530e+15  6.5131297725241430e+15
  9.0258304266882560e+15  6.4059950102705620e+15
  9.1043159086594580e+15  5.1852773303524210e+15
  9.1828013906306600e+15  3.9227637606886005e+15
  9.2612868726018620e+15  4.4337855210360345e+15
  9.3397723545730640e+15  7.7330302225816960e+15
  9.4182578365442660e+15  1.3031671609550246e+16
