#DataSignature: 0
#FileSignature: 0
#OperatorSignature: 2
#legend: No Name
#logy: logy
#sim_duration: 0.017581
#title_str: z = 
#tlabel: z
#tscale: 0.007058
#tscale_str: $L_{NL}$
#tunit_str: m
#xcordID: ST
#xlabel: $\\omega$
#xunit_str: $s^{-1}$
#ycordID: null
#ylabel: I
#yscale_str: arb.
#yunit_str: arb.
  4.7091289182721331e+14  7.7627076197338486e+12
  5.4939837379841550e+14  7.9472097952453740e+12
  6.2788385576961775e+14  1.0086364132756484e+13
  7.0636933774082000e+14  3.1716835152937656e+13
  7.8485481971202225e+14  1.3667101251031909e+14
  8.6334030168322450e+14  5.0233643172991188e+14
  9.4182578365442662e+14  1.5321445615821408e+15
  1.0203112656256288e+15  3.9957914419317520e+15
  1.0987967475968310e+15  9.1294013004278660e+15
  1.1772822295680332e+15  1.8587070337554748e+16
  1.2557677115392355e+15  3.4179967346534396e+16
  1.3342531935104378e+15  5.7504810467922448e+16
  1.4127386754816400e+15  8.9665542621918592e+16
  1.4912241574528422e+15  1.3096221544013562e+17
  1.5697096394240442e+15  1.7977819478676416e+17
  1.6481951213952465e+15  2.3020871716139750e+17
  1.7266806033664488e+15  2.7031871417857981e+17
  1.8051660853376510e+15  2.8509282352889395e+17
  1.8836515673088532e+15  2.6538314977494186e+17
  1.9621370492800555e+15  2.1665576082312390e+17
  2.0406225312512578e+15  1.5809164487778534e+17
  2.1191080132224598e+15  1.1060010647691552e+17
  2.1975934951936620e+15  8.3894336687227632e+16
  2.2760789771648645e+15  7.3701820469663328e+16
  2.3545644591360665e+15  6.9398697770117048e+16
  2.4330499411072690e+15  6.3192945281085936e+16
  2.5115354230784710e+15  5.3521641788027264e+16
  2.5900209050496735e+15  4.2744778829056016e+16
  2.6685063870208755e+15  3.3477128885338376e+16
  2.7469918689920780e+15  2.6729723164532176e+16
  2.8254773509632800e+15  2.2083271693909244e+16
  2.9039628329344825e+15  1.8632091476089820e+16
  2.9824483149056845e+15  1.5677026810091458e+16
  3.0609337968768865e+15  1.2913493729266906e+16
  3.1394192788480890e+15  1.0317170665141122e+16
  3.2179047608192910e+15  7.9772283170329910e+15
  3.2963902427904935e+15  5.9953475301088540e+15
  3.3748757247616955e+15  4.4510951685832585e+15
  3.4533612067328980e+15  3.3920187091780925e+15
  3.5318466887041000e+15  2.8196008752813205e+15
  3.6103321706753025e+15  2.6705215651794515e+15
  3.6888176526465045e+15  2.8100362899815710e+15
  3.7673031346177065e+15  3.0530123945486390e+15
  3.8457886165889090e+15  3.2135767730178925e+15
  3.9242740985601110e+15  3.1670074999160810e+15
  4.0027595805313135e+15  2.8973849689628945e+15
  4.0812450625025155e+15  2.5072156206758025e+15
  4.1597305444737180e+15  2.1802325631935585e+15
  4.2382160264449200e+15  2.1093893357546738e+15
  4.3167015084161220e+15  2.4188228610591710e+15
  4.3951869903873245e+15  3.1125571355110345e+15
  4.4736724723585265e+15  4.0711359913491750e+15
  4.5521579543297290e+15  5.0954779084019620e+15
  4.6306434363009310e+15  5.9761472680153490e+15
  4.7091289182721330e+15  6.5568827613451480e+15
  4.7876144002433350e+15  6.7679762685030440e+15
  4.8660998822145370e+15  6.6230347691398410e+15
  4.9445853641857400e+15  6.1907159679464530e+15
  5.0230708461569420e+15  5.5611585257113650e+15
  5.1015563281281440e+15  4.8223610121453760e+15
  5.1800418100993460e+15  4.0503937964071350e+15
  5.2585272920705480e+15  3.3080659196993000e+15
  5.3370127740417510e+15  2.6448603704641725e+15
  5.4154982560129530e+15  2.0950512870627532e+15
  5.4939837379841550e+15  1.6753658104635135e+15
  5.5724692199553570e+15  1.3845247075712545e+15
  5.6509547019265590e+15  1.2053067305858792e+15
  5.7294401838977620e+15  1.1085583419951138e+15
  5.8079256658689640e+15  1.0589825965355084e+15
  5.8864111478401660e+15  1.0227608227515092e+15
  5.9648966298113680e+15  9.7540136306081025e+14
  6.0433821117825710e+15  9.0612134253258975e+14
  6.1218675937537730e+15  8.1580881492379438e+14
  6.2003530757249750e+15  7.0994295544356225e+14
  6.2788385576961770e+15  5.9216427771511462e+14
  6.3573240396673790e+15  4.6388545817454369e+14
  6.4358095216385820e+15  3.2992480355292819e+14
  6.5142950036097840e+15  2.0428478639294662e+14
  6.5927804855809860e+15  1.0933477928404580e+14
  6.6712659675521880e+15  6.6823321669256414e+13
  6.7497514495233910e+15  8.6084726850692797e+13
  6.8282369314945930e+15  1.5784833504699116e+14
  6.9067224134657950e+15  2.5874451510427612e+14
  6.9852078954369970e+15  3.6422875961748256e+14
  7.0636933774081990e+15  4.6133542158508425e+14
  7.1421788593794020e+15  5.5197978639348475e+14
  7.2206643413506040e+15  6.4360820842709325e+14
  7.2991498233218060e+15  7.3347127354529562e+14
  7.3776353052930080e+15  7.9910188635081600e+14
  7.4561207872642100e+15  8.0500956705920688e+14
  7.5346062692354130e+15  7.2418541522268600e+14
  7.6130917512066150e+15  5.6031863188366550e+14
  7.6915772331778170e+15  3.5336527946342738e+14
  7.7700627151490190e+15  1.6224443524912850e+14
  7.8485481971202220e+15  3.6847471762328445e+13
  7.9270336790914240e+15  1.4878440610807576e+12
  8.0055191610626260e+15  6.2138526766847281e+13
  8.0840046430338280e+15  2.2622342610484819e+14
  8.1624901250050300e+15  5.0847174826247606e+14
  8.2409756069762330e+15  9.0935112676391725e+14
  8.3194610889474350e+15  1.3888317838514550e+15
  8.3979465709186370e+15  1.8830580039151902e+15
  8.4764320528898390e+15  2.3866717348467490e+15
  8.5549175348610420e+15  3.0492505647554370e+15
  8.6334030168322440e+15  4.1694255986895100e+15
  8.7118884988034460e+15  5.9984431343121930e+15
  8.7903739807746480e+15  8.4161209072892900e+15
  8.8688594627458500e+15  1.0727830436291384e+16
  8.9473449447170530e+15  1.1868462501481950e+16
  9.0258304266882560e+15  1.1053117060887066e+16
  9.1043159086594580e+15  8.4836475997077770e+15
  9.1828013906306600e+15  5.4831946546500160e+15
  9.2612868726018620e+15  3.7620998560124565e+15
  9.3397723545730640e+15  4.2936697204762135e+15
  9.4182578365442660e+15  6.7447567206146040e+15
