#legend:                       ArgonShock      
#logy:                         logy            
#plabel:                       z               
#pscale:                       1.31262         
#pscale_str:                   $L_{NL}$        
#punit_str:                    m               
#pval:                         0.369947        
#title_str:                    z =             
#xcordID:                      ST              
#xlabel:                       $\omega$        
#xunit_str:                    $s^{-1}$        
#ycordID:                      AU              
#ylabel:                       I               
#yscale_str:                   arb.            
#yunit_str:                    arb.            
1.1080300000000000e+14    1.0779386141924167e+14    
1.2388655505004550e+14    2.8870982529249006e+14    
1.3697011010009100e+14    7.1264695781610275e+14    
1.5005366515013650e+14    1.6461417980042482e+15    
1.6313722020018200e+14    3.5940448968672925e+15    
1.7622077525022750e+14    7.4682483757985630e+15    
1.8930433030027297e+14    1.4846118898532376e+16    
2.0238788535031847e+14    2.8362499007945684e+16    
2.1547144040036397e+14    5.2348113208304400e+16    
2.2855499545040947e+14    9.4072358268991216e+16    
2.4163855050045497e+14    1.6668456696099571e+17    
2.5472210555050047e+14    2.9683129553515693e+17    
2.6780566060054594e+14    5.4403807628539110e+17    
2.8088921565059144e+14    1.0464533563947734e+18    
2.9397277070063694e+14    2.1183605370685138e+18    
3.0705632575068244e+14    4.4347057045303025e+18    
3.2013988080072794e+14    9.3346543085625057e+18    
3.3322343585077344e+14    1.9239095425473757e+19    
3.4630699090081894e+14    3.8085289376866378e+19    
3.5939054595086444e+14    7.1538098229656347e+19    
3.7247410100090994e+14    1.2659863344471528e+20    
3.8555765605095538e+14    2.1022107271194257e+20    
3.9864121110100094e+14    3.2680930110313772e+20    
4.1172476615104644e+14    4.7504005997391217e+20    
4.2480832120109188e+14    6.4516248323648376e+20    
4.3789187625113738e+14    8.1832864663381973e+20    
4.5097543130118288e+14    9.6915852535018095e+20    
4.6405898635122838e+14    1.0715142216232020e+21    
4.7714254140127388e+14    1.1058239408711708e+21    
4.9022609645131938e+14    1.0651746556328090e+21    
5.0330965150136488e+14    9.5758358568176373e+20    
5.1639320655141038e+14    8.0343139966875101e+20    
5.2947676160145588e+14    6.2918311247009769e+20    
5.4256031665150138e+14    4.6004346107509427e+20    
5.5564387170154688e+14    3.1431146027211175e+20    
5.6872742675159238e+14    2.0102249940018364e+20    
5.8181098180163788e+14    1.2081890467751040e+20    
5.9489453685168338e+14    6.8786204144423297e+19    
6.0797809190172888e+14    3.7681714159070888e+19    
6.2106164695177438e+14    2.0420415214850089e+19    
6.3414520200181988e+14    1.1401727502751633e+19    
6.4722875705186525e+14    6.8346789897232691e+18    
6.6031231210191075e+14    4.4700549618136771e+18    
6.7339586715195625e+14    3.1271119360952637e+18    
6.8647942220200188e+14    2.2558261941556923e+18    
6.9956297725204738e+14    1.6276166268213325e+18    
7.1264653230209288e+14    1.1544112728997105e+18    
7.2573008735213838e+14    7.9925621696192640e+17    
7.3881364240218375e+14    5.3967611678562605e+17    
7.5189719745222925e+14    3.5625657168678387e+17    
7.6498075250227475e+14    2.3093839347146762e+17    
7.7806430755232025e+14    1.4785890799808282e+17    
7.9114786260236575e+14    9.4137030127416528e+16    
8.0423141765241125e+14    6.0032893722522968e+16    
8.1731497270245675e+14    3.8615052067002680e+16    
8.3039852775250225e+14    2.5197020859694788e+16    
8.4348208280254775e+14    1.6743690128364862e+16    
8.5656563785259325e+14    1.1356736058024478e+16    
8.6964919290263875e+14    7.8781504193545300e+15    
8.8273274795268425e+14    5.6099419000262530e+15    
8.9581630300272975e+14    4.1295067376718535e+15    
9.0889985805277525e+14    3.1755554263183705e+15    
9.2198341310282075e+14    2.5819897891340985e+15    
9.3506696815286625e+14    2.2423063059145490e+15    
9.4815052320291175e+14    2.0924939286735242e+15    
9.6123407825295725e+14    2.1048907216902520e+15    
9.7431763330300275e+14    2.2887643315616400e+15    
9.8740118835304825e+14    2.6955996901102895e+15    
1.0004847434030938e+15    3.4284919960031885e+15    
1.0135682984531392e+15    4.6559665948683270e+15    
1.0266518535031848e+15    6.6312754163613860e+15    
1.0397354085532302e+15    9.7190200576703820e+15    
1.0528189636032758e+15    1.4432067444587884e+16    
1.0659025186533212e+15    2.1483357664316808e+16    
1.0789860737033668e+15    3.1859462822611200e+16    
1.0920696287534122e+15    4.6925545532116768e+16    
1.1051531838034578e+15    6.8574230896671208e+16    
1.1182367388535032e+15    9.9432854895342240e+16    
1.1313202939035488e+15    1.4314293318441680e+17    
1.1444038489535942e+15    2.0472023002213222e+17    
1.1574874040036398e+15    2.9099091879949222e+17    
1.1705709590536850e+15    4.1107684764304986e+17    
1.1836545141037305e+15    5.7687021868634970e+17    
1.1967380691537760e+15    8.0339731601117504e+17    
1.2098216242038215e+15    1.1089286523841839e+18    
1.2229051792538670e+15    1.5146600534547162e+18    
1.2359887343039125e+15    2.0437805640428966e+18    
1.2490722893539582e+15    2.7197744939095158e+18    
1.2621558444040038e+15    3.5638887794234921e+18    
1.2752393994540492e+15    4.5918362454352558e+18    
1.2883229545040948e+15    5.8099889035721349e+18    
1.3014065095541402e+15    7.2115144217579684e+18    
1.3144900646041858e+15    8.7730791890842481e+18    
1.3275736196542312e+15    1.0452830962893036e+19    
1.3406571747042768e+15    1.2190335931817320e+19    
1.3537407297543222e+15    1.3908952332027343e+19    
1.3668242848043675e+15    1.5520782438416751e+19    
1.3799078398544130e+15    1.6933903713802940e+19    
1.3929913949044585e+15    1.8061120466826217e+19    
1.4060749499545040e+15    1.8829101545465422e+19    
1.4191585050045495e+15    1.9186573694323921e+19    
1.4322420600545950e+15    1.9110288322300051e+19    
1.4453256151046405e+15    1.8607782279704654e+19    
1.4584091701546860e+15    1.7716460920664082e+19    
1.4714927252047315e+15    1.6499142541303493e+19    
1.4845762802547770e+15    1.5036788642135638e+19    
1.4976598353048225e+15    1.3419581169046938e+19    
1.5107433903548680e+15    1.1737709338248440e+19    
1.5238269454049135e+15    1.0073166054589010e+19    
1.5369105004549590e+15    8.4935597697187205e+18    
1.5499940555050045e+15    7.0485040453196339e+18    
1.5630776105550500e+15    5.7686605705644124e+18    
1.5761611656050955e+15    4.6670848047931525e+18    
1.5892447206551410e+15    3.7422314432687191e+18    
1.6023282757051865e+15    2.9818530522986481e+18    
1.6154118307552320e+15    2.3670606460586394e+18    
1.6284953858052775e+15    1.8759687313761636e+18    
1.6415789408553230e+15    1.4865625130305034e+18    
1.6546624959053685e+15    1.1786451858670894e+18    
1.6677460509554140e+15    9.3490542308426637e+17    
1.6808296060054595e+15    7.4126578628539917e+17    
1.6939131610555050e+15    5.8672772321745395e+17    
1.7069967161055505e+15    4.6292863341269651e+17    
1.7200802711555960e+15    3.6358964022632563e+17    
1.7331638262056415e+15    2.8397891224532310e+17    
1.7462473812556870e+15    2.2046090241633606e+17    
1.7593309363057325e+15    1.7015719848967414e+17    
1.7724144913557780e+15    1.3071434758371651e+17    
1.7854980464058235e+15    1.0015787444859190e+17    
1.7985816014558690e+15    7.6806798932684320e+16    
1.8116651565059145e+15    5.9225251246938544e+16    
1.8247487115559600e+15    4.6193529010565808e+16    
1.8378322666060055e+15    3.6687334871203088e+16    
1.8509158216560510e+15    2.9859319587705180e+16    
1.8639993767060965e+15    2.5020772273310552e+16    
1.8770829317561420e+15    2.1623365173821308e+16    
1.8901664868061875e+15    1.9241658080677416e+16    
1.9032500418562330e+15    1.7557082029662450e+16    
1.9163335969062785e+15    1.6343784328440738e+16    
1.9294171519563240e+15    1.5456329428682636e+16    
1.9425007070063695e+15    1.4818977859630454e+16    
1.9555842620564150e+15    1.4416161557713732e+16    
1.9686678171064605e+15    1.4283817282150608e+16    
1.9817513721565060e+15    1.4501371151875508e+16    
1.9948349272065515e+15    1.5184317124562662e+16    
2.0079184822565970e+15    1.6477438608711442e+16    
2.0210020373066425e+15    1.8548742388870408e+16    
2.0340855923566880e+15    2.1584088038960552e+16    
2.0471691474067335e+15    2.5782310555591616e+16    
2.0602527024567790e+15    3.1350380725932388e+16    
2.0733362575068245e+15    3.8497881122166680e+16    
2.0864198125568700e+15    4.7429866755812640e+16    
2.0995033676069155e+15    5.8337106681216528e+16    
2.1125869226569610e+15    7.1382837604645856e+16    
2.1256704777070065e+15    8.6685552066534688e+16    
2.1387540327570520e+15    1.0429800007253128e+17    
2.1518375878070975e+15    1.2418345888073523e+17    
2.1649211428571430e+15    1.4619131415603994e+17    
2.1780046979071885e+15    1.7003493730775504e+17    
2.1910882529572340e+15    1.9527553667746589e+17    
2.2041718080072795e+15    2.2131591097768064e+17    
2.2172553630573248e+15    2.4740766639185222e+17    
2.2303389181073702e+15    2.7267441324067622e+17    
2.2434224731574158e+15    2.9615174573354502e+17    
2.2565060282074610e+15    3.1684263245363622e+17    
2.2695895832575070e+15    3.3378446793200307e+17    
2.2826731383075520e+15    3.4612187499691315e+17    
2.2957566933575980e+15    3.5317776255424218e+17    
2.3088402484076430e+15    3.5451453101735699e+17    
2.3219238034576890e+15    3.4997782280764640e+17    
2.3350073585077340e+15    3.3971692286843014e+17    
2.3480909135577800e+15    3.2417857416498170e+17    
2.3611744686078250e+15    3.0407423834466797e+17    
2.3742580236578710e+15    2.8032418528503539e+17    
2.3873415787079165e+15    2.5398469258670995e+17    
2.4004251337579620e+15    2.2616661703681219e+17    
2.4135086888080075e+15    1.9795437763402883e+17    
2.4265922438580530e+15    1.7033382973713024e+17    
2.4396757989080985e+15    1.4413583105742093e+17    
2.4527593539581440e+15    1.1999976953364434e+17    
2.4658429090081895e+15    9.8358445657041872e+16    
2.4789264640582350e+15    7.9442946792181472e+16    
2.4920100191082805e+15    6.3303913897073976e+16    
2.5050935741583260e+15    4.9844195978663080e+16    
2.5181771292083715e+15    3.8857379118931832e+16    
2.5312606842584170e+15    3.0067020347349956e+16    
2.5443442393084625e+15    2.3162408838390048e+16    
2.5574277943585080e+15    1.7828032282758080e+16    
2.5705113494085535e+15    1.3765372538643904e+16    
2.5835949044585990e+15    1.0706939899569556e+16    
2.5966784595086445e+15    8.4234241066500620e+15    
2.6097620145586900e+15    6.7254161403060270e+15    
2.6228455696087350e+15    5.4613602698004370e+15    
2.6359291246587805e+15    4.5132978594988470e+15    
2.6490126797088260e+15    3.7916750020277590e+15    
2.6620962347588715e+15    3.2301110438249415e+15    
2.6751797898089170e+15    2.7806550115985280e+15    
2.6882633448589625e+15    2.4097532566823200e+15    
2.7013468999090080e+15    2.0949411605387652e+15    
2.7144304549590535e+15    1.8221561882879715e+15    
2.7275140100090990e+15    1.5835317411322012e+15    
2.7405975650591445e+15    1.3755456919862095e+15    
2.7536811201091900e+15    1.1974382021497950e+15    
2.7667646751592355e+15    1.0498593887752121e+15    
2.7798482302092810e+15    9.3374468333932962e+14    
2.7929317852593265e+15    8.4943745559790062e+14    
2.8060153403093720e+15    7.9608368594466250e+14    
2.8190988953594175e+15    7.7131465920139175e+14    
2.8321824504094630e+15    7.7121550350558362e+14    
2.8452660054595085e+15    7.9055477255144162e+14    
2.8583495605095540e+15    8.2322784072256362e+14    
2.8714331155595995e+15    8.6284831035068938e+14    
2.8845166706096450e+15    9.0340957871565088e+14    
2.8976002256596905e+15    9.3993472876023812e+14    
2.9106837807097360e+15    9.6903740713178562e+14    
2.9237673357597815e+15    9.8932876018569588e+14    
2.9368508908098270e+15    1.0016242693769540e+15    
2.9499344458598725e+15    1.0089272456913692e+15    
2.9630180009099180e+15    1.0161901589501252e+15    
2.9761015559599635e+15    1.0298781874721086e+15    
2.9891851110100090e+15    1.0573789729863180e+15    
3.0022686660600545e+15    1.1063167226087330e+15    
3.0153522211101000e+15    1.1838364696171938e+15    
3.0284357761601455e+15    1.2959252276810038e+15    
3.0415193312101910e+15    1.4468314081859425e+15    
3.0546028862602365e+15    1.6386331984040858e+15    
3.0676864413102820e+15    1.8709918975208662e+15    
3.0807699963603275e+15    2.1411088898237388e+15    
3.0938535514103730e+15    2.4438863645208480e+15    
3.1069371064604185e+15    2.7722734686257045e+15    
3.1200206615104640e+15    3.1177625991945635e+15    
3.1331042165605095e+15    3.4709864198160995e+15    
3.1461877716105550e+15    3.8223563350545405e+15    
3.1592713266606005e+15    4.1626788415151370e+15    
3.1723548817106460e+15    4.4836885714370820e+15    
3.1854384367606915e+15    4.7784463585341010e+15    
3.1985219918107370e+15    5.0415668320797570e+15    
3.2116055468607825e+15    5.2692617164948340e+15    
3.2246891019108280e+15    5.4592092157346590e+15    
3.2377726569608735e+15    5.6102835899295750e+15    
3.2508562120109190e+15    5.7221983128955270e+15    
3.2639397670609645e+15    5.7951276602476140e+15    
3.2770233221110100e+15    5.8293729370773190e+15    
3.2901068771610555e+15    5.8251299908503790e+15    
3.3031904322111010e+15    5.7823955402004230e+15    
3.3162739872611465e+15    5.7010242342108700e+15    
3.3293575423111920e+15    5.5809207861123080e+15    
3.3424410973612375e+15    5.4223269741546520e+15    
3.3555246524112830e+15    5.2261461356276700e+15    
3.3686082074613285e+15    4.9942412945263640e+15    
3.3816917625113740e+15    4.7296479555952710e+15    
3.3947753175614195e+15    4.4366578702320150e+15    
3.4078588726114650e+15    4.1207523936910460e+15    
3.4209424276615105e+15    3.7883890808587835e+15    
3.4340259827115560e+15    3.4466682242122765e+15    
3.4471095377616015e+15    3.1029231527702535e+15    
3.4601930928116470e+15    2.7642867927854030e+15    
3.4732766478616925e+15    2.4372865212425805e+15    
3.4863602029117380e+15    2.1275108434497055e+15    
3.4994437579617835e+15    1.8393773318751995e+15    
3.5125273130118290e+15    1.5760147182834148e+15    
3.5256108680618745e+15    1.3392561661910620e+15    
3.5386944231119200e+15    1.1297280073920128e+15    
3.5517779781619655e+15    9.4701007241322462e+14    
3.5648615332120110e+15    7.8984048785760075e+14    
3.5779450882620565e+15    6.5633883771943175e+14    
3.5910286433121020e+15    5.4422562948187025e+14    
3.6041121983621475e+15    4.5102163596996081e+14    
3.6171957534121930e+15    3.7421655057292438e+14    
3.6302793084622385e+15    3.1140159447262369e+14    
3.6433628635122840e+15    2.6036475804453566e+14    
3.6564464185623295e+15    2.1915021042905259e+14    
3.6695299736123750e+15    1.8608529397299928e+14    
3.6826135286624205e+15    1.5977976861959578e+14    
3.6956970837124660e+15    1.3910287619348102e+14    
3.7087806387625115e+15    1.2314449206940800e+14    
3.7218641938125570e+15    1.1116711389197980e+14    
3.7349477488626025e+15    1.0255556215539278e+14    
3.7480313039126480e+15    9.6770868195108703e+13    
3.7611148589626935e+15    9.3313782325763734e+13    
3.7741984140127390e+15    9.1701652626487234e+13    
3.7872819690627845e+15    9.1460259956030469e+13    
3.8003655241128300e+15    9.2129834983517375e+13    
3.8134490791628755e+15    9.3282294091746891e+13    
3.8265326342129210e+15    9.4545076114226766e+13    
3.8396161892629665e+15    9.5626117983872141e+13    
3.8526997443130120e+15    9.6334606465406125e+13    
3.8657832993630575e+15    9.6593139766237828e+13    
3.8788668544131030e+15    9.6438614618634203e+13    
3.8919504094631485e+15    9.6011190519551578e+13    
3.9050339645131940e+15    9.5532688853025094e+13    
3.9181175195632395e+15    9.5277407761551531e+13    
3.9312010746132850e+15    9.5539314062518453e+13    
3.9442846296633305e+15    9.6599794433516500e+13    
3.9573681847133760e+15    9.8699647037528469e+13    
3.9704517397634215e+15    1.0201794140408428e+14    
3.9835352948134670e+15    1.0665903001517027e+14    
3.9966188498635125e+15    1.1264764588359019e+14    
4.0097024049135580e+15    1.1993092139958445e+14    
4.0227859599636035e+15    1.2838548769251216e+14    
4.0358695150136490e+15    1.3782762235979198e+14    
4.0489530700636945e+15    1.4802466031249191e+14    
4.0620366251137400e+15    1.5870642887194600e+14    
4.0751201801637855e+15    1.6957613038353969e+14    
4.0882037352138310e+15    1.8032068426186041e+14    
4.1012872902638765e+15    1.9062091130730762e+14    
4.1143708453139220e+15    2.0016202434393131e+14    
4.1274544003639675e+15    2.0864469197201338e+14    
4.1405379554140130e+15    2.1579655524910903e+14    
4.1536215104640585e+15    2.2138363320874772e+14    
4.1667050655141040e+15    2.2522069694940241e+14    
4.1797886205641495e+15    2.2717953613029262e+14    
4.1928721756141950e+15    2.2719414163431888e+14    
4.2059557306642405e+15    2.2526216560007612e+14    
4.2190392857142860e+15    2.2144251319799953e+14    
4.2321228407643315e+15    2.1584945009555938e+14    
4.2452063958143770e+15    2.0864404504818931e+14    
4.2582899508644225e+15    2.0002401604177288e+14    
4.2713735059144680e+15    1.9021306679419294e+14    
4.2844570609645135e+15    1.7945061120839144e+14    
4.2975406160145590e+15    1.6798246107437350e+14    
4.3106241710646040e+15    1.5605269996921212e+14    
4.3237077261146495e+15    1.4389668386833256e+14    
4.3367912811646950e+15    1.3173496229285691e+14    
4.3498748362147405e+15    1.1976792312992473e+14    
4.3629583912647860e+15    1.0817109557071339e+14    
4.3760419463148315e+15    9.7091234593264484e+13    
4.3891255013648770e+15    8.6643473262847953e+13    
4.4022090564149225e+15    7.6909904073834312e+13    
4.4152926114649680e+15    6.7939898909623438e+13    
4.4283761665150135e+15    5.9752307433537195e+13    
4.4414597215650590e+15    5.2339425964565391e+13    
4.4545432766151045e+15    4.5672364936756227e+13    
4.4676268316651500e+15    3.9707228562409883e+13    
4.4807103867151955e+15    3.4391404995669270e+13    
4.4937939417652410e+15    2.9669273688436996e+13    
4.5068774968152860e+15    2.5486764026765094e+13    
4.5199610518653320e+15    2.1794415287500934e+13    
4.5330446069153780e+15    1.8548846933130234e+13    
4.5461281619654230e+15    1.5712798635791010e+13    
4.5592117170154680e+15    1.3254096768100414e+13    
4.5722952720655140e+15    1.1144016878412387e+13    
4.5853788271155600e+15    9.3555275615155566e+12    
4.5984623821656050e+15    7.8618270682321367e+12    
4.6115459372156500e+15    6.6354436668191982e+12    
4.6246294922656960e+15    5.6479991403247139e+12    
4.6377130473157420e+15    4.8705704029027773e+12    
4.6507966023657870e+15    4.2744607184687266e+12    
4.6638801574158330e+15    3.8321312773912217e+12    
4.6769637124658780e+15    3.5180514130237334e+12    
4.6900472675159240e+15    3.3092901875079624e+12    
4.7031308225659690e+15    3.1857695508827822e+12    
4.7162143776160150e+15    3.1301999105564683e+12    
4.7292979326660600e+15    3.1277957594396504e+12    
4.7423814877161060e+15    3.1659045434391982e+12    
4.7554650427661510e+15    3.2336723857719800e+12    
4.7685485978161970e+15    3.3218249422056895e+12    
4.7816321528662420e+15    3.4225790085098237e+12    
4.7947157079162880e+15    3.5296420085338286e+12    
4.8077992629663330e+15    3.6382202792142280e+12    
4.8208828180163790e+15    3.7449532793770654e+12    
4.8339663730664240e+15    3.8477195223220786e+12    
4.8470499281164700e+15    3.9453117101978091e+12    
4.8601334831665150e+15    4.0370368578878960e+12    
4.8732170382165610e+15    4.1223430568569058e+12    
4.8863005932666060e+15    4.2005907343762759e+12    
4.8993841483166520e+15    4.2710624999193013e+12    
4.9124677033666970e+15    4.3332422962678115e+12    
4.9255512584167430e+15    4.3873050028807520e+12    
4.9386348134667880e+15    4.4346668429919521e+12    
4.9517183685168340e+15    4.4783862541037715e+12    
4.9648019235668790e+15    4.5232025054864365e+12    
4.9778854786169250e+15    4.5750696773871328e+12    
4.9909690336669700e+15    4.6401782009131543e+12    
5.0040525887170160e+15    4.7236216212421953e+12    
5.0171361437670610e+15    4.8280110920081133e+12    
5.0302196988171070e+15    4.9524103372744756e+12    
5.0433032538671520e+15    5.0919230612537256e+12    
5.0563868089171980e+15    5.2381110881846016e+12    
5.0694703639672430e+15    5.3801935966874102e+12    
5.0825539190172890e+15    5.5067461164507812e+12    
5.0956374740673340e+15    5.6074617748916113e+12    
5.1087210291173800e+15    5.6745156266088281e+12    
5.1218045841674250e+15    5.7032001378627490e+12    
5.1348881392174700e+15    5.6917369699327305e+12    
5.1479716942675160e+15    5.6404361924008828e+12    
5.1610552493175610e+15    5.5505752385320850e+12    
5.1741388043676070e+15    5.4234351067760459e+12    
5.1872223594176520e+15    5.2598397429168672e+12    
5.2003059144676980e+15    5.0603339176128594e+12    
5.2133894695177430e+15    4.8258866548683701e+12    
5.2264730245677890e+15    4.5588139174807217e+12    
5.2395565796178340e+15    4.2635435406591255e+12    
5.2526401346678800e+15    3.9469147242452363e+12    
5.2657236897179250e+15    3.6178772892939629e+12    
5.2788072447679710e+15    3.2866598441557495e+12    
5.2918907998180160e+15    2.9636340716417686e+12    
5.3049743548680620e+15    2.6581640202112056e+12    
5.3180579099181070e+15    2.3776875206172510e+12    
5.3311414649681530e+15    2.1271657735395693e+12    
5.3442250200181980e+15    1.9089120556152168e+12    
5.3573085750682440e+15    1.7227219193109016e+12    
5.3703921301182890e+15    1.5661996776097607e+12    
5.3834756851683350e+15    1.4352012695724861e+12    
5.3965592402183800e+15    1.3243600270077412e+12    
5.4096427952684260e+15    1.2276929994668711e+12    
5.4227263503184710e+15    1.1392794234015962e+12    
5.4358099053685170e+15    1.0539624440556559e+12    
5.4488934604185620e+15    9.6797489691275989e+11    
5.4619770154686080e+15    8.7936245150827246e+11    
5.4750605705186530e+15    7.8809606961814465e+11    
5.4881441255686990e+15    6.9583215710898450e+11    
5.5012276806187440e+15    6.0537137742367017e+11    
5.5143112356687900e+15    5.1995054767810632e+11    
5.5273947907188350e+15    4.4254349531368903e+11    
5.5404783457688810e+15    3.7533055231395404e+11    
5.5535619008189260e+15    3.1943065973534314e+11    
5.5666454558689720e+15    2.7490244191445325e+11    
5.5797290109190170e+15    2.4094520122551456e+11    
5.5928125659690630e+15    2.1619313859395193e+11    
5.6058961210191080e+15    1.9900311744881943e+11    
5.6189796760691540e+15    1.8767548192736380e+11    
5.6320632311191990e+15    1.8059517525320554e+11    
5.6451467861692450e+15    1.7631432867677393e+11    
5.6582303412192900e+15    1.7360670193469241e+11    
5.6713138962693360e+15    1.7151249225341669e+11    
5.6843974513193810e+15    1.6937260600799860e+11    
5.6974810063694270e+15    1.6683885175395728e+11    
5.7105645614194720e+15    1.6384782749757956e+11    
5.7236481164695180e+15    1.6055876135065649e+11    
5.7367316715195630e+15    1.5726984685749030e+11    
5.7498152265696090e+15    1.5433441904344501e+11    
5.7628987816196540e+15    1.5209414057141263e+11    
5.7759823366697000e+15    1.5083484939477237e+11    
5.7890658917197450e+15    1.5075942241654004e+11    
5.8021494467697910e+15    1.5196723761798532e+11    
5.8152330018198360e+15    1.5443302224201398e+11    
5.8283165568698820e+15    1.5798574717245923e+11    
5.8414001119199270e+15    1.6229576855704749e+11    
5.8544836669699730e+15    1.6688226273038455e+11    
5.8675672220200180e+15    1.7115243742660794e+11    
5.8806507770700640e+15    1.7447938054138055e+11    
5.8937343321201090e+15    1.7631615995578845e+11    
5.9068178871701550e+15    1.7632886268523697e+11    
5.9199014422202000e+15    1.7451256833431619e+11    
5.9329849972702460e+15    1.7124017437247015e+11    
5.9460685523202910e+15    1.6719824355201862e+11    
5.9591521073703370e+15    1.6319747180566498e+11    
5.9722356624203820e+15    1.5990416619028577e+11    
5.9853192174704280e+15    1.5759830507164685e+11    
5.9984027725204730e+15    1.5608462057489978e+11    
6.0114863275705190e+15    1.5483547575186649e+11    
6.0245698826205640e+15    1.5333223224369312e+11    
6.0376534376706100e+15    1.5144481974345081e+11    
6.0507369927206550e+15    1.4962423566963858e+11    
6.0638205477707010e+15    1.4874022508364996e+11    
6.0769041028207460e+15    1.4957418309179678e+11    
6.0899876578707920e+15    1.5219398975800824e+11    
6.1030712129208370e+15    1.5556583214567068e+11    
6.1161547679708830e+15    1.5769778023224643e+11    
6.1292383230209280e+15    1.5635885550804333e+11    
6.1423218780709740e+15    1.5009277375779382e+11    
6.1554054331210190e+15    1.3903081325949823e+11    
6.1684889881710650e+15    1.2504766030722990e+11    
6.1815725432211100e+15    1.1110691032969521e+11    
6.1946560982711560e+15    1.0006100097855315e+11    
6.2077396533212010e+15    9.3472913026553314e+10    
6.2208232083712470e+15    9.1034507150710968e+10    
6.2339067634212920e+15    9.0853021069942490e+10    
6.2469903184713380e+15    9.0428039260506805e+10    
6.2600738735213830e+15    8.7798000534650864e+10    
6.2731574285714290e+15    8.2286729833081192e+10    
6.2862409836214740e+15    7.4539941844367569e+10    
6.2993245386715200e+15    6.5943828415239723e+10    
6.3124080937215650e+15    5.7825209135332382e+10    
6.3254916487716110e+15    5.0882098665439865e+10    
6.3385752038216560e+15    4.5088305385098625e+10    
6.3516587588717020e+15    4.0008403394634354e+10    
6.3647423139217470e+15    3.5243483528568031e+10    
6.3778258689717930e+15    3.0714806507268284e+10    
6.3909094240218380e+15    2.6653843113919743e+10    
6.4039929790718840e+15    2.3373746063832165e+10    
6.4170765341219290e+15    2.1015006623309055e+10    
6.4301600891719750e+15    1.9433055426863979e+10    
6.4432436442220200e+15    1.8273357813308388e+10    
6.4563271992720660e+15    1.7156570702945421e+10    
6.4694107543221110e+15    1.5848004500819120e+10    
6.4824943093721570e+15    1.4323188711047098e+10    
6.4955778644222020e+15    1.2720170692908159e+10    
6.5086614194722480e+15    1.1231596751834146e+10    
6.5217449745222930e+15    1.0004784464621227e+10    
6.5348285295723390e+15    9.0927871798686066e+09    
6.5479120846223840e+15    8.4614841563105001e+09    
6.5609956396724300e+15    8.0309581191628675e+09    
6.5740791947224750e+15    7.7217866881141787e+09    
6.5871627497725210e+15    7.4837201188740845e+09    
6.6002463048225660e+15    7.2978058391067381e+09    
6.6133298598726120e+15    7.1576525774576511e+09    
6.6264134149226570e+15    7.0465352593444490e+09    
6.6394969699727030e+15    6.9292512822851801e+09    
6.6525805250227480e+15    6.7679351446374388e+09    
6.6656640800727940e+15    6.5530973131072788e+09    
6.6787476351228390e+15    6.3262175355534935e+09    
6.6918311901728850e+15    6.1706418202877779e+09    
6.7049147452229300e+15    6.1667767856387978e+09    
6.7179983002729760e+15    6.3349062498613949e+09    
6.7310818553230210e+15    6.6045974154429903e+09    
6.7441654103730670e+15    6.8386430642856064e+09    
6.7572489654231120e+15    6.9047814812600069e+09    
6.7703325204731580e+15    6.7525377897890978e+09    
6.7834160755232030e+15    6.4433118936010056e+09    
6.7964996305732490e+15    6.1107191482330351e+09    
6.8095831856232940e+15    5.8774186636286764e+09    
6.8226667406733390e+15    5.7871067736590776e+09    
6.8357502957233850e+15    5.7982653444259720e+09    
6.8488338507734300e+15    5.8368660813788242e+09    
6.8619174058234760e+15    5.8586741987235546e+09    
6.8750009608735210e+15    5.8683083214311657e+09    
6.8880845159235670e+15    5.8851576834226685e+09    
6.9011680709736120e+15    5.8963516506287746e+09    
6.9142516260236580e+15    5.8473169228634911e+09    
6.9273351810737030e+15    5.6816266071584215e+09    
6.9404187361237490e+15    5.3923511782552195e+09    
6.9535022911737940e+15    5.0359097715321484e+09    
6.9665858462238400e+15    4.6964723774210815e+09    
6.9796694012738850e+15    4.4352629424245729e+09    
6.9927529563239310e+15    4.2679277566698856e+09    
7.0058365113739760e+15    4.1792817135105119e+09    
7.0189200664240220e+15    4.1481924600193691e+09    
7.0320036214740670e+15    4.1550731909807816e+09    
7.0450871765241130e+15    4.1747816146918979e+09    
7.0581707315741580e+15    4.1776323865729337e+09    
7.0712542866242040e+15    4.1455382502165036e+09    
7.0843378416742490e+15    4.0814468536927600e+09    
7.0974213967242950e+15    3.9906104999545760e+09    
7.1105049517743400e+15    3.8485875334461160e+09    
7.1235885068243860e+15    3.5998704466656361e+09    
7.1366720618744310e+15    3.2087277488785944e+09    
7.1497556169244770e+15    2.7238194203924346e+09    
7.1628391719745220e+15    2.2857672802504411e+09    
7.1759227270245680e+15    2.0481947828638647e+09    
7.1890062820746130e+15    2.0662237773111954e+09    
7.2020898371246590e+15    2.2480897129486179e+09    
7.2151733921747040e+15    2.4168866506540861e+09    
7.2282569472247500e+15    2.4328855700436521e+09    
7.2413405022747950e+15    2.2754162152838244e+09    
7.2544240573248410e+15    2.0253348836959131e+09    
7.2675076123748860e+15    1.7798841849211187e+09    
7.2805911674249320e+15    1.5824702611055844e+09    
7.2936747224749770e+15    1.4190206075967100e+09    
7.3067582775250230e+15    1.2620480542684491e+09    
7.3198418325750680e+15    1.1067262588648181e+09    
7.3329253876251140e+15    9.6778498770570540e+08    
7.3460089426751590e+15    8.5400085699796093e+08    
7.3590924977252050e+15    7.5539290400533009e+08    
7.3721760527752500e+15    6.5554199089297640e+08    
7.3852596078252960e+15    5.5100696732674062e+08    
7.3983431628753410e+15    4.5533422879537386e+08    
7.4114267179253870e+15    3.8549767238255990e+08    
7.4245102729754320e+15    3.4692658665657496e+08    
7.4375938280254780e+15    3.3119969589841235e+08    
7.4506773830755230e+15    3.2511853817240101e+08    
7.4637609381255690e+15    3.1997434688879776e+08    
7.4768444931756140e+15    3.1354629770739186e+08    
7.4899280482256600e+15    3.0692896283730727e+08    
7.5030116032757050e+15    3.0219132096540433e+08    
7.5160951583257510e+15    3.0260615873654044e+08    
7.5291787133757960e+15    3.1185806101102573e+08    
7.5422622684258420e+15    3.2964933167354935e+08    
7.5553458234758870e+15    3.4748254121320260e+08    
7.5684293785259330e+15    3.5148689034941036e+08    
7.5815129335759780e+15    3.3296336498044068e+08    
7.5945964886260240e+15    2.9739084543548584e+08    
7.6076800436760690e+15    2.6149902866957799e+08    
7.6207635987261150e+15    2.3963766072769594e+08    
7.6338471537761600e+15    2.3286067074885276e+08    
7.6469307088262060e+15    2.3174452485039762e+08    
7.6600142638762510e+15    2.2861722137923133e+08    
7.6730978189262970e+15    2.2478444824339342e+08    
7.6861813739763420e+15    2.2568855035954392e+08    
7.6992649290263880e+15    2.3193888753520131e+08    
7.7123484840764330e+15    2.3782043645333874e+08    
7.7254320391264790e+15    2.3789873149970704e+08    
7.7385155941765240e+15    2.3232708364568335e+08    
7.7515991492265700e+15    2.2494347950899041e+08    
7.7646827042766150e+15    2.1845315102288735e+08    
7.7777662593266610e+15    2.1332017146425250e+08    
7.7908498143767060e+15    2.0998301362386158e+08    
7.8039333694267520e+15    2.0951029311661360e+08    
7.8170169244767970e+15    2.1186055656046915e+08    
7.8301004795268430e+15    2.1531854602571595e+08    
7.8431840345768880e+15    2.1774063988791707e+08    
7.8562675896269340e+15    2.1612562873321941e+08    
7.8693511446769790e+15    2.0488574064630932e+08    
7.8824346997270250e+15    1.7911435865013143e+08    
7.8955182547770700e+15    1.4365136508814251e+08    
7.9086018098271160e+15    1.1608688204255284e+08    
7.9216853648771610e+15    1.1360254223301955e+08    
7.9347689199272070e+15    1.3439411638639867e+08    
7.9478524749772520e+15    1.5668328346204075e+08    
7.9609360300272980e+15    1.5959166435386071e+08    
7.9740195850773430e+15    1.4218997227611876e+08    
7.9871031401273890e+15    1.1936188504582721e+08    
8.0001866951774340e+15    1.0347286216277418e+08    
8.0132702502274800e+15    9.6049618382488519e+07    
8.0263538052775250e+15    9.4612644499830768e+07    
8.0394373603275710e+15    9.8758493700093836e+07    
8.0525209153776160e+15    1.0686415748692110e+08    
8.0656044704276620e+15    1.1294974392236446e+08    
8.0786880254777070e+15    1.1148048729856741e+08    
8.0917715805277530e+15    1.0295620558790882e+08    
8.1048551355777980e+15    9.1975659359165087e+07    
8.1179386906278440e+15    8.1697715104355082e+07    
8.1310222456778890e+15    7.2340929937227011e+07    
8.1441058007279350e+15    6.3349635690808088e+07    
8.1571893557779800e+15    5.4942362113251239e+07    
8.1702729108280260e+15    4.8400415608992599e+07    
8.1833564658780710e+15    4.5548531169008806e+07    
8.1964400209281170e+15    4.6379128837722965e+07    
8.2095235759781620e+15    4.6934906383566126e+07    
8.2226071310282080e+15    4.2261166522507384e+07    
8.2356906860782530e+15    3.2676548991474323e+07    
8.2487742411282990e+15    2.4577509801341750e+07    
8.2618577961783440e+15    2.3295225737196527e+07    
8.2749413512283900e+15    2.7213885068943474e+07    
8.2880249062784350e+15    3.0679332236001715e+07    
8.3011084613284810e+15    3.0634958773714080e+07    
8.3141920163785260e+15    2.8100101917726539e+07    
8.3272755714285720e+15    2.4734572191196367e+07    
8.3403591264786170e+15    2.0917456541481048e+07    
8.3534426815286630e+15    1.7000571893420551e+07    
8.3665262365787080e+15    1.4023249890949100e+07    
8.3796097916287540e+15    1.2477196149498746e+07    
8.3926933466787990e+15    1.1649949134771604e+07    
8.4057769017288450e+15    1.0736861559743134e+07    
8.4188604567788900e+15    9.8066329209236745e+06    
8.4319440118289360e+15    9.3274547963422500e+06    
8.4450275668789810e+15    9.3546430658719130e+06    
8.4581111219290270e+15    9.4815223032111656e+06    
8.4711946769790720e+15    9.2641495949595831e+06    
8.4842782320291180e+15    8.6997134367618673e+06    
8.4973617870791630e+15    8.5456745533578396e+06    
8.5104453421292080e+15    9.7487825421445500e+06    
8.5235288971792540e+15    1.2019008391019408e+07    
8.5366124522292990e+15    1.3546202098782565e+07    
8.5496960072793450e+15    1.2939564014431806e+07    
8.5627795623293900e+15    1.0891016336526871e+07    
8.5758631173794360e+15    9.0845735782146528e+06    
8.5889466724294810e+15    8.1757293709448697e+06    
8.6020302274795270e+15    7.7928473200520473e+06    
8.6151137825295720e+15    7.7147191838457296e+06    
8.6281973375796180e+15    7.9216287344243573e+06    
8.6412808926296630e+15    8.0759248735496746e+06    
8.6543644476797090e+15    7.8851901566911163e+06    
8.6674480027297540e+15    7.5627514866495682e+06    
8.6805315577798000e+15    7.4112747317247959e+06    
8.6936151128298450e+15    7.4058025846422603e+06    
8.7066986678798910e+15    7.4556363379930751e+06    
8.7197822229299360e+15    7.6843220124221453e+06    
8.7328657779799820e+15    8.2797213945287857e+06    
8.7459493330300270e+15    9.0709051969820317e+06    
8.7590328880800730e+15    9.2164863719382938e+06    
8.7721164431301180e+15    7.8680472040031059e+06    
8.7851999981801640e+15    5.5813866244362015e+06    
8.7982835532302090e+15    4.1560240654804171e+06    
8.8113671082802550e+15    4.4122916699526384e+06    
8.8244506633303000e+15    5.2483240008175354e+06    
8.8375342183803460e+15    5.4392398959395727e+06    
8.8506177734303910e+15    4.9919962598206652e+06    
8.8637013284804370e+15    4.3691971468997393e+06    
8.8767848835304820e+15    3.8278447767704739e+06    
8.8898684385805280e+15    3.6929451152587659e+06    
8.9029519936305730e+15    4.1204363762891022e+06    
8.9160355486806190e+15    4.6911114928957410e+06    
8.9291191037306640e+15    4.9077187015602579e+06    
8.9422026587807100e+15    4.7128741839659810e+06    
8.9552862138307550e+15    4.2449442121912707e+06    
8.9683697688808010e+15    3.5418986787469867e+06    
8.9814533239308460e+15    2.6834234044963699e+06    
8.9945368789808920e+15    2.0745652352691577e+06    
9.0076204340309360e+15    2.2127253976982841e+06    
9.0207039890809840e+15    2.8146862507041260e+06    
9.0337875441310280e+15    2.8408095429668450e+06    
9.0468710991810740e+15    2.0327671648690528e+06    
9.0599546542311200e+15    1.3860659895916083e+06    
9.0730382092811640e+15    1.5374990020451902e+06    
9.0861217643312100e+15    2.0186051860157095e+06    
9.0992053193812560e+15    2.3114261939832950e+06    
9.1122888744313000e+15    2.3298383420979651e+06    
9.1253724294813460e+15    2.0490856268671164e+06    
9.1384559845313920e+15    1.5838128286874285e+06    
9.1515395395814380e+15    1.2211849754346022e+06    
9.1646230946314840e+15    1.0377288382161633e+06    
9.1777066496815280e+15    9.0722455140140094e+05    
9.1907902047315740e+15    8.0175715696555527e+05    
9.2038737597816200e+15    7.7099575570664543e+05    
9.2169573148316660e+15    7.6202389637144469e+05    
9.2300408698817100e+15    6.5062595697449078e+05    
9.2431244249317560e+15    4.8920129164348461e+05    
9.2562079799818020e+15    5.2785413001500745e+05    
9.2692915350318480e+15    7.8671235516757716e+05    
9.2823750900818920e+15    9.3520144424499734e+05    
9.2954586451319380e+15    8.0638530166346463e+05    
9.3085422001819840e+15    5.8642525348998862e+05    
9.3216257552320300e+15    4.3389008314848848e+05    
9.3347093102820740e+15    3.5263570610948384e+05    
9.3477928653321200e+15    3.3501154021822050e+05    
9.3608764203821660e+15    3.4198399770876917e+05    
9.3739599754322120e+15    3.1755528519872681e+05    
9.3870435304822560e+15    2.8655509088058240e+05    
9.4001270855323020e+15    2.9050861777635373e+05    
9.4132106405823480e+15    3.1254376091654308e+05    
9.4262941956323940e+15    3.4173160909456993e+05    
9.4393777506824380e+15    4.1049177143082157e+05    
9.4524613057324840e+15    5.1173149728875101e+05    
9.4655448607825300e+15    5.3203268246896216e+05    
9.4786284158325760e+15    4.0358558757051959e+05    
9.4917119708826200e+15    2.6402622966520791e+05    
9.5047955259326660e+15    2.4776796053292006e+05    
9.5178790809827120e+15    2.8668041189568344e+05    
9.5309626360327580e+15    2.9262462685361877e+05    
9.5440461910828020e+15    2.7461664431841217e+05    
9.5571297461328480e+15    2.5510905637106847e+05    
9.5702133011828940e+15    2.6297418690853316e+05    
9.5832968562329400e+15    3.0986767372146016e+05    
9.5963804112829840e+15    3.5744123813933932e+05    
9.6094639663330300e+15    3.8154880788092740e+05    
9.6225475213830760e+15    3.8047116416388052e+05    
9.6356310764331220e+15    3.3044944221959164e+05    
9.6487146314831660e+15    2.2996162996600778e+05    
9.6617981865332120e+15    1.6544120912834982e+05    
9.6748817415832580e+15    2.0144689780653355e+05    
9.6879652966333040e+15    2.4295516571123237e+05    
9.7010488516833480e+15    2.0750672971727516e+05    
9.7141324067333940e+15    1.6868452451340444e+05    
9.7272159617834400e+15    1.8042765080940150e+05    
9.7402995168334860e+15    2.1771811743416893e+05    
9.7533830718835300e+15    2.5367744226701511e+05    
9.7664666269335760e+15    2.5226958903836747e+05    
9.7795501819836220e+15    2.0816623500607649e+05    
9.7926337370336680e+15    1.5651463036250332e+05    
9.8057172920837120e+15    1.1706499970504381e+05    
9.8188008471337580e+15    1.0425710139223405e+05    
9.8318844021838040e+15    1.2847161892457423e+05    
9.8449679572338500e+15    1.4520540172271826e+05    
9.8580515122838940e+15    1.0671868790435979e+05    
9.8711350673339400e+15    7.9117526687893871e+04    
9.8842186223839860e+15    1.2228426346239526e+05    
9.8973021774340320e+15    1.6174514582511841e+05    
9.9103857324840760e+15    1.4777281864873882e+05    
9.9234692875341220e+15    1.0932632460006505e+05    
9.9365528425841680e+15    7.3527409110563807e+04    
9.9496363976342140e+15    6.2502523058005710e+04    
9.9627199526842580e+15    6.7434960312986979e+04    
9.9758035077343040e+15    6.6565885725262022e+04    
9.9888870627843500e+15    6.1423764701284170e+04    
1.0001970617834396e+16    5.2502310833583106e+04    
1.0015054172884440e+16    4.6214735126836531e+04    
1.0028137727934486e+16    6.5985448781330706e+04    
1.0041221282984532e+16    9.2449558006470877e+04    
1.0054304838034578e+16    7.4961426984615042e+04    
1.0067388393084622e+16    3.8812204251376264e+04    
1.0080471948134668e+16    2.9601465858767464e+04    
1.0093555503184714e+16    3.3353499042031057e+04    
1.0106639058234760e+16    3.3445849624213020e+04    
1.0119722613284804e+16    2.6856921915132953e+04    
1.0132806168334850e+16    2.0901126781265106e+04    
1.0145889723384896e+16    2.4647063700459974e+04    
1.0158973278434940e+16    3.1215660787608820e+04    
1.0172056833484986e+16    3.5833498818208252e+04    
1.0185140388535032e+16    3.6169521474591078e+04    
1.0198223943585078e+16    2.4966592542763661e+04    
1.0211307498635122e+16    1.1795800031057923e+04    
1.0224391053685168e+16    1.3791203817413807e+04    
1.0237474608735214e+16    1.7811867378427458e+04    
1.0250558163785260e+16    1.2635465478986242e+04    
1.0263641718835304e+16    9.5946088742895154e+03    
1.0276725273885350e+16    1.2728563583727637e+04    
1.0289808828935396e+16    1.8870566864415181e+04    
1.0302892383985442e+16    2.1295517667641892e+04    
1.0315975939035486e+16    1.8032073673285879e+04    
1.0329059494085532e+16    1.3589270285820698e+04    
1.0342143049135578e+16    9.3739641484082604e+03    
1.0355226604185624e+16    8.5156146068066646e+03    
1.0368310159235668e+16    1.1641248643665020e+04    
1.0381393714285714e+16    1.0317445617566815e+04    
1.0394477269335760e+16    7.3485800833943249e+03    
1.0407560824385806e+16    1.2234618300952327e+04    
1.0420644379435850e+16    1.7476604917730365e+04    
1.0433727934485896e+16    1.6929570854959089e+04    
1.0446811489535942e+16    1.2667787040517502e+04    
1.0459895044585988e+16    9.1155798268565395e+03    
1.0472978599636032e+16    8.4577520721500368e+03    
1.0486062154686078e+16    8.6995158666575371e+03    
1.0499145709736124e+16    9.3736429224519416e+03    
1.0512229264786170e+16    8.5754859329707178e+03    
1.0525312819836214e+16    8.3845270480793570e+03    
1.0538396374886260e+16    1.3560005248125743e+04    
1.0551479929936306e+16    1.5555312710516762e+04    
1.0564563484986352e+16    1.0470578533442414e+04    
1.0577647040036396e+16    7.0617752103103339e+03    
1.0590730595086442e+16    6.7791645834456349e+03    
1.0603814150136488e+16    7.3461790174757662e+03    
1.0616897705186534e+16    6.8579420911005000e+03    
1.0629981260236578e+16    6.5114973407056214e+03    
1.0643064815286624e+16    7.1260992060437320e+03    
1.0656148370336670e+16    9.0576591589444033e+03    
1.0669231925386716e+16    1.0831693262996521e+04    
1.0682315480436760e+16    7.4266499354213356e+03    
1.0695399035486806e+16    3.8614350059709836e+03    
1.0708482590536852e+16    5.0735687559217640e+03    
1.0721566145586898e+16    5.3106100439305892e+03    
1.0734649700636942e+16    4.2591578696959314e+03    
1.0747733255686988e+16    4.0277064540766178e+03    
1.0760816810737034e+16    5.4136452758834012e+03    
1.0773900365787080e+16    6.4321577794499017e+03    
1.0786983920837124e+16    5.8494289962707780e+03    
1.0800067475887170e+16    3.7000807906397563e+03    
1.0813151030937216e+16    2.2135318245252806e+03    
1.0826234585987262e+16    3.6246739029390242e+03    
1.0839318141037306e+16    3.2301814890608607e+03    
1.0852401696087352e+16    1.9325603301831550e+03    
1.0865485251137398e+16    3.0263161828311077e+03    
1.0878568806187444e+16    4.1381345317500181e+03    
1.0891652361237488e+16    3.7185929214165021e+03    
1.0904735916287534e+16    2.2979857684424915e+03    
1.0917819471337580e+16    1.6063685267621627e+03    
1.0930903026387626e+16    1.6904488602754366e+03    
1.0943986581437670e+16    1.9882249412952156e+03    
1.0957070136487716e+16    1.2116674110184103e+03    
1.0970153691537762e+16    1.4068124304916905e+03    
1.0983237246587808e+16    2.7599556540644526e+03    
1.0996320801637852e+16    2.1869216741445148e+03    
1.1009404356687898e+16    1.1921725753170131e+03    
1.1022487911737944e+16    9.1323703322205586e+02    
1.1035571466787990e+16    1.0480612303131061e+03    
1.1048655021838034e+16    8.6025075529075707e+02    
1.1061738576888080e+16    7.0314618953473803e+02    
1.1074822131938126e+16    8.4187557834775635e+02    
1.1087905686988172e+16    1.4940890756575616e+03    
1.1100989242038216e+16    1.3291215332100855e+03    
1.1114072797088262e+16    4.9585659761672508e+02    
1.1127156352138308e+16    5.7335905438226007e+02    
1.1140239907188354e+16    6.1393416796136398e+02    
1.1153323462238398e+16    4.1123215528795987e+02    
1.1166407017288444e+16    4.1118661898052449e+02    
1.1179490572338490e+16    7.1497737530243990e+02    
1.1192574127388536e+16    8.5040539034610083e+02    
1.1205657682438580e+16    6.7470498623717322e+02    
1.1218741237488626e+16    2.9110882067092297e+02    
1.1231824792538672e+16    4.1721171860203208e+02    
1.1244908347588718e+16    4.2270135764786011e+02    
1.1257991902638762e+16    2.3712818434802438e+02    
1.1271075457688808e+16    4.3996440103116623e+02    
1.1284159012738854e+16    6.6888599972366410e+02    
1.1297242567788900e+16    5.6390014080859430e+02    
1.1310326122838944e+16    3.5891672454737471e+02    
1.1323409677888990e+16    2.7998280728814171e+02    
1.1336493232939036e+16    3.7022346411760526e+02    
1.1349576787989082e+16    2.8807013464399597e+02    
1.1362660343039126e+16    2.8404839534116769e+02    
1.1375743898089172e+16    5.9531804783294888e+02    
1.1388827453139218e+16    5.3171592778351931e+02    
1.1401911008189264e+16    3.2655637092027126e+02    
1.1414994563239308e+16    2.8177840500856900e+02    
1.1428078118289354e+16    3.0051382875346343e+02    
1.1441161673339400e+16    2.7842577014035669e+02    
1.1454245228389446e+16    2.5625449520857796e+02    
1.1467328783439490e+16    4.6603657156936566e+02    
1.1480412338489536e+16    5.0576994724681180e+02    
1.1493495893539582e+16    2.5256780340068977e+02    
1.1506579448589628e+16    2.4696988019012244e+02    
1.1519663003639672e+16    2.5940423444034599e+02    
1.1532746558689718e+16    2.0966911449398069e+02    
1.1545830113739764e+16    2.4853904474966265e+02    
1.1558913668789810e+16    3.5898425756941941e+02    
1.1571997223839854e+16    3.8422870031264614e+02    
1.1585080778889900e+16    1.7717334401843343e+02    
1.1598164333939946e+16    1.9563417394589499e+02    
1.1611247888989992e+16    1.9936404253600807e+02    
1.1624331444040036e+16    1.4687018032891871e+02    
1.1637414999090082e+16    2.1605599198859139e+02    
1.1650498554140128e+16    2.8496036119228967e+02    
1.1663582109190174e+16    2.2113528510193802e+02    
1.1676665664240218e+16    1.1427682813895377e+02    
1.1689749219290264e+16    1.4512365101157005e+02    
1.1702832774340310e+16    1.3471754792564906e+02    
1.1715916329390356e+16    1.0009322592305769e+02    
1.1728999884440400e+16    1.9542709733935453e+02    
1.1742083439490446e+16    1.8236594267770360e+02    
1.1755166994540492e+16    1.0033336826962321e+02    
1.1768250549590538e+16    8.3279238374831465e+01    
1.1781334104640582e+16    9.9495662654762924e+01    
1.1794417659690628e+16    6.8193719425515923e+01    
1.1807501214740674e+16    9.6978370742388364e+01    
1.1820584769790720e+16    1.5141918199744731e+02    
1.1833668324840764e+16    7.3735509645981182e+01    
1.1846751879890810e+16    5.5764861823262152e+01    
1.1859835434940856e+16    6.5092552023866290e+01    
1.1872918989990900e+16    4.5927319795086326e+01    
1.1886002545040946e+16    5.0796728185402102e+01    
1.1899086100090992e+16    9.4596497274485344e+01    
1.1912169655141038e+16    6.5033416443164498e+01    
1.1925253210191082e+16    3.1081898954237229e+01    
1.1938336765241128e+16    4.6308901655699046e+01    
1.1951420320291174e+16    2.6549713716232191e+01    
1.1964503875341220e+16    3.3064225300857515e+01    
1.1977587430391264e+16    5.6408284540679212e+01    
1.1990670985441310e+16    4.5542391388814643e+01    
1.2003754540491356e+16    1.7912467967686574e+01    
1.2016838095541402e+16    3.2863647940017394e+01    
1.2029921650591446e+16    1.4967052285396367e+01    
1.2043005205641492e+16    2.2977642051486090e+01    
1.2056088760691538e+16    3.9905183263758737e+01    
1.2069172315741584e+16    2.5969301454460666e+01    
1.2082255870791628e+16    1.5416767582433744e+01    
1.2095339425841674e+16    1.8309538135027893e+01    
1.2108422980891720e+16    1.1813480641550916e+01    
1.2121506535941766e+16    1.7221819757696352e+01    
1.2134590090991810e+16    3.1304775280324247e+01    
1.2147673646041856e+16    1.5654169660976084e+01    
1.2160757201091902e+16    1.2893515275850040e+01    
1.2173840756141948e+16    1.3159436352245718e+01    
1.2186924311191992e+16    8.8963183310003675e+00    
1.2200007866242038e+16    1.6586999945427788e+01    
1.2213091421292084e+16    2.5620547087103233e+01    
1.2226174976342130e+16    9.3289156057443883e+00    
1.2239258531392174e+16    1.3284934685407181e+01    
1.2252342086442220e+16    9.5305055240520726e+00    
1.2265425641492266e+16    9.6598796746290496e+00    
1.2278509196542312e+16    1.9179372611372408e+01    
1.2291592751592356e+16    1.7178241867429886e+01    
1.2304676306642402e+16    7.7827894816780052e+00    
1.2317759861692448e+16    1.3159604512547286e+01    
1.2330843416742494e+16    6.5445942059110509e+00    
1.2343926971792538e+16    1.4433144697955630e+01    
1.2357010526842584e+16    1.7277168127128931e+01    
1.2370094081892630e+16    9.8375370334981440e+00    
1.2383177636942676e+16    9.2102939113641025e+00    
1.2396261191992720e+16    9.0366698709747375e+00    
1.2409344747042766e+16    8.6469211636520082e+00    
1.2422428302092812e+16    1.6555618266308468e+01    
1.2435511857142858e+16    9.9546790121143243e+00    
1.2448595412192902e+16    7.8881328458991948e+00    
1.2461678967242948e+16    8.1307162648544153e+00    
1.2474762522292994e+16    5.9601392592007860e+00    
1.2487846077343040e+16    1.3572070672407394e+01    
1.2500929632393084e+16    9.6318359311931872e+00    
1.2514013187443130e+16    6.4448026318742979e+00    
1.2527096742493176e+16    6.8564465806225803e+00    
1.2540180297543222e+16    5.1167573633616836e+00    
1.2553263852593266e+16    8.6953659254615125e+00    
1.2566347407643312e+16    9.8864412302788036e+00    
1.2579430962693358e+16    4.0898934044841715e+00    
1.2592514517743404e+16    5.9964269853413681e+00    
1.2605598072793448e+16    3.6709161103595833e+00    
1.2618681627843494e+16    6.8290905450885031e+00    
1.2631765182893540e+16    7.0774322468145945e+00    
1.2644848737943586e+16    3.2276138215244594e+00    
1.2657932292993630e+16    4.9064554488957199e+00    
1.2671015848043676e+16    2.2627947504179531e+00    
1.2684099403093722e+16    5.4935219889938480e+00    
1.2697182958143768e+16    4.8813100206896989e+00    
1.2710266513193812e+16    2.6153064647318085e+00    
1.2723350068243858e+16    3.1204933325001969e+00    
1.2736433623293904e+16    1.6921346118607368e+00    
1.2749517178343950e+16    4.5690983245375767e+00    
1.2762600733393994e+16    2.9737938530151342e+00    
1.2775684288444040e+16    1.9807500437290781e+00    
1.2788767843494086e+16    2.0276997606051208e+00    
1.2801851398544132e+16    1.3910027419263185e+00    
1.2814934953594176e+16    3.3440735795881396e+00    
1.2828018508644222e+16    1.6762060995959003e+00    
1.2841102063694268e+16    1.7229424503357769e+00    
1.2854185618744314e+16    1.1233946614808703e+00    
1.2867269173794358e+16    1.3201727919406987e+00    
1.2880352728844404e+16    2.2533159720693376e+00    
1.2893436283894450e+16    9.1687308843339943e-01    
1.2906519838944496e+16    1.4307166186387541e+00    
1.2919603393994540e+16    4.8054072592160846e-01    
1.2932686949044586e+16    1.4426035976020934e+00    
1.2945770504094632e+16    1.2614270686846718e+00    
1.2958854059144678e+16    6.7480094911218769e-01    
1.2971937614194722e+16    8.8355903179276418e-01    
1.2985021169244768e+16    4.1391409762577647e-01    
1.2998104724294814e+16    1.3286883457892871e+00    
1.3011188279344860e+16    5.8519456381999524e-01    
1.3024271834394904e+16    6.6963940813793066e-01    
1.3037355389444950e+16    3.6999735879351658e-01    
1.3050438944494996e+16    7.5585980940436182e-01    
1.3063522499545042e+16    7.6667229562375860e-01    
1.3076606054595086e+16    5.1156039273305132e-01    
1.3089689609645132e+16    4.2243110891436569e-01    
1.3102773164695178e+16    3.7929545960610372e-01    
1.3115856719745224e+16    8.3951075386835683e-01    
1.3128940274795268e+16    3.1051016203823834e-01    
1.3142023829845314e+16    5.6237518122659935e-01    
1.3155107384895360e+16    2.1809736128133211e-01    
1.3168190939945406e+16    6.9110437941893110e-01    
1.3181274494995450e+16    4.4555808205182057e-01    
1.3194358050045496e+16    4.0351586800359845e-01    
1.3207441605095542e+16    2.2340607526369871e-01    
1.3220525160145588e+16    5.8659310279511312e-01    
1.3233608715195632e+16    4.6797052134537470e-01    
1.3246692270245678e+16    3.5684966655083133e-01    
1.3259775825295724e+16    3.0638900295851906e-01    
1.3272859380345770e+16    3.6511658217790777e-01    
1.3285942935395814e+16    5.1603133668106038e-01    
1.3299026490445860e+16    3.2369936162273455e-01    
1.3312110045495906e+16    2.8568223288623057e-01    
1.3325193600545952e+16    2.9167122411395774e-01    
1.3338277155595996e+16    5.5086253772644767e-01    
1.3351360710646042e+16    2.4241872969664269e-01    
1.3364444265696088e+16    2.7260749717299398e-01    
1.3377527820746134e+16    2.6230430270587579e-01    
1.3390611375796178e+16    4.4362235619261281e-01    
1.3403694930846224e+16    2.0551604867959819e-01    
1.3416778485896270e+16    2.8189471336024258e-01    
1.3429862040946316e+16    2.3465073294933550e-01    
1.3442945595996360e+16    3.6809249791164300e-01    
1.3456029151046406e+16    2.0044826963279064e-01    
1.3469112706096452e+16    2.2517108142030112e-01    
1.3482196261146498e+16    1.8765684163085242e-01    
1.3495279816196542e+16    2.9524136904120546e-01    
1.3508363371246588e+16    1.7628986912083866e-01    
1.3521446926296634e+16    1.5556592225915131e-01    
1.3534530481346678e+16    1.7171410718459004e-01    
1.3547614036396724e+16    2.3848039421875969e-01    
1.3560697591446770e+16    1.6040197216848867e-01    
1.3573781146496816e+16    1.0351636888395473e-01    
1.3586864701546860e+16    1.7773531163728343e-01    
1.3599948256596906e+16    1.6325907069417270e-01    
1.3613031811646952e+16    1.3937233433985263e-01    
1.3626115366696998e+16    6.3426341104631842e-02    
1.3639198921747042e+16    1.6825247411104155e-01    
1.3652282476797088e+16    9.5647517294380147e-02    
1.3665366031847134e+16    1.0799842604658294e-01    
1.3678449586897180e+16    5.1263179039289591e-02    
1.3691533141947224e+16    1.3053576480624335e-01    
1.3704616696997270e+16    6.6285318871942278e-02    
1.3717700252047316e+16    6.6313610216184232e-02    
1.3730783807097362e+16    6.7420995708662904e-02    
1.3743867362147406e+16    7.3278139812053444e-02    
1.3756950917197452e+16    6.4201410218928071e-02    
1.3770034472247498e+16    3.1378879579002407e-02    
1.3783118027297544e+16    7.9823782771049304e-02    
1.3796201582347588e+16    3.2457083917628575e-02    
1.3809285137397634e+16    4.9036289451172096e-02    
1.3822368692447680e+16    3.3037174341090617e-02    
1.3835452247497726e+16    5.5912914308866642e-02    
1.3848535802547770e+16    3.1401883156604068e-02    
1.3861619357597816e+16    1.6192534785809898e-02    
1.3874702912647862e+16    5.0105276147766283e-02    
1.3887786467697908e+16    2.5649864127033399e-02    
1.3900870022747952e+16    2.9846837005202711e-02    
1.3913953577797998e+16    1.6238979271590504e-02    
1.3927037132848044e+16    3.1554083817093466e-02    
1.3940120687898090e+16    2.5769072596611944e-02    
1.3953204242948134e+16    1.0570594133974206e-02    
1.3966287797998180e+16    3.5827560793125983e-02    
1.3979371353048226e+16    1.3734292873377098e-02    
1.3992454908098272e+16    1.5693772362446654e-02    
1.4005538463148316e+16    1.9555313219846073e-02    
1.4018622018198362e+16    1.9770994617479300e-02    
1.4031705573248408e+16    2.2878695129840823e-02    
1.4044789128298454e+16    8.6895234049821496e-03    
1.4057872683348498e+16    2.2177234449191570e-02    
1.4070956238398544e+16    1.4748812724014649e-02    
1.4084039793448590e+16    6.6453159812286224e-03    
1.4097123348498636e+16    2.4624141415845228e-02    
1.4110206903548680e+16    1.2446742578611876e-02    
1.4123290458598726e+16    1.0452602445293779e-02    
1.4136374013648772e+16    1.7714939626404906e-02    
1.4149457568698818e+16    9.3686417573928728e-03    
1.4162541123748862e+16    1.2654124466735452e-02    
1.4175624678798908e+16    1.1701422482945872e-02    
1.4188708233848954e+16    1.3501295777292857e-02    
1.4201791788899000e+16    1.5686996161639599e-02    
1.4214875343949044e+16    8.6404964437283120e-03    
1.4227958898999090e+16    1.4104994423314178e-02    
1.4241042454049136e+16    1.2268390354131313e-02    
1.4254126009099182e+16    5.1181391018393025e-03    
1.4267209564149226e+16    1.3705063284203657e-02    
1.4280293119199272e+16    1.0819610430538319e-02    
1.4293376674249318e+16    4.7924425296500539e-03    
1.4306460229299364e+16    1.4844065813542981e-02    
1.4319543784349408e+16    1.0249139747625199e-02    
1.4332627339399454e+16    4.8450863192877015e-03    
1.4345710894449500e+16    1.3966931465595227e-02    
1.4358794449499546e+16    9.1176542780929421e-03    
1.4371878004549590e+16    4.1697094190177838e-03    
1.4384961559599636e+16    1.1272696251192904e-02    
1.4398045114649682e+16    6.9390128149236152e-03    
1.4411128669699728e+16    3.1451977377786205e-03    
1.4424212224749772e+16    9.3656016399013848e-03    
1.4437295779799818e+16    6.3576802906462363e-03    
1.4450379334849864e+16    2.8613159808905980e-03    
1.4463462889899910e+16    7.7047176143627211e-03    
1.4476546444949954e+16    5.9864524819182993e-03    
1.4489630000000000e+16    3.1349937204245668e-03    
