#legend:                       ArgonShock      
#logy:                         logy            
#plabel:                       z               
#pscale:                       1.31262         
#pscale_str:                   $L_{NL}$        
#punit_str:                    m               
#pval:                         2.5741          
#title_str:                    z =             
#xcordID:                      ST              
#xlabel:                       $\omega$        
#xunit_str:                    $s^{-1}$        
#ycordID:                      AU              
#ylabel:                       I               
#yscale_str:                   arb.            
#yunit_str:                    arb.            
1.1080300000000000e+14    3.8132381224871640e+15    
1.2388655505004550e+14    3.6895015984466475e+15    
1.3697011010009100e+14    2.5448640809371265e+15    
1.5005366515013650e+14    1.3396567281131642e+15    
1.6313722020018200e+14    5.1123061401687760e+15    
1.7622077525022750e+14    2.8648069892642836e+16    
1.8930433030027297e+14    1.0661452857454427e+17    
2.0238788535031847e+14    3.0987227403294611e+17    
2.1547144040036397e+14    7.6923141480647552e+17    
2.2855499545040947e+14    1.7065487285725770e+18    
2.4163855050045497e+14    3.4704706892030863e+18    
2.5472210555050047e+14    6.5705383160538747e+18    
2.6780566060054594e+14    1.1700052245822919e+19    
2.8088921565059144e+14    1.9737786621142295e+19    
2.9397277070063694e+14    3.1724936856619110e+19    
3.0705632575068244e+14    4.8828326839989567e+19    
3.2013988080072794e+14    7.2318757491105407e+19    
3.3322343585077344e+14    1.0359804154792521e+20    
3.4630699090081894e+14    1.4427520616081705e+20    
3.5939054595086444e+14    1.9620703768300326e+20    
3.7247410100090994e+14    2.6130677981442068e+20    
3.8555765605095538e+14    3.4087448723597990e+20    
3.9864121110100094e+14    4.3433312266578860e+20    
4.1172476615104644e+14    5.3762299840354556e+20    
4.2480832120109188e+14    6.4199133444675089e+20    
4.3789187625113738e+14    7.3418887583761302e+20    
4.5097543130118288e+14    7.9879256346403314e+20    
4.6405898635122838e+14    8.2242788978884005e+20    
4.7714254140127388e+14    7.9847137883996907e+20    
4.9022609645131938e+14    7.3012700957056369e+20    
5.0330965150136488e+14    6.3019390482293509e+20    
5.1639320655141038e+14    5.1731518459455321e+20    
5.2947676160145588e+14    4.1022130796067337e+20    
5.4256031665150138e+14    3.2242570476039399e+20    
5.5564387170154688e+14    2.5945326302503086e+20    
5.6872742675159238e+14    2.1928910265380317e+20    
5.8181098180163788e+14    1.9521306645671759e+20    
5.9489453685168338e+14    1.7936087297449601e+20    
6.0797809190172888e+14    1.6549281398328561e+20    
6.2106164695177438e+14    1.5023085138491671e+20    
6.3414520200181988e+14    1.3287634803949086e+20    
6.4722875705186525e+14    1.1442344954632169e+20    
6.6031231210191075e+14    9.6440689303906009e+19    
6.7339586715195625e+14    8.0259227183102738e+19    
6.8647942220200188e+14    6.6603752989256868e+19    
6.9956297725204738e+14    5.5585540095890145e+19    
7.1264653230209288e+14    4.6891595741256671e+19    
7.2573008735213838e+14    4.0018208044482339e+19    
7.3881364240218375e+14    3.4456361687965315e+19    
7.5189719745222925e+14    2.9796724815161557e+19    
7.6498075250227475e+14    2.5762143079978004e+19    
7.7806430755232025e+14    2.2193006642535657e+19    
7.9114786260236575e+14    1.9011868025553019e+19    
8.0423141765241125e+14    1.6186508321956688e+19    
8.1731497270245675e+14    1.3701634357312713e+19    
8.3039852775250225e+14    1.1542057824455283e+19    
8.4348208280254775e+14    9.6857563774323610e+18    
8.5656563785259325e+14    8.1034284633305928e+18    
8.6964919290263875e+14    6.7611963485042555e+18    
8.8273274795268425e+14    5.6240729347503094e+18    
8.9581630300272975e+14    4.6589631212061379e+18    
9.0889985805277525e+14    3.8368800783661809e+18    
9.2198341310282075e+14    3.1345456654243712e+18    
9.3506696815286625e+14    2.5356347288600284e+18    
9.4815052320291175e+14    2.0317510610363661e+18    
9.6123407825295725e+14    1.6229614339845202e+18    
9.7431763330300275e+14    1.3175159530785280e+18    
9.8740118835304825e+14    1.1303467180325806e+18    
1.0004847434030938e+15    1.0800933825414035e+18    
1.0135682984531392e+15    1.1847204071827052e+18    
1.0266518535031848e+15    1.4561852347864896e+18    
1.0397354085532302e+15    1.8949829251913121e+18    
1.0528189636032758e+15    2.4856260327406848e+18    
1.0659025186533212e+15    3.1941399891181757e+18    
1.0789860737033668e+15    3.9684315197215375e+18    
1.0920696287534122e+15    4.7419434196461660e+18    
1.1051531838034578e+15    5.4404192506405018e+18    
1.1182367388535032e+15    5.9909791361801124e+18    
1.1313202939035488e+15    6.3321786990968760e+18    
1.1444038489535942e+15    6.4233987634136934e+18    
1.1574874040036398e+15    6.2518683140884767e+18    
1.1705709590536850e+15    5.8358836279256340e+18    
1.1836545141037305e+15    5.2233299151513364e+18    
1.1967380691537760e+15    4.4853726430977459e+18    
1.2098216242038215e+15    3.7060620795282913e+18    
1.2229051792538670e+15    2.9694500475632072e+18    
1.2359887343039125e+15    2.3464827728452157e+18    
1.2490722893539582e+15    1.8842225403575258e+18    
1.2621558444040038e+15    1.5997016289816187e+18    
1.2752393994540492e+15    1.4798569238485519e+18    
1.2883229545040948e+15    1.4876332557168399e+18    
1.3014065095541402e+15    1.5727834823332175e+18    
1.3144900646041858e+15    1.6845978368298744e+18    
1.3275736196542312e+15    1.7832410327627904e+18    
1.3406571747042768e+15    1.8468449393302799e+18    
1.3537407297543222e+15    1.8729153642431555e+18    
1.3668242848043675e+15    1.8744792888232335e+18    
1.3799078398544130e+15    1.8730048340595656e+18    
1.3929913949044585e+15    1.8908307541974195e+18    
1.4060749499545040e+15    1.9453994420784059e+18    
1.4191585050045495e+15    2.0462974004013693e+18    
1.4322420600545950e+15    2.1946732288357450e+18    
1.4453256151046405e+15    2.3837666352253025e+18    
1.4584091701546860e+15    2.5994140671127020e+18    
1.4714927252047315e+15    2.8202908167813581e+18    
1.4845762802547770e+15    3.0186495910156529e+18    
1.4976598353048225e+15    3.1627164301499955e+18    
1.5107433903548680e+15    3.2213835487625841e+18    
1.5238269454049135e+15    3.1706601289957494e+18    
1.5369105004549590e+15    3.0001918179601254e+18    
1.5499940555050045e+15    2.7177291070189635e+18    
1.5630776105550500e+15    2.3499878326539028e+18    
1.5761611656050955e+15    1.9396091463573325e+18    
1.5892447206551410e+15    1.5392272674552914e+18    
1.6023282757051865e+15    1.2043658507250476e+18    
1.6154118307552320e+15    9.8677318253003597e+17    
1.6284953858052775e+15    9.2911604662567565e+17    
1.6415789408553230e+15    1.0611899390047250e+18    
1.6546624959053685e+15    1.3973971301015493e+18    
1.6677460509554140e+15    1.9352951483131640e+18    
1.6808296060054595e+15    2.6552961819905930e+18    
1.6939131610555050e+15    3.5217567100986071e+18    
1.7069967161055505e+15    4.4855393092296192e+18    
1.7200802711555960e+15    5.4877438060118313e+18    
1.7331638262056415e+15    6.4639906180822415e+18    
1.7462473812556870e+15    7.3486776921463603e+18    
1.7593309363057325e+15    8.0790678528071731e+18    
1.7724144913557780e+15    8.5996372832701583e+18    
1.7854980464058235e+15    8.8673860654846751e+18    
1.7985816014558690e+15    8.8584286680063334e+18    
1.8116651565059145e+15    8.5751192125565266e+18    
1.8247487115559600e+15    8.0516309094364877e+18    
1.8378322666060055e+15    7.3550110128371354e+18    
1.8509158216560510e+15    6.5789700705849999e+18    
1.8639993767060965e+15    5.8293666022092616e+18    
1.8770829317561420e+15    5.2031990983544279e+18    
1.8901664868061875e+15    4.7659630307007109e+18    
1.9032500418562330e+15    4.5341669992486052e+18    
1.9163335969062785e+15    4.4695106369440476e+18    
1.9294171519563240e+15    4.4883251658652421e+18    
1.9425007070063695e+15    4.4850480087087401e+18    
1.9555842620564150e+15    4.3633885877862769e+18    
1.9686678171064605e+15    4.0654764532725944e+18    
1.9817513721565060e+15    3.5892434583107292e+18    
1.9948349272065515e+15    2.9879391806055875e+18    
2.0079184822565970e+15    2.3518507651340861e+18    
2.0210020373066425e+15    1.7786762806900777e+18    
2.0340855923566880e+15    1.3430394315176771e+18    
2.0471691474067335e+15    1.0756721459888625e+18    
2.0602527024567790e+15    9.5881748704606106e+17    
2.0733362575068245e+15    9.3809259255809178e+17    
2.0864198125568700e+15    9.4502365254502451e+17    
2.0995033676069155e+15    9.2112414920449984e+17    
2.1125869226569610e+15    8.3486829982712563e+17    
2.1256704777070065e+15    6.8665778244883341e+17    
2.1387540327570520e+15    5.0202011628936102e+17    
2.1518375878070975e+15    3.1756913368121203e+17    
2.1649211428571430e+15    1.6610860865164042e+17    
2.1780046979071885e+15    6.6330920728579472e+16    
2.1910882529572340e+15    1.9727128984519780e+16    
2.2041718080072795e+15    1.4088075997434482e+16    
2.2172553630573248e+15    3.0709978484580872e+16    
2.2303389181073702e+15    5.1799073683166784e+16    
2.2434224731574158e+15    6.5439899315353536e+16    
2.2565060282074610e+15    6.7120413445189008e+16    
2.2695895832575070e+15    5.8348400012440896e+16    
2.2826731383075520e+15    4.3777712661304072e+16    
2.2957566933575980e+15    2.8354058599680536e+16    
2.3088402484076430e+15    1.5499872328381608e+16    
2.3219238034576890e+15    6.6379290716832080e+15    
2.3350073585077340e+15    1.7189369467725445e+15    
2.3480909135577800e+15    7.5972668762336141e+13    
2.3611744686078250e+15    9.6951779597205850e+14    
2.3742580236578710e+15    3.5698464679430455e+15    
2.3873415787079165e+15    6.6418862375206080e+15    
2.4004251337579620e+15    8.5168199324093540e+15    
2.4135086888080075e+15    7.7733642959591150e+15    
2.4265922438580530e+15    4.4301352800165775e+15    
2.4396757989080985e+15    7.8576952280028688e+14    
2.4527593539581440e+15    9.2064786925265125e+14    
2.4658429090081895e+15    8.5866425889539300e+15    
2.4789264640582350e+15    2.4422513998764992e+16    
2.4920100191082805e+15    4.4295458490138008e+16    
2.5050935741583260e+15    6.0305522346300104e+16    
2.5181771292083715e+15    6.4526742044217280e+16    
2.5312606842584170e+15    5.3714202072441528e+16    
2.5443442393084625e+15    3.2209020116057176e+16    
2.5574277943585080e+15    1.0923059381445290e+16    
2.5705113494085535e+15    2.3528489500993790e+15    
2.5835949044585990e+15    1.3902553487110702e+16    
2.5966784595086445e+15    4.3041146974762184e+16    
2.6097620145586900e+15    7.7246721292402304e+16    
2.6228455696087350e+15    9.9503443392826336e+16    
2.6359291246587805e+15    9.7222497607386160e+16    
2.6490126797088260e+15    7.0105925380599152e+16    
2.6620962347588715e+15    3.2011305190980876e+16    
2.6751797898089170e+15    4.3195408212841325e+15    
2.6882633448589625e+15    3.3217711045842485e+15    
2.7013468999090080e+15    2.9102920560028676e+16    
2.7144304549590535e+15    6.4206508267563912e+16    
2.7275140100090990e+15    8.4681251167642752e+16    
2.7405975650591445e+15    7.6754473894465776e+16    
2.7536811201091900e+15    4.6738991139349232e+16    
2.7667646751592355e+15    1.5890230615121342e+16    
2.7798482302092810e+15    3.8402750051970645e+15    
2.7929317852593265e+15    1.4039319466615650e+16    
2.8060153403093720e+15    3.3028529800132744e+16    
2.8190988953594175e+15    4.3193423201896744e+16    
2.8321824504094630e+15    3.7065986229769624e+16    
2.8452660054595085e+15    2.1065759605181196e+16    
2.8583495605095540e+15    7.3236226509196570e+15    
2.8714331155595995e+15    2.8284254233017945e+15    
2.8845166706096450e+15    5.6285398756279970e+15    
2.8976002256596905e+15    9.3666802978312200e+15    
2.9106837807097360e+15    9.7773147920825420e+15    
2.9237673357597815e+15    7.0236096455635550e+15    
2.9368508908098270e+15    3.5582253613590510e+15    
2.9499344458598725e+15    1.2635872471110300e+15    
2.9630180009099180e+15    5.6921799545392962e+14    
2.9761015559599635e+15    1.0779836239155176e+15    
2.9891851110100090e+15    2.1326825338581980e+15    
3.0022686660600545e+15    2.9696258731086365e+15    
3.0153522211101000e+15    3.0310862976068945e+15    
3.0284357761601455e+15    2.4355324544542795e+15    
3.0415193312101910e+15    1.9202984588165975e+15    
3.0546028862602365e+15    2.0927969647391705e+15    
3.0676864413102820e+15    2.7970584319039145e+15    
3.0807699963603275e+15    3.3420371908220015e+15    
3.0938535514103730e+15    3.2887087859590600e+15    
3.1069371064604185e+15    2.8612015497491840e+15    
3.1200206615104640e+15    2.5856929438111555e+15    
3.1331042165605095e+15    2.6777130220033975e+15    
3.1461877716105550e+15    2.8774533864384260e+15    
3.1592713266606005e+15    2.8198962938619820e+15    
3.1723548817106460e+15    2.4506964153353585e+15    
3.1854384367606915e+15    2.0434334654064798e+15    
3.1985219918107370e+15    1.8560015328941002e+15    
3.2116055468607825e+15    1.8382533320684270e+15    
3.2246891019108280e+15    1.7215742756275230e+15    
3.2377726569608735e+15    1.3750359826880098e+15    
3.2508562120109190e+15    9.7887914543586225e+14    
3.2639397670609645e+15    7.8169475272026412e+14    
3.2770233221110100e+15    7.6656341842684312e+14    
3.2901068771610555e+15    6.9553698760480638e+14    
3.3031904322111010e+15    4.6342376236934044e+14    
3.3162739872611465e+15    2.3529719512161400e+14    
3.3293575423111920e+15    1.7958349820905038e+14    
3.3424410973612375e+15    2.2513904124438422e+14    
3.3555246524112830e+15    1.9815098222292466e+14    
3.3686082074613285e+15    8.5146290598164719e+13    
3.3816917625113740e+15    1.4637578364980422e+13    
3.3947753175614195e+15    3.6293334933109734e+13    
3.4078588726114650e+15    6.5967340745847508e+13    
3.4209424276615105e+15    4.2480267127366328e+13    
3.4340259827115560e+15    7.5559496339573359e+12    
3.4471095377616015e+15    5.0363487179002383e+12    
3.4601930928116470e+15    1.4705472704106574e+13    
3.4732766478616925e+15    1.9126648644838770e+13    
3.4863602029117380e+15    2.7614230280177953e+13    
3.4994437579617835e+15    2.2591240503449348e+13    
3.5125273130118290e+15    1.1401824667598220e+12    
3.5256108680618745e+15    2.2911039228200738e+13    
3.5386944231119200e+15    8.1265414037333547e+13    
3.5517779781619655e+15    7.3912036871774328e+13    
3.5648615332120110e+15    3.3279130798310996e+13    
3.5779450882620565e+15    1.0018339759216200e+14    
3.5910286433121020e+15    1.9673157944835472e+14    
3.6041121983621475e+15    1.6106344683450956e+14    
3.6171957534121930e+15    1.3084111202079992e+14    
3.6302793084622385e+15    2.5252788695304603e+14    
3.6433628635122840e+15    3.2361640753387775e+14    
3.6564464185623295e+15    2.5041196442025288e+14    
3.6695299736123750e+15    2.7280547413794678e+14    
3.6826135286624205e+15    3.9268798337721856e+14    
3.6956970837124660e+15    3.7390478632030556e+14    
3.7087806387625115e+15    3.1104561807113250e+14    
3.7218641938125570e+15    3.8152861946233962e+14    
3.7349477488626025e+15    4.2067776325424225e+14    
3.7480313039126480e+15    3.4414968798574531e+14    
3.7611148589626935e+15    3.3007853916109950e+14    
3.7741984140127390e+15    3.6866478802859056e+14    
3.7872819690627845e+15    3.2590233387368869e+14    
3.8003655241128300e+15    2.7466872715315356e+14    
3.8134490791628755e+15    2.7893020266766209e+14    
3.8265326342129210e+15    2.5400449200902666e+14    
3.8396161892629665e+15    2.0081247844606294e+14    
3.8526997443130120e+15    1.8330829226193800e+14    
3.8657832993630575e+15    1.7356431546463747e+14    
3.8788668544131030e+15    1.4569652646590312e+14    
3.8919504094631485e+15    1.2713532482725594e+14    
3.9050339645131940e+15    1.1520513078243922e+14    
3.9181175195632395e+15    9.4737223024124250e+13    
3.9312010746132850e+15    7.9782939233612703e+13    
3.9442846296633305e+15    7.7798924215423484e+13    
3.9573681847133760e+15    7.9404377941896391e+13    
3.9704517397634215e+15    7.9596011396627781e+13    
3.9835352948134670e+15    7.5236482680754656e+13    
3.9966188498635125e+15    6.3834701894350430e+13    
4.0097024049135580e+15    5.0219227733322180e+13    
4.0227859599636035e+15    4.4060401431335945e+13    
4.0358695150136490e+15    5.4545990719521500e+13    
4.0489530700636945e+15    7.7178785887355750e+13    
4.0620366251137400e+15    9.0583597083392344e+13    
4.0751201801637855e+15    8.5693448495682047e+13    
4.0882037352138310e+15    7.2758939859830734e+13    
4.1012872902638765e+15    5.7234050636255242e+13    
4.1143708453139220e+15    4.9519091157233805e+13    
4.1274544003639675e+15    6.0944882076624250e+13    
4.1405379554140130e+15    6.7481527927052836e+13    
4.1536215104640585e+15    5.2194358947938516e+13    
4.1667050655141040e+15    4.2983638527781211e+13    
4.1797886205641495e+15    4.1777626176163938e+13    
4.1928721756141950e+15    2.9417451122834266e+13    
4.2059557306642405e+15    2.6939803430739406e+13    
4.2190392857142860e+15    3.3223604107498422e+13    
4.2321228407643315e+15    2.0540944135144184e+13    
4.2452063958143770e+15    1.0579827915876961e+13    
4.2582899508644225e+15    1.5853147184582793e+13    
4.2713735059144680e+15    1.2865764758663465e+13    
4.2844570609645135e+15    7.7829543614746182e+12    
4.2975406160145590e+15    8.3834978075395469e+12    
4.3106241710646040e+15    8.4361201602446025e+12    
4.3237077261146495e+15    9.3218119634266270e+12    
4.3367912811646950e+15    6.9757447968665908e+12    
4.3498748362147405e+15    9.6974327109308848e+12    
4.3629583912647860e+15    1.3031478366352389e+13    
4.3760419463148315e+15    6.3723196644349697e+12    
4.3891255013648770e+15    1.2435745498706547e+13    
4.4022090564149225e+15    1.5501975657193896e+13    
4.4152926114649680e+15    5.7699415875040439e+12    
4.4283761665150135e+15    1.1973532325635398e+13    
4.4414597215650590e+15    1.2884153019428779e+13    
4.4545432766151045e+15    4.6192392643587520e+12    
4.4676268316651500e+15    7.7648390455197070e+12    
4.4807103867151955e+15    7.2868843628138467e+12    
4.4937939417652410e+15    2.2037618962732583e+12    
4.5068774968152860e+15    3.4968296647368789e+12    
4.5199610518653320e+15    2.4852329547994834e+12    
4.5330446069153780e+15    3.0369270690431836e+11    
4.5461281619654230e+15    1.0186267533503528e+12    
4.5592117170154680e+15    3.2890086132429254e+11    
4.5722952720655140e+15    4.7842049605119896e+09    
4.5853788271155600e+15    3.1315371648706635e+11    
4.5984623821656050e+15    6.4750564452431396e+11    
4.6115459372156500e+15    4.9889176499314099e+11    
4.6246294922656960e+15    1.4599693284736648e+12    
4.6377130473157420e+15    1.2764922760497461e+12    
4.6507966023657870e+15    2.4433388347238472e+12    
4.6638801574158330e+15    1.8945484304868757e+12    
4.6769637124658780e+15    3.2237672795687368e+12    
4.6900472675159240e+15    2.9059508167465073e+12    
4.7031308225659690e+15    3.1913345947610742e+12    
4.7162143776160150e+15    3.9562755706549526e+12    
4.7292979326660600e+15    3.1558856132434932e+12    
4.7423814877161060e+15    4.2876385200115317e+12    
4.7554650427661510e+15    3.5064108588099033e+12    
4.7685485978161970e+15    3.9526811308835303e+12    
4.7816321528662420e+15    3.8042678100790630e+12    
4.7947157079162880e+15    3.7653275938843281e+12    
4.8077992629663330e+15    3.1659427378809512e+12    
4.8208828180163790e+15    3.3522348957772510e+12    
4.8339663730664240e+15    3.7132593268391440e+12    
4.8470499281164700e+15    3.2655177501654038e+12    
4.8601334831665150e+15    2.2109053679295444e+12    
4.8732170382165610e+15    2.2727888227258120e+12    
4.8863005932666060e+15    2.7353113687877852e+12    
4.8993841483166520e+15    2.4750243146150088e+12    
4.9124677033666970e+15    1.8682575680111914e+12    
4.9255512584167430e+15    1.9253333495441057e+12    
4.9386348134667880e+15    2.0540277130049360e+12    
4.9517183685168340e+15    1.6951133796777361e+12    
4.9648019235668790e+15    1.7184235842760601e+12    
4.9778854786169250e+15    1.7217950011149062e+12    
4.9909690336669700e+15    1.6975264731744224e+12    
5.0040525887170160e+15    1.3636021614721072e+12    
5.0171361437670610e+15    1.7236638588621443e+12    
5.0302196988171070e+15    1.3334299719263069e+12    
5.0433032538671520e+15    1.5169227160594207e+12    
5.0563868089171980e+15    1.1937602866413279e+12    
5.0694703639672430e+15    1.4914214822984712e+12    
5.0825539190172890e+15    9.0298617525547754e+11    
5.0956374740673340e+15    1.2772671523776326e+12    
5.1087210291173800e+15    7.7590086961696973e+11    
5.1218045841674250e+15    9.7839830367185571e+11    
5.1348881392174700e+15    6.0601224778141162e+11    
5.1479716942675160e+15    7.8872408083687769e+11    
5.1610552493175610e+15    4.5872295123908154e+11    
5.1741388043676070e+15    5.8469851986406970e+11    
5.1872223594176520e+15    3.9873112356383020e+11    
5.2003059144676980e+15    4.0078594910145502e+11    
5.2133894695177430e+15    3.9350995492920789e+11    
5.2264730245677890e+15    2.8281114659418146e+11    
5.2395565796178340e+15    4.8419651354026184e+11    
5.2526401346678800e+15    3.0906284938909601e+11    
5.2657236897179250e+15    6.8325826457641089e+11    
5.2788072447679710e+15    4.5582364996517725e+11    
5.2918907998180160e+15    7.7206375198020496e+11    
5.3049743548680620e+15    6.9320877245248669e+11    
5.3180579099181070e+15    7.7431510401449182e+11    
5.3311414649681530e+15    9.4843088075486121e+11    
5.3442250200181980e+15    9.1534975062918408e+11    
5.3573085750682440e+15    8.8996708125916223e+11    
5.3703921301182890e+15    1.0946980117279774e+12    
5.3834756851683350e+15    6.8633117134896460e+11    
5.3965592402183800e+15    9.1012627761859802e+11    
5.4096427952684260e+15    6.2284015050037231e+11    
5.4227263503184710e+15    3.9106963193394220e+11    
5.4358099053685170e+15    5.0059373248326721e+11    
5.4488934604185620e+15    1.1545428936863043e+11    
5.4619770154686080e+15    1.7543214248929840e+11    
5.4750605705186530e+15    9.4996432994281509e+10    
5.4881441255686990e+15    3.8828659194175056e+10    
5.5012276806187440e+15    1.0315240329937222e+10    
5.5143112356687900e+15    1.9028699587701775e+10    
5.5273947907188350e+15    6.9414977166092041e+10    
5.5404783457688810e+15    1.2397230381277036e+11    
5.5535619008189260e+15    1.7031261293837469e+11    
5.5666454558689720e+15    2.2205543351918610e+11    
5.5797290109190170e+15    3.0885291025728094e+11    
5.5928125659690630e+15    3.2336482032031268e+11    
5.6058961210191080e+15    1.9175071559008475e+11    
5.6189796760691540e+15    2.0666069790337241e+11    
5.6320632311191990e+15    2.1985137940073636e+11    
5.6451467861692450e+15    1.9253519202201895e+11    
5.6582303412192900e+15    2.3596036562616385e+11    
5.6713138962693360e+15    2.2814820502937775e+11    
5.6843974513193810e+15    2.5134126736375024e+11    
5.6974810063694270e+15    3.0036731792727509e+11    
5.7105645614194720e+15    2.6645415472338657e+11    
5.7236481164695180e+15    2.8648335452304956e+11    
5.7367316715195630e+15    3.0473035276021448e+11    
5.7498152265696090e+15    2.5002018793165552e+11    
5.7628987816196540e+15    2.3839743804494620e+11    
5.7759823366697000e+15    2.8131183855664001e+11    
5.7890658917197450e+15    2.1572756481590860e+11    
5.8021494467697910e+15    1.9464483113282373e+11    
5.8152330018198360e+15    2.2012803773906659e+11    
5.8283165568698820e+15    1.4391607543804123e+11    
5.8414001119199270e+15    9.6285726276192581e+10    
5.8544836669699730e+15    8.2258409059759033e+10    
5.8675672220200180e+15    4.8114852029190422e+10    
5.8806507770700640e+15    1.2856442274599012e+10    
5.8937343321201090e+15    1.9012263867889545e+10    
5.9068178871701550e+15    3.3034287551446013e+09    
5.9199014422202000e+15    3.1341648442751926e+08    
5.9329849972702460e+15    1.5299467690689113e+09    
5.9460685523202910e+15    1.0264196787757311e+10    
5.9591521073703370e+15    1.9843580978634007e+10    
5.9722356624203820e+15    1.5182440454612169e+10    
5.9853192174704280e+15    2.8773883007167694e+10    
5.9984027725204730e+15    6.4820887592649445e+10    
6.0114863275705190e+15    3.8149187777780289e+10    
6.0245698826205640e+15    5.4935902458898193e+10    
6.0376534376706100e+15    2.1667708273831947e+10    
6.0507369927206550e+15    7.4069592901290009e+10    
6.0638205477707010e+15    3.2221164185508873e+10    
6.0769041028207460e+15    2.0452143364625980e+10    
6.0899876578707920e+15    3.0667730024395164e+10    
6.1030712129208370e+15    2.1999925600719433e+10    
6.1161547679708830e+15    2.0138296421669811e+10    
6.1292383230209280e+15    1.5208902682378128e+10    
6.1423218780709740e+15    1.1309249253858147e+10    
6.1554054331210190e+15    5.1795379066381130e+09    
6.1684889881710650e+15    4.5179991041527214e+09    
6.1815725432211100e+15    4.5438500781909227e+09    
6.1946560982711560e+15    5.3181821962555933e+09    
6.2077396533212010e+15    7.3180442629852676e+09    
6.2208232083712470e+15    9.8433222522868958e+09    
6.2339067634212920e+15    1.1785282209206627e+10    
6.2469903184713380e+15    1.1362878170462654e+10    
6.2600738735213830e+15    1.0105867851613585e+10    
6.2731574285714290e+15    7.4000067279337187e+09    
6.2862409836214740e+15    7.8240902148983335e+09    
6.2993245386715200e+15    9.5269614084361801e+09    
6.3124080937215650e+15    1.2519467527671907e+10    
6.3254916487716110e+15    1.3138744505118299e+10    
6.3385752038216560e+15    1.2038736025566759e+10    
6.3516587588717020e+15    1.0625459921612820e+10    
6.3647423139217470e+15    8.5637299185116053e+09    
6.3778258689717930e+15    8.4308296925081711e+09    
6.3909094240218380e+15    7.4638401318647747e+09    
6.4039929790718840e+15    1.0568665987280565e+10    
6.4170765341219290e+15    4.7588275356306629e+09    
6.4301600891719750e+15    1.2123678684721684e+10    
6.4432436442220200e+15    3.4977193729256034e+09    
6.4563271992720660e+15    2.4959563591008911e+09    
6.4694107543221110e+15    5.2876402373913622e+09    
6.4824943093721570e+15    5.0685174802985392e+09    
6.4955778644222020e+15    8.8594878206535187e+09    
6.5086614194722480e+15    1.1536085827153809e+09    
6.5217449745222930e+15    5.1513450080789347e+09    
6.5348285295723390e+15    5.1404197018473387e+09    
6.5479120846223840e+15    5.2186112459242649e+09    
6.5609956396724300e+15    3.0534628102002187e+09    
6.5740791947224750e+15    1.2272083224402850e+09    
6.5871627497725210e+15    4.3437115520707238e+08    
6.6002463048225660e+15    6.9953221486166370e+08    
6.6133298598726120e+15    5.1326301858340162e+08    
6.6264134149226570e+15    5.0050365034407014e+08    
6.6394969699727030e+15    6.6458933487262154e+08    
6.6525805250227480e+15    5.9712095031103456e+08    
6.6656640800727940e+15    5.3267300578548163e+08    
6.6787476351228390e+15    3.2931521843273377e+08    
6.6918311901728850e+15    2.3440752582515019e+08    
6.7049147452229300e+15    2.1455768067454183e+08    
6.7179983002729760e+15    1.8293491335249388e+08    
6.7310818553230210e+15    2.3668903597869849e+08    
6.7441654103730670e+15    3.1129957449254048e+08    
6.7572489654231120e+15    3.3573818336521339e+08    
6.7703325204731580e+15    4.0497633463673586e+08    
6.7834160755232030e+15    6.9796970165412557e+08    
6.7964996305732490e+15    2.2430466504137012e+08    
6.8095831856232940e+15    1.0757918408174040e+09    
6.8226667406733390e+15    2.4676404593466717e+08    
6.8357502957233850e+15    1.1965314822725146e+09    
6.8488338507734300e+15    1.4904263440203273e+08    
6.8619174058234760e+15    2.3438795547935277e+08    
6.8750009608735210e+15    6.3556113649553382e+08    
6.8880845159235670e+15    1.8225584953753263e+08    
6.9011680709736120e+15    4.0514720259376758e+08    
6.9142516260236580e+15    6.1190868701518738e+08    
6.9273351810737030e+15    5.6455356257757616e+08    
6.9404187361237490e+15    5.8439589711399400e+08    
6.9535022911737940e+15    4.2677041230669928e+08    
6.9665858462238400e+15    2.3382762824024618e+08    
6.9796694012738850e+15    2.1924684786739147e+08    
6.9927529563239310e+15    2.3816937705281848e+08    
7.0058365113739760e+15    3.0726084180680400e+08    
7.0189200664240220e+15    4.0541655351422739e+08    
7.0320036214740670e+15    4.5118611581841171e+08    
7.0450871765241130e+15    4.5634338967727178e+08    
7.0581707315741580e+15    4.5322362195035273e+08    
7.0712542866242040e+15    3.9693489829199862e+08    
7.0843378416742490e+15    3.6759529818993509e+08    
7.0974213967242950e+15    8.3120765837432474e+07    
7.1105049517743400e+15    5.4174723305545068e+08    
7.1235885068243860e+15    2.7732969555484653e+08    
7.1366720618744310e+15    3.2003381763058883e+08    
7.1497556169244770e+15    4.6164722385098404e+08    
7.1628391719745220e+15    1.8153281763271920e+07    
7.1759227270245680e+15    4.4463728825060821e+08    
7.1890062820746130e+15    2.3768617482274985e+08    
7.2020898371246590e+15    1.6621651661503625e+08    
7.2151733921747040e+15    3.3193392850642003e+07    
7.2282569472247500e+15    1.5490500531615305e+08    
7.2413405022747950e+15    3.2685584529826033e+08    
7.2544240573248410e+15    2.4888577674118450e+08    
7.2675076123748860e+15    9.1933618903428510e+07    
7.2805911674249320e+15    2.1833369520523660e+07    
7.2936747224749770e+15    7.7587805541569471e+07    
7.3067582775250230e+15    1.7091006931831709e+08    
7.3198418325750680e+15    1.9049139685018218e+08    
7.3329253876251140e+15    2.1033569587486476e+08    
7.3460089426751590e+15    1.4947858821645138e+08    
7.3590924977252050e+15    7.5697941075405002e+07    
7.3721760527752500e+15    8.4516832442370340e+07    
7.3852596078252960e+15    1.4215136681759220e+08    
7.3983431628753410e+15    6.1132961873577952e+07    
7.4114267179253870e+15    3.3962939239071864e+08    
7.4245102729754320e+15    1.0236773934640330e+08    
7.4375938280254780e+15    1.3022827516029407e+08    
7.4506773830755230e+15    4.0095039366000377e+07    
7.4637609381255690e+15    2.0705655124936566e+08    
7.4768444931756140e+15    1.3156903904691869e+08    
7.4899280482256600e+15    7.1755891069707960e+07    
7.5030116032757050e+15    1.3535059517302409e+08    
7.5160951583257510e+15    1.0636488796413973e+08    
7.5291787133757960e+15    7.2570162749482751e+07    
7.5422622684258420e+15    1.1989422035430080e+08    
7.5553458234758870e+15    6.7749192639571846e+07    
7.5684293785259330e+15    4.5692482160941660e+07    
7.5815129335759780e+15    1.0495820503723471e+08    
7.5945964886260240e+15    2.7221193152593978e+07    
7.6076800436760690e+15    6.3078264344375126e+07    
7.6207635987261150e+15    1.0427362857164072e+08    
7.6338471537761600e+15    3.1560060714027151e+07    
7.6469307088262060e+15    4.2880554423864465e+06    
7.6600142638762510e+15    6.8012411734010339e+07    
7.6730978189262970e+15    4.3716230935815133e+07    
7.6861813739763420e+15    7.2266755569250554e+07    
7.6992649290263880e+15    2.4275420694929235e+07    
7.7123484840764330e+15    3.3640228876661852e+07    
7.7254320391264790e+15    2.2000536732586719e+07    
7.7385155941765240e+15    4.1078090894530185e+07    
7.7515991492265700e+15    5.9667660447464045e+06    
7.7646827042766150e+15    1.5719713100530690e+05    
7.7777662593266610e+15    2.9905491934094308e+06    
7.7908498143767060e+15    5.2111310939800404e+06    
7.8039333694267520e+15    1.5937844016048370e+06    
7.8170169244767970e+15    1.1062492944327934e+07    
7.8301004795268430e+15    6.2161847232638625e+06    
7.8431840345768880e+15    8.3727633162555536e+06    
7.8562675896269340e+15    2.6609000328856721e+06    
7.8693511446769790e+15    6.1296103892718386e+06    
7.8824346997270250e+15    1.2242669722903652e+07    
7.8955182547770700e+15    5.4280914953733357e+06    
7.9086018098271160e+15    2.5405217959332238e+06    
7.9216853648771610e+15    1.2138319881746012e+06    
7.9347689199272070e+15    7.6625158132148329e+06    
7.9478524749772520e+15    3.8249626557087705e+07    
7.9609360300272980e+15    4.6564297560284182e+05    
7.9740195850773430e+15    5.0958008905364893e+07    
7.9871031401273890e+15    9.6958042106419858e+06    
8.0001866951774340e+15    1.4295490381473000e+06    
8.0132702502274800e+15    2.0405686799294297e+07    
8.0263538052775250e+15    5.0246233965919102e+06    
8.0394373603275710e+15    1.4565339917070493e+07    
8.0525209153776160e+15    9.1571604650978055e+06    
8.0656044704276620e+15    8.7558697661655191e+06    
8.0786880254777070e+15    1.5971737721474824e+07    
8.0917715805277530e+15    4.9249456857450409e+06    
8.1048551355777980e+15    1.0678809908171205e+07    
8.1179386906278440e+15    2.4328012138283360e+06    
8.1310222456778890e+15    1.3907322450867154e+07    
8.1441058007279350e+15    1.5825244861212585e+07    
8.1571893557779800e+15    1.1094195148754346e+06    
8.1702729108280260e+15    2.7649009434381378e+05    
8.1833564658780710e+15    4.0148832886403974e+05    
8.1964400209281170e+15    1.2368026032194719e+07    
8.2095235759781620e+15    3.4631572812644520e+05    
8.2226071310282080e+15    7.6219350250516096e+06    
8.2356906860782530e+15    1.3637984680327543e+06    
8.2487742411282990e+15    8.7164588203340396e+06    
8.2618577961783440e+15    1.0275501040350016e+06    
8.2749413512283900e+15    1.5566155860839114e+07    
8.2880249062784350e+15    2.8348771465438954e+06    
8.3011084613284810e+15    1.9052499186464021e+05    
8.3141920163785260e+15    3.0593343738920176e+06    
8.3272755714285720e+15    3.9859484174393383e+06    
8.3403591264786170e+15    1.1819871100582981e+06    
8.3534426815286630e+15    2.4352231515582148e+06    
8.3665262365787080e+15    6.7809226582965888e+06    
8.3796097916287540e+15    1.0442735976673641e+06    
8.3926933466787990e+15    2.0079519323861049e+06    
8.4057769017288450e+15    3.6981296646225941e+06    
8.4188604567788900e+15    4.4335753049771730e+06    
8.4319440118289360e+15    1.4164887917795023e+06    
8.4450275668789810e+15    1.1730910161507034e+06    
8.4581111219290270e+15    1.4150831861921535e+06    
8.4711946769790720e+15    1.5039446059424605e+06    
8.4842782320291180e+15    1.5155156300992393e+06    
8.4973617870791630e+15    5.9276749205201101e+06    
8.5104453421292080e+15    9.4492245022723614e+05    
8.5235288971792540e+15    6.4509471117943022e+06    
8.5366124522292990e+15    4.7382331205150867e+06    
8.5496960072793450e+15    3.4760057310019182e+06    
8.5627795623293900e+15    4.2738572596081672e+06    
8.5758631173794360e+15    4.7461884410422901e+05    
8.5889466724294810e+15    7.2997063317331229e+05    
8.6020302274795270e+15    6.7410725443429663e+05    
8.6151137825295720e+15    1.4878765748254971e+06    
8.6281973375796180e+15    1.2472056444405559e+06    
8.6412808926296630e+15    8.0607617690607009e+05    
8.6543644476797090e+15    8.5471871250514360e+05    
8.6674480027297540e+15    8.9847444831618003e+05    
8.6805315577798000e+15    8.2697229899954412e+05    
8.6936151128298450e+15    9.1097421711888642e+05    
8.7066986678798910e+15    1.0323394647742194e+06    
8.7197822229299360e+15    3.2529192293995112e+05    
8.7328657779799820e+15    1.2226789463071628e+06    
8.7459493330300270e+15    4.2180852806406962e+06    
8.7590328880800730e+15    1.7774138760107360e+06    
8.7721164431301180e+15    3.0967833371642121e+05    
8.7851999981801640e+15    4.4795051474177459e+05    
8.7982835532302090e+15    6.2255435827213328e+05    
8.8113671082802550e+15    3.2619677371176740e+05    
8.8244506633303000e+15    2.2579315078808952e+05    
8.8375342183803460e+15    4.3509869597165257e+05    
8.8506177734303910e+15    4.5062784787303605e+05    
8.8637013284804370e+15    1.7288170809985345e+05    
8.8767848835304820e+15    4.3739238074691530e+04    
8.8898684385805280e+15    3.2938019725964099e+04    
8.9029519936305730e+15    1.4090635878861433e+04    
8.9160355486806190e+15    8.0098385937763684e+04    
8.9291191037306640e+15    1.4166197294181111e+05    
8.9422026587807100e+15    1.0581972427502420e+05    
8.9552862138307550e+15    7.2766963280112817e+04    
8.9683697688808010e+15    1.8254664173909556e+05    
8.9814533239308460e+15    4.2783320356693724e+05    
8.9945368789808920e+15    8.2982000729023921e+05    
9.0076204340309360e+15    3.7332091428894474e+05    
9.0207039890809840e+15    1.0689634025795829e+04    
9.0337875441310280e+15    5.0032355255488059e+04    
9.0468710991810740e+15    2.2223044082466452e+05    
9.0599546542311200e+15    3.0776859771875053e+05    
9.0730382092811640e+15    1.3430853280944677e+05    
9.0861217643312100e+15    1.3687898622791126e+05    
9.0992053193812560e+15    3.0308830021578190e+05    
9.1122888744313000e+15    5.4832702313519025e+05    
9.1253724294813460e+15    2.6184931280740080e+05    
9.1384559845313920e+15    7.8769943257181061e+04    
9.1515395395814380e+15    1.5645115076979839e+04    
9.1646230946314840e+15    3.0117420032851540e+04    
9.1777066496815280e+15    7.0567805570345212e+04    
9.1907902047315740e+15    1.3182373035613212e+05    
9.2038737597816200e+15    1.5967760397140699e+05    
9.2169573148316660e+15    3.1504181921679978e+04    
9.2300408698817100e+15    4.6386593179386480e+04    
9.2431244249317560e+15    2.1417972792089262e+04    
9.2562079799818020e+15    5.5695107661327042e+04    
9.2692915350318480e+15    4.8537190145288980e+04    
9.2823750900818920e+15    1.2412065188470943e+05    
9.2954586451319380e+15    2.7108103587505256e+05    
9.3085422001819840e+15    2.2949560784879053e+05    
9.3216257552320300e+15    3.5518270192584496e+04    
9.3347093102820740e+15    7.3553963891050822e+04    
9.3477928653321200e+15    1.6971737158599155e+05    
9.3608764203821660e+15    2.8315717057891726e+05    
9.3739599754322120e+15    4.6451725774881599e+05    
9.3870435304822560e+15    2.9729501905549504e+05    
9.4001270855323020e+15    2.3002169563535930e+05    
9.4132106405823480e+15    1.1444026365339648e+05    
9.4262941956323940e+15    8.0545449627671187e+04    
9.4393777506824380e+15    1.4590162299753091e+05    
9.4524613057324840e+15    8.2255397484197492e+03    
9.4655448607825300e+15    1.0001925783815046e+05    
9.4786284158325760e+15    1.0393371178560941e+04    
9.4917119708826200e+15    2.3871470516634490e+04    
9.5047955259326660e+15    3.1366294398269923e+02    
9.5178790809827120e+15    2.0418684266524940e+03    
9.5309626360327580e+15    1.3634241887046444e+03    
9.5440461910828020e+15    8.6258442064408173e+03    
9.5571297461328480e+15    2.8889917237772566e+04    
9.5702133011828940e+15    1.1464038099459400e+05    
9.5832968562329400e+15    3.0181979161439283e+05    
9.5963804112829840e+15    1.1608856254462922e+04    
9.6094639663330300e+15    5.0881913300737746e+04    
9.6225475213830760e+15    2.3794138292842131e+03    
9.6356310764331220e+15    9.1098164702362890e+04    
9.6487146314831660e+15    2.1285873228836226e+04    
9.6617981865332120e+15    7.5158793214675403e+04    
9.6748817415832580e+15    3.6074991251696163e+04    
9.6879652966333040e+15    4.9622933097578738e+04    
9.7010488516833480e+15    1.0528290584938005e+05    
9.7141324067333940e+15    2.1181965352565108e+04    
9.7272159617834400e+15    1.6837416661609535e+04    
9.7402995168334860e+15    2.0544405619770923e+03    
9.7533830718835300e+15    9.1528364757580246e+04    
9.7664666269335760e+15    4.0388387181366393e+03    
9.7795501819836220e+15    3.2192525210925534e+04    
9.7926337370336680e+15    1.2809567446547682e+04    
9.8057172920837120e+15    5.3177919850341877e+03    
9.8188008471337580e+15    3.2185696497572999e+03    
9.8318844021838040e+15    3.2468758526438893e+02    
9.8449679572338500e+15    4.6797030665411494e+03    
9.8580515122838940e+15    2.4314221663130029e+03    
9.8711350673339400e+15    2.1126706490649903e+02    
9.8842186223839860e+15    6.2114178185115679e+03    
9.8973021774340320e+15    2.5626095593653728e+04    
9.9103857324840760e+15    1.9916472386251840e+04    
9.9234692875341220e+15    9.1984177465893697e+02    
9.9365528425841680e+15    3.2105549666916327e+03    
9.9496363976342140e+15    6.3694034924103653e+03    
9.9627199526842580e+15    1.9318375698385255e+04    
9.9758035077343040e+15    1.2724194454690578e+03    
9.9888870627843500e+15    5.9215005010795430e+03    
1.0001970617834396e+16    6.1006236989924764e+03    
1.0015054172884440e+16    1.3412022475716441e+01    
1.0028137727934486e+16    1.3080082319718238e+03    
1.0041221282984532e+16    6.5586685555749436e+03    
1.0054304838034578e+16    1.4188593442233585e+04    
1.0067388393084622e+16    2.3407666527522415e+04    
1.0080471948134668e+16    9.1279394699048407e+03    
1.0093555503184714e+16    4.6479563210060960e+03    
1.0106639058234760e+16    1.7623098384645505e+03    
1.0119722613284804e+16    4.4098698878128243e+03    
1.0132806168334850e+16    1.4733441204809519e+03    
1.0145889723384896e+16    3.5315555788074598e+03    
1.0158973278434940e+16    3.6444935562586384e+03    
1.0172056833484986e+16    5.5785011487656211e+03    
1.0185140388535032e+16    1.0819073826232985e+04    
1.0198223943585078e+16    6.2160637840088866e+03    
1.0211307498635122e+16    1.9171010768807329e+04    
1.0224391053685168e+16    1.8247540357197884e+03    
1.0237474608735214e+16    1.0261568827141738e+04    
1.0250558163785260e+16    9.3255573978663433e+03    
1.0263641718835304e+16    2.5308199607841989e+03    
1.0276725273885350e+16    2.4034000284763661e+03    
1.0289808828935396e+16    2.8496231775691599e+03    
1.0302892383985442e+16    4.4919393939653437e+03    
1.0315975939035486e+16    2.9657755601451991e+03    
1.0329059494085532e+16    2.0032072413602348e+03    
1.0342143049135578e+16    8.0132632073276900e+03    
1.0355226604185624e+16    1.4912006744596522e+03    
1.0368310159235668e+16    1.0201114232259119e+04    
1.0381393714285714e+16    7.2128248244582946e+03    
1.0394477269335760e+16    4.0317478931051519e+03    
1.0407560824385806e+16    4.1777545879661727e+02    
1.0420644379435850e+16    1.3993947784065244e+03    
1.0433727934485896e+16    1.0747769818897268e+03    
1.0446811489535942e+16    7.2026156772652894e+03    
1.0459895044585988e+16    5.1001897914783035e+02    
1.0472978599636032e+16    3.6219741396663824e+02    
1.0486062154686078e+16    1.0174536187468773e+02    
1.0499145709736124e+16    7.7196268261185750e+01    
1.0512229264786170e+16    2.1290268699363623e+03    
1.0525312819836214e+16    5.2053724908833528e+03    
1.0538396374886260e+16    2.1676810313705482e+03    
1.0551479929936306e+16    1.4360095096549476e+03    
1.0564563484986352e+16    6.0510760962588733e+02    
1.0577647040036396e+16    3.5891176457857739e+02    
1.0590730595086442e+16    2.6542750971691657e+02    
1.0603814150136488e+16    2.1145237184302098e+02    
1.0616897705186534e+16    4.3906194753876633e+02    
1.0629981260236578e+16    4.5621585088850304e+02    
1.0643064815286624e+16    2.5193874746927042e+02    
1.0656148370336670e+16    2.7563869323936601e+03    
1.0669231925386716e+16    1.3267837559241166e+03    
1.0682315480436760e+16    1.4437298019370307e+03    
1.0695399035486806e+16    6.2151236597660493e+01    
1.0708482590536852e+16    6.6473405955957696e+02    
1.0721566145586898e+16    1.3723610475061091e+02    
1.0734649700636942e+16    1.8551376604847098e+02    
1.0747733255686988e+16    3.8493864352422901e+02    
1.0760816810737034e+16    8.7914413781464830e+01    
1.0773900365787080e+16    1.8376025350723187e+03    
1.0786983920837124e+16    1.7986581752436416e+03    
1.0800067475887170e+16    2.8195688838183753e+02    
1.0813151030937216e+16    3.0962466395684093e+01    
1.0826234585987262e+16    3.2891504629233043e+02    
1.0839318141037306e+16    3.3901028924144532e+02    
1.0852401696087352e+16    3.9497213359015672e+02    
1.0865485251137398e+16    1.4088898210666875e+02    
1.0878568806187444e+16    4.1946451773330767e+02    
1.0891652361237488e+16    4.0066142212512943e+02    
1.0904735916287534e+16    6.1383259248552645e+02    
1.0917819471337580e+16    5.6954826559736262e+01    
1.0930903026387626e+16    4.0482514307746591e+01    
1.0943986581437670e+16    1.9258473079534095e+01    
1.0957070136487716e+16    2.9320404817831882e+01    
1.0970153691537762e+16    5.7477450153606094e+02    
1.0983237246587808e+16    7.2178340756825048e+02    
1.0996320801637852e+16    3.5761517464742730e+02    
1.1009404356687898e+16    7.2815479662056131e+00    
1.1022487911737944e+16    1.5043142514660113e+02    
1.1035571466787990e+16    2.2019862348572178e+02    
1.1048655021838034e+16    2.9133248146817903e+02    
1.1061738576888080e+16    6.2013094379297506e+01    
1.1074822131938126e+16    6.4450017937860181e+01    
1.1087905686988172e+16    3.1776908558029874e+02    
1.1100989242038216e+16    2.1081983379812874e+02    
1.1114072797088262e+16    2.5367829598285301e+01    
1.1127156352138308e+16    1.8673767219977567e+01    
1.1140239907188354e+16    1.4291837487522668e+02    
1.1153323462238398e+16    2.1742647322418603e+02    
1.1166407017288444e+16    1.2681582057715616e+03    
1.1179490572338490e+16    6.6333711366659953e+00    
1.1192574127388536e+16    1.2944876441590995e+02    
1.1205657682438580e+16    5.5115231735361746e+01    
1.1218741237488626e+16    3.0420986721952286e+01    
1.1231824792538672e+16    7.2724948552641777e+01    
1.1244908347588718e+16    3.0641210160893559e+02    
1.1257991902638762e+16    3.0851211216512257e+02    
1.1271075457688808e+16    4.3862109868678908e+02    
1.1284159012738854e+16    2.3558987844137869e+02    
1.1297242567788900e+16    1.4613987103961763e+01    
1.1310326122838944e+16    5.0330942487798618e+00    
1.1323409677888990e+16    1.5407177667327591e+01    
1.1336493232939036e+16    3.5699498878573280e+01    
1.1349576787989082e+16    7.8704623612231828e+00    
1.1362660343039126e+16    2.2906225280907254e+01    
1.1375743898089172e+16    4.5064583942171089e+02    
1.1388827453139218e+16    4.4787116352952421e+02    
1.1401911008189264e+16    2.3632202606890758e+00    
1.1414994563239308e+16    3.4639118244132611e+01    
1.1428078118289354e+16    1.0787232234578570e+02    
1.1441161673339400e+16    2.1418405262600131e+00    
1.1454245228389446e+16    1.0997362917082453e+01    
1.1467328783439490e+16    5.5972411974538076e+01    
1.1480412338489536e+16    1.6162610389463157e+02    
1.1493495893539582e+16    1.9564652289143851e+02    
1.1506579448589628e+16    2.2597449936024859e+02    
1.1519663003639672e+16    8.2453304242888326e+00    
1.1532746558689718e+16    1.0105491840723426e+01    
1.1545830113739764e+16    2.0503217681797472e+00    
1.1558913668789810e+16    5.4913411618988853e+01    
1.1571997223839854e+16    3.3575399518877532e+01    
1.1585080778889900e+16    6.6378624229735010e+01    
1.1598164333939946e+16    1.1071696378567719e+02    
1.1611247888989992e+16    9.1064062668969772e+00    
1.1624331444040036e+16    7.1894693791370985e+00    
1.1637414999090082e+16    2.6945289566913829e+01    
1.1650498554140128e+16    9.0152879883051078e+00    
1.1663582109190174e+16    6.7691354199422960e+01    
1.1676665664240218e+16    7.7975862724830263e+00    
1.1689749219290264e+16    2.3861234205469184e+01    
1.1702832774340310e+16    2.8105527219567428e+01    
1.1715916329390356e+16    2.3849317478226993e+01    
1.1728999884440400e+16    5.8873950063694309e+00    
1.1742083439490446e+16    2.1411200697654316e+01    
1.1755166994540492e+16    1.9780342020326053e+01    
1.1768250549590538e+16    3.4015797775966012e+00    
1.1781334104640582e+16    1.4046563440495471e-01    
1.1794417659690628e+16    2.2710895400579570e+01    
1.1807501214740674e+16    2.4531412749539815e+01    
1.1820584769790720e+16    6.1690645269895448e+01    
1.1833668324840764e+16    1.4701792227589474e+00    
1.1846751879890810e+16    1.8718485089096717e+00    
1.1859835434940856e+16    1.1113943371043831e+00    
1.1872918989990900e+16    2.2152197687208499e+00    
1.1886002545040946e+16    1.8317151066980530e+00    
1.1899086100090992e+16    5.0238141950509835e+01    
1.1912169655141038e+16    2.8250256468531308e+01    
1.1925253210191082e+16    1.7907896960063594e+00    
1.1938336765241128e+16    5.5572001022681672e+00    
1.1951420320291174e+16    5.3734213044538137e+00    
1.1964503875341220e+16    5.4833777707635747e+00    
1.1977587430391264e+16    1.9060056584438058e+01    
1.1990670985441310e+16    2.4243300220487010e+00    
1.2003754540491356e+16    8.3287821127434185e+00    
1.2016838095541402e+16    3.9840521281426184e+00    
1.2029921650591446e+16    3.8480574580903069e+00    
1.2043005205641492e+16    1.3590149335945583e+01    
1.2056088760691538e+16    1.5023844471227539e+00    
1.2069172315741584e+16    1.1040842329281125e+01    
1.2082255870791628e+16    2.6741709590288050e+01    
1.2095339425841674e+16    7.4713633321529049e-01    
1.2108422980891720e+16    2.3854878125103656e+00    
1.2121506535941766e+16    6.4705748448171976e+00    
1.2134590090991810e+16    4.5239015874589050e+00    
1.2147673646041856e+16    2.8459233676449172e+00    
1.2160757201091902e+16    1.4396177241349859e+01    
1.2173840756141948e+16    1.1539693797045338e+01    
1.2186924311191992e+16    6.8650207470115561e+00    
1.2200007866242038e+16    2.2260178287877155e+00    
1.2213091421292084e+16    2.0814270020857508e+00    
1.2226174976342130e+16    1.8102140658806827e+00    
1.2239258531392174e+16    1.4241395631113842e+00    
1.2252342086442220e+16    1.4389541666348999e+01    
1.2265425641492266e+16    5.9076308089460356e+00    
1.2278509196542312e+16    2.0702834014181941e+00    
1.2291592751592356e+16    3.1753149635067119e+00    
1.2304676306642402e+16    1.9355493250375286e-01    
1.2317759861692448e+16    1.6807488265311983e+00    
1.2330843416742494e+16    7.5228205303689348e+00    
1.2343926971792538e+16    1.0464897375863695e+01    
1.2357010526842584e+16    1.5261508903761458e+00    
1.2370094081892630e+16    9.1009972693643124e-02    
1.2383177636942676e+16    5.9798793914416226e-01    
1.2396261191992720e+16    3.0562312640690603e+00    
1.2409344747042766e+16    1.0648017942193284e-01    
1.2422428302092812e+16    1.5042604388473906e+01    
1.2435511857142858e+16    3.2936946898886810e-01    
1.2448595412192902e+16    6.6153731781139558e-01    
1.2461678967242948e+16    4.3280682314679647e-01    
1.2474762522292994e+16    1.7349947489049541e-02    
1.2487846077343040e+16    9.5756058141615752e-02    
1.2500929632393084e+16    1.0185810114513815e+01    
1.2514013187443130e+16    1.7560381614246545e+00    
1.2527096742493176e+16    3.8205542910353968e-02    
1.2540180297543222e+16    5.2080880602524049e-01    
1.2553263852593266e+16    3.1289652462489975e-01    
1.2566347407643312e+16    5.1740537409746745e-01    
1.2579430962693358e+16    4.8286145758075847e+00    
1.2592514517743404e+16    4.4409414642108497e-01    
1.2605598072793448e+16    1.9914381261301761e-01    
1.2618681627843494e+16    1.2353930090964457e-01    
1.2631765182893540e+16    2.4159668300136206e-01    
1.2644848737943586e+16    6.5806021156331485e-01    
1.2657932292993630e+16    2.5522941743385439e+00    
1.2671015848043676e+16    4.0589414447905942e-01    
1.2684099403093722e+16    1.5763424862766307e+00    
1.2697182958143768e+16    2.1014940590585311e+00    
1.2710266513193812e+16    3.2154402027292694e-01    
1.2723350068243858e+16    4.0302844020494594e-01    
1.2736433623293904e+16    6.0882520311887833e-01    
1.2749517178343950e+16    1.2426346951408400e+00    
1.2762600733393994e+16    1.5346915933316352e-01    
1.2775684288444040e+16    7.7459355164142943e-02    
1.2788767843494086e+16    2.2273183464158722e-01    
1.2801851398544132e+16    7.4384399875833418e-01    
1.2814934953594176e+16    2.8234817673781104e-01    
1.2828018508644222e+16    2.7244756870066383e-01    
1.2841102063694268e+16    9.5068653989391332e-03    
1.2854185618744314e+16    2.3201320906099773e-01    
1.2867269173794358e+16    1.0237726998194109e-01    
1.2880352728844404e+16    1.4027047981022176e+00    
1.2893436283894450e+16    3.3463241356740714e-01    
1.2906519838944496e+16    3.6765376607723327e-01    
1.2919603393994540e+16    4.2831265871075955e-02    
1.2932686949044586e+16    1.1382174622110168e-01    
1.2945770504094632e+16    1.0008525673019575e+00    
1.2958854059144678e+16    2.4092468935189812e-01    
1.2971937614194722e+16    1.7958848860887183e-01    
1.2985021169244768e+16    7.9519132612398136e-01    
1.2998104724294814e+16    5.5470679348349060e-02    
1.3011188279344860e+16    3.9793295907488929e-01    
1.3024271834394904e+16    5.1094396125328989e-01    
1.3037355389444950e+16    1.3046992568515986e-01    
1.3050438944494996e+16    1.2166055455114359e-01    
1.3063522499545042e+16    6.8783266715141386e-02    
1.3076606054595086e+16    2.3741123588634977e-02    
1.3089689609645132e+16    1.4995616773346825e+00    
1.3102773164695178e+16    1.9855627912430705e-02    
1.3115856719745224e+16    1.3472372735484844e-01    
1.3128940274795268e+16    4.5303042056881210e-02    
1.3142023829845314e+16    8.6325499123239585e-02    
1.3155107384895360e+16    6.7568665510412973e-01    
1.3168190939945406e+16    3.1112583663602767e-03    
1.3181274494995450e+16    3.3232724974934062e-02    
1.3194358050045496e+16    7.1543628493258654e-02    
1.3207441605095542e+16    3.1568549251456579e-02    
1.3220525160145588e+16    1.6540879908807298e+00    
1.3233608715195632e+16    9.1916071694505372e-02    
1.3246692270245678e+16    9.6469469549018000e-02    
1.3259775825295724e+16    2.6733761488772169e-03    
1.3272859380345770e+16    4.5596885281282203e-02    
1.3285942935395814e+16    7.1862882981464582e-01    
1.3299026490445860e+16    2.4521818408469340e-01    
1.3312110045495906e+16    4.4315507348514395e-02    
1.3325193600545952e+16    2.6024504266660635e-02    
1.3338277155595996e+16    1.0502135089743786e-02    
1.3351360710646042e+16    3.8187998640475235e-01    
1.3364444265696088e+16    8.7161337026797170e-04    
1.3377527820746134e+16    4.0628956453483391e-02    
1.3390611375796178e+16    1.3460948495714324e-02    
1.3403694930846224e+16    1.1236266993889357e-01    
1.3416778485896270e+16    8.2455818042453582e-02    
1.3429862040946316e+16    3.4693031943158641e-02    
1.3442945595996360e+16    1.1326544883237805e-01    
1.3456029151046406e+16    1.9368096938700572e-03    
1.3469112706096452e+16    3.2046447720923527e-01    
1.3482196261146498e+16    9.5961814727485786e-02    
1.3495279816196542e+16    1.3187302866403022e-01    
1.3508363371246588e+16    1.4310906781855974e-02    
1.3521446926296634e+16    1.7510221216319472e-02    
1.3534530481346678e+16    1.1794751035086211e-01    
1.3547614036396724e+16    4.0827176313453180e-02    
1.3560697591446770e+16    7.1209191410838792e-04    
1.3573781146496816e+16    1.1831582532935172e-02    
1.3586864701546860e+16    2.0243497281438083e-01    
1.3599948256596906e+16    8.2987755118405157e-03    
1.3613031811646952e+16    1.5272547894330624e-02    
1.3626115366696998e+16    4.8529253887728717e-03    
1.3639198921747042e+16    2.6781465297924410e-03    
1.3652282476797088e+16    8.9611806886373026e-03    
1.3665366031847134e+16    4.8390566367164663e-04    
1.3678449586897180e+16    4.6865417311365204e-02    
1.3691533141947224e+16    1.3309437990293107e-02    
1.3704616696997270e+16    2.9890346084027214e-02    
1.3717700252047316e+16    3.8898225246089702e-03    
1.3730783807097362e+16    1.2234775646417822e-02    
1.3743867362147406e+16    1.9571055650983476e-02    
1.3756950917197452e+16    5.2377335403648362e-02    
1.3770034472247498e+16    2.5653395052199018e-03    
1.3783118027297544e+16    1.6024736997766711e-02    
1.3796201582347588e+16    1.8890340997667024e-03    
1.3809285137397634e+16    7.5744377489433438e-03    
1.3822368692447680e+16    1.0301529292078204e-02    
1.3835452247497726e+16    6.3495934796825209e-03    
1.3848535802547770e+16    6.6915302627387277e-03    
1.3861619357597816e+16    1.1855946520905799e-02    
1.3874702912647862e+16    2.3670100464296584e-03    
1.3887786467697908e+16    5.3388581465637908e-03    
1.3900870022747952e+16    3.2634376469448134e-03    
1.3913953577797998e+16    5.3499189552933856e-03    
1.3927037132848044e+16    5.1097097508826777e-03    
1.3940120687898090e+16    9.0239176954649454e-03    
1.3953204242948134e+16    3.8410469731195158e-04    
1.3966287797998180e+16    3.0241573568297788e-03    
1.3979371353048226e+16    2.8153204980885249e-02    
1.3992454908098272e+16    1.3670765995244026e-03    
1.4005538463148316e+16    9.6011370512985431e-04    
1.4018622018198362e+16    2.2250784708882916e-03    
1.4031705573248408e+16    4.1807265907537862e-03    
1.4044789128298454e+16    6.8536292856258231e-04    
1.4057872683348498e+16    9.0768313319813303e-04    
1.4070956238398544e+16    2.0467544691794752e-03    
1.4084039793448590e+16    5.1199379870834781e-03    
1.4097123348498636e+16    6.7198260294713038e-03    
1.4110206903548680e+16    4.0869244416251736e-04    
1.4123290458598726e+16    1.4576863036274810e-02    
1.4136374013648772e+16    5.8329392888027756e-03    
1.4149457568698818e+16    1.6402779482951517e-03    
1.4162541123748862e+16    1.5094089317981038e-03    
1.4175624678798908e+16    1.8376837158587650e-02    
1.4188708233848954e+16    9.2049078481849070e-05    
1.4201791788899000e+16    6.9556016889994840e-04    
1.4214875343949044e+16    8.8082039312787491e-03    
1.4227958898999090e+16    1.7311564261578725e-02    
1.4241042454049136e+16    2.2867205396617064e-04    
1.4254126009099182e+16    6.0501607842244533e-03    
1.4267209564149226e+16    4.8563111733730879e-03    
1.4280293119199272e+16    7.2074195891520928e-04    
1.4293376674249318e+16    2.2903148608241844e-03    
1.4306460229299364e+16    8.0218726055787659e-04    
1.4319543784349408e+16    2.0975116857451206e-02    
1.4332627339399454e+16    9.4627528239912641e-05    
1.4345710894449500e+16    1.7249149047016763e-03    
1.4358794449499546e+16    2.0861707562189213e-04    
1.4371878004549590e+16    5.3607270565214343e-03    
1.4384961559599636e+16    1.3081758858408821e-04    
1.4398045114649682e+16    7.2923029868905654e-06    
1.4411128669699728e+16    6.8964016245089436e-03    
1.4424212224749772e+16    8.5154550664426343e-04    
1.4437295779799818e+16    2.1471869131102478e-04    
1.4450379334849864e+16    1.2169287598332861e-03    
1.4463462889899910e+16    2.1270540783519683e-03    
1.4476546444949954e+16    4.2581644444910949e-04    
1.4489630000000000e+16    1.0235885340152040e-04    
