#DataSignature: 0
#FileSignature: 0
#OperatorSignature: 2
#legend: No Name
#logy: logy
#sim_duration: 0.011864
#title_str: z = 
#tlabel: z
#tscale: 0.007058
#tscale_str: $L_{NL}$
#tunit_str: m
#xcordID: ST
#xlabel: $\\omega$
#xunit_str: $s^{-1}$
#ycordID: null
#ylabel: I
#yscale_str: arb.
#yunit_str: arb.
  4.7091289182721331e+14  2.9421487856561870e+12
  5.4939837379841550e+14  6.4039907908663936e+12
  6.2788385576961775e+14  1.4819495468116201e+13
  7.0636933774082000e+14  4.0667231853533875e+13
  7.8485481971202225e+14  1.2334200248246150e+14
  8.6334030168322450e+14  3.6540122119566094e+14
  9.4182578365442662e+14  9.9285189980308188e+14
  1.0203112656256288e+15  2.4342937427645235e+15
  1.0987967475968310e+15  5.3983788218069020e+15
  1.1772822295680332e+15  1.0933640444165506e+16
  1.2557677115392355e+15  2.0516000100175244e+16
  1.3342531935104378e+15  3.6288582095599936e+16
  1.4127386754816400e+15  6.1432925014251968e+16
  1.4912241574528422e+15  9.9989560561522352e+16
  1.5697096394240442e+15  1.5469797091895056e+17
  1.6481951213952465e+15  2.2226039532973434e+17
  1.7266806033664488e+15  2.8894161769265350e+17
  1.8051660853376510e+15  3.3258344579867507e+17
  1.8836515673088532e+15  3.3391732045748570e+17
  1.9621370492800555e+15  2.9033151384399693e+17
  2.0406225312512578e+15  2.1955317326564630e+17
  2.1191080132224598e+15  1.4846139996444979e+17
  2.1975934951936620e+15  9.6507858171488464e+16
  2.2760789771648645e+15  6.7517187123339400e+16
  2.3545644591360665e+15  5.3883799593565360e+16
  2.4330499411072690e+15  4.5994281345615024e+16
  2.5115354230784710e+15  3.8345721796684816e+16
  2.5900209050496735e+15  2.9995141820337188e+16
  2.6685063870208755e+15  2.2102253055361972e+16
  2.7469918689920780e+15  1.5754720018190306e+16
  2.8254773509632800e+15  1.1213821978526656e+16
  2.9039628329344825e+15  8.1352160775577560e+15
  2.9824483149056845e+15  6.0145203489476320e+15
  3.0609337968768865e+15  4.4614658088003540e+15
  3.1394192788480890e+15  3.2617612817595765e+15
  3.2179047608192910e+15  2.3280238578310475e+15
  3.2963902427904935e+15  1.6325640585656142e+15
  3.3748757247616955e+15  1.1625433708951085e+15
  3.4533612067328980e+15  8.9987596042887488e+14
  3.5318466887041000e+15  8.1505738124397338e+14
  3.6103321706753025e+15  8.6623176533821962e+14
  3.6888176526465045e+15  1.0007928683069026e+15
  3.7673031346177065e+15  1.1603012668264210e+15
  3.8457886165889090e+15  1.2892968134880678e+15
  3.9242740985601110e+15  1.3463401144313310e+15
  4.0027595805313135e+15  1.3135716449267040e+15
  4.0812450625025155e+15  1.2007334625700300e+15
  4.1597305444737180e+15  1.0412743397709852e+15
  4.2382160264449200e+15  8.8113412127715425e+14
  4.3167015084161220e+15  7.6376884028055712e+14
  4.3951869903873245e+15  7.1661891065057112e+14
  4.4736724723585265e+15  7.4377714828478975e+14
  4.5521579543297290e+15  8.2723949500939125e+14
  4.6306434363009310e+15  9.3586890393354638e+14
  4.7091289182721330e+15  1.0385181772930838e+15
  4.7876144002433350e+15  1.1167073222392812e+15
  4.8660998822145370e+15  1.1729246535487740e+15
  4.9445853641857400e+15  1.2321940596165908e+15
  5.0230708461569420e+15  1.3360781912590602e+15
  5.1015563281281440e+15  1.5296165640777878e+15
  5.1800418100993460e+15  1.8435541246048322e+15
  5.2585272920705480e+15  2.2770708490194310e+15
  5.3370127740417510e+15  2.7888551913261370e+15
  5.4154982560129530e+15  3.3038673486523930e+15
  5.4939837379841550e+15  3.7372444302770940e+15
  5.5724692199553570e+15  4.0270007315004965e+15
  5.6509547019265590e+15  4.1594173567056350e+15
  5.7294401838977620e+15  4.1720470504862365e+15
  5.8079256658689640e+15  4.1307535684288590e+15
  5.8864111478401660e+15  4.0928196983434320e+15
  5.9648966298113680e+15  4.0771946469603365e+15
  6.0433821117825710e+15  4.0585100375974065e+15
  6.1218675937537730e+15  3.9863630602598920e+15
  6.2003530757249750e+15  3.8161965817578270e+15
  6.2788385576961770e+15  3.5331163423457045e+15
  6.3573240396673790e+15  3.1572606284498630e+15
  6.4358095216385820e+15  2.7321200317185320e+15
  6.5142950036097840e+15  2.3061251921104355e+15
  6.5927804855809860e+15  1.9181660586446772e+15
  6.6712659675521880e+15  1.5917805311123872e+15
  6.7497514495233910e+15  1.3364459309509970e+15
  6.8282369314945930e+15  1.1519661933542982e+15
  6.9067224134657950e+15  1.0333871148938024e+15
  6.9852078954369970e+15  9.7628279204819288e+14
  7.0636933774081990e+15  9.8288214765977625e+14
  7.1421788593794020e+15  1.0678231231318792e+15
  7.2206643413506040e+15  1.2599941195976325e+15
  7.2991498233218060e+15  1.5962963975903532e+15
  7.3776353052930080e+15  2.1056375178180708e+15
  7.4561207872642100e+15  2.7865693129503965e+15
  7.5346062692354130e+15  3.5873981192071875e+15
  7.6130917512066150e+15  4.4001066630139510e+15
  7.6915772331778170e+15  5.0765324515768750e+15
  7.7700627151490190e+15  5.4668240120870560e+15
  7.8485481971202220e+15  5.4692908088695730e+15
  7.9270336790914240e+15  5.0726796392475700e+15
  8.0055191610626260e+15  4.3716246880751655e+15
  8.0840046430338280e+15  3.5451283057563450e+15
  8.1624901250050300e+15  2.8030517986654160e+15
  8.2409756069762330e+15  2.3195905627089360e+15
  8.3194610889474350e+15  2.1784609154372255e+15
  8.3979465709186370e+15  2.3491747183786420e+15
  8.4764320528898390e+15  2.7005953483497350e+15
  8.5549175348610420e+15  3.0443356865011200e+15
  8.6334030168322440e+15  3.1930739377133610e+15
  8.7118884988034460e+15  3.0189149387900010e+15
  8.7903739807746480e+15  2.5001761039392010e+15
  8.8688594627458500e+15  1.7456986983191875e+15
  8.9473449447170530e+15  9.8323795641806738e+14
  9.0258304266882560e+15  5.0005592509617156e+14
  9.1043159086594580e+15  5.4003799380270488e+14
  9.1828013906306600e+15  1.1932747165053898e+15
  9.2612868726018620e+15  2.3410492390689285e+15
  9.3397723545730640e+15  3.7079681841835395e+15
  9.4182578365442660e+15  5.0089709049108260e+15
