#legend:                       ArgonShock      
#logy:                         logy            
#plabel:                       z               
#pscale:                       1.31262         
#pscale_str:                   $L_{NL}$        
#punit_str:                    m               
#pval:                         0.214789        
#title_str:                    z =             
#xcordID:                      ST              
#xlabel:                       $\omega$        
#xunit_str:                    $s^{-1}$        
#ycordID:                      AU              
#ylabel:                       I               
#yscale_str:                   arb.            
#yunit_str:                    arb.            
1.1080300000000000e+14    6.2752132901686781e+13    
1.2388655505004550e+14    1.5033245738589869e+14    
1.3697011010009100e+14    3.4229409665094219e+14    
1.5005366515013650e+14    7.4449437057533050e+14    
1.6313722020018200e+14    1.5528922991537965e+15    
1.7622077525022750e+14    3.1168760902019705e+15    
1.8930433030027297e+14    6.0428072185025060e+15    
2.0238788535031847e+14    1.1379954190551706e+16    
2.1547144040036397e+14    2.1023201721871940e+16    
2.2855499545040947e+14    3.8758356765005984e+16    
2.4163855050045497e+14    7.3188765552639712e+16    
2.5472210555050047e+14    1.4577203729132573e+17    
2.6780566060054594e+14    3.1142293900485760e+17    
2.8088921565059144e+14    7.0672117419828749e+17    
2.9397277070063694e+14    1.6515086758333798e+18    
3.0705632575068244e+14    3.8391851430839250e+18    
3.2013988080072794e+14    8.6471046220576922e+18    
3.3322343585077344e+14    1.8560364967541391e+19    
3.4630699090081894e+14    3.7609417636751016e+19    
3.5939054595086444e+14    7.1577388242254692e+19    
3.7247410100090994e+14    1.2759465062912908e+20    
3.8555765605095538e+14    2.1273001745894651e+20    
3.9864121110100094e+14    3.3145248285271301e+20    
4.1172476615104644e+14    4.8241717383629819e+20    
4.2480832120109188e+14    6.5573639802500402e+20    
4.3789187625113738e+14    8.3230264017343978e+20    
4.5097543130118288e+14    9.8637587485058177e+20    
4.6405898635122838e+14    1.0914112224384203e+21    
4.7714254140127388e+14    1.1274583139211446e+21    
4.9022609645131938e+14    1.0873332062716648e+21    
5.0330965150136488e+14    9.7895113394713566e+20    
5.1639320655141038e+14    8.2278486332232040e+20    
5.2947676160145588e+14    6.4556682832892671e+20    
5.4256031665150138e+14    4.7288730982059056e+20    
5.5564387170154688e+14    3.2347004285330516e+20    
5.6872742675159238e+14    2.0673537576693848e+20    
5.8181098180163788e+14    1.2361127030845612e+20    
5.9489453685168338e+14    6.9340572578896830e+19    
6.0797809190172888e+14    3.6712099709684564e+19    
6.2106164695177438e+14    1.8572915055363437e+19    
6.3414520200181988e+14    9.1934577114107156e+18    
6.4722875705186525e+14    4.6312696692497940e+18    
6.6031231210191075e+14    2.4935887217127485e+18    
6.7339586715195625e+14    1.4827031133576033e+18    
6.8647942220200188e+14    9.6540556190021722e+17    
6.9956297725204738e+14    6.6234765372522138e+17    
7.1264653230209288e+14    4.6083381606784781e+17    
7.2573008735213838e+14    3.1749323611665165e+17    
7.3881364240218375e+14    2.1424619966541098e+17    
7.5189719745222925e+14    1.4114529359061627e+17    
7.6498075250227475e+14    9.0842951080769776e+16    
7.7806430755232025e+14    5.7277056126897112e+16    
7.9114786260236575e+14    3.5522506002379956e+16    
8.0423141765241125e+14    2.1783187476981208e+16    
8.1731497270245675e+14    1.3291617183297558e+16    
8.3039852775250225e+14    8.1293017753702050e+15    
8.4348208280254775e+14    5.0237151829943950e+15    
8.5656563785259325e+14    3.1626211646379030e+15    
8.6964919290263875e+14    2.0443828170025918e+15    
8.8273274795268425e+14    1.3674108138161200e+15    
8.9581630300272975e+14    9.5387858443753950e+14    
9.0889985805277525e+14    7.0001247674173725e+14    
9.2198341310282075e+14    5.4533738265307231e+14    
9.3506696815286625e+14    4.5459814389893275e+14    
9.4815052320291175e+14    4.0773285159409756e+14    
9.6123407825295725e+14    3.9477991626119469e+14    
9.7431763330300275e+14    4.1379108913877962e+14    
9.8740118835304825e+14    4.7069598182511312e+14    
1.0004847434030938e+15    5.8069545719594762e+14    
1.0135682984531392e+15    7.7125530262916875e+14    
1.0266518535031848e+15    1.0872366820177642e+15    
1.0397354085532302e+15    1.5992396741031608e+15    
1.0528189636032758e+15    2.4169410610557770e+15    
1.0659025186533212e+15    3.7101392867477970e+15    
1.0789860737033668e+15    5.7413824441310190e+15    
1.0920696287534122e+15    8.9153499554416350e+15    
1.1051531838034578e+15    1.3851323522402308e+16    
1.1182367388535032e+15    2.1485635895572276e+16    
1.1313202939035488e+15    3.3210196549414836e+16    
1.1444038489535942e+15    5.1050122298993880e+16    
1.1574874040036398e+15    7.7877154340239904e+16    
1.1705709590536850e+15    1.1764517085730038e+17    
1.1836545141037305e+15    1.7561963918689910e+17    
1.1967380691537760e+15    2.5855542412351904e+17    
1.2098216242038215e+15    3.7475974780791840e+17    
1.2229051792538670e+15    5.3396383982888134e+17    
1.2359887343039125e+15    7.4692389805976666e+17    
1.2490722893539582e+15    1.0246857076048308e+18    
1.2621558444040038e+15    1.3774825021159071e+18    
1.2752393994540492e+15    1.8132936155908429e+18    
1.2883229545040948e+15    2.3361676864591749e+18    
1.3014065095541402e+15    2.9444973651508193e+18    
1.3144900646041858e+15    3.6295051978458230e+18    
1.3275736196542312e+15    4.3742418166567224e+18    
1.3406571747042768e+15    5.1533884691955487e+18    
1.3537407297543222e+15    5.9340843783716250e+18    
1.3668242848043675e+15    6.6778663359170488e+18    
1.3799078398544130e+15    7.3436298612213217e+18    
1.3929913949044585e+15    7.8913292957379400e+18    
1.4060749499545040e+15    8.2859684128868905e+18    
1.4191585050045495e+15    8.5013332398837402e+18    
1.4322420600545950e+15    8.5229137660208589e+18    
1.4453256151046405e+15    8.3495604309172480e+18    
1.4584091701546860e+15    7.9936104613881672e+18    
1.4714927252047315e+15    7.4794623920927734e+18    
1.4845762802547770e+15    6.8408252657718692e+18    
1.4976598353048225e+15    6.1170715253247570e+18    
1.5107433903548680e+15    5.3492400417830144e+18    
1.5238269454049135e+15    4.5762490850859177e+18    
1.5369105004549590e+15    3.8317932473928223e+18    
1.5499940555050045e+15    3.1422394098720307e+18    
1.5630776105550500e+15    2.5256437914379587e+18    
1.5761611656050955e+15    1.9918263912149908e+18    
1.5892447206551410e+15    1.5432947070542874e+18    
1.6023282757051865e+15    1.1767253978954726e+18    
1.6154118307552320e+15    8.8469426084193114e+17    
1.6284953858052775e+15    6.5738125674574093e+17    
1.6415789408553230e+15    4.8404928672124026e+17    
1.6546624959053685e+15    3.5418129048236288e+17    
1.6677460509554140e+15    2.5824100715586566e+17    
1.6808296060054595e+15    1.8808552076990448e+17    
1.6939131610555050e+15    1.3709678735254955e+17    
1.7069967161055505e+15    1.0011528130163995e+17    
1.7200802711555960e+15    7.3256530883283728e+16    
1.7331638262056415e+15    5.3677330899806608e+16    
1.7462473812556870e+15    3.9339386274857280e+16    
1.7593309363057325e+15    2.8799183329185468e+16    
1.7724144913557780e+15    2.1037189447603680e+16    
1.7854980464058235e+15    1.5328379301326462e+16    
1.7985816014558690e+15    1.1149524116587396e+16    
1.8116651565059145e+15    8.1157933383815970e+15    
1.8247487115559600e+15    5.9388419571513690e+15    
1.8378322666060055e+15    4.3995882628972750e+15    
1.8509158216560510e+15    3.3304731688622320e+15    
1.8639993767060965e+15    2.6035843456283155e+15    
1.8770829317561420e+15    2.1223447765873398e+15    
1.8901664868061875e+15    1.8154185433823190e+15    
1.9032500418562330e+15    1.6321037079271700e+15    
1.9163335969062785e+15    1.5388409340070705e+15    
1.9294171519563240e+15    1.5166529997106550e+15    
1.9425007070063695e+15    1.5594163145274052e+15    
1.9555842620564150e+15    1.6729004970252652e+15    
1.9686678171064605e+15    1.8745241884412228e+15    
1.9817513721565060e+15    2.1937763606740452e+15    
1.9948349272065515e+15    2.6732436469946625e+15    
2.0079184822565970e+15    3.3701615430001840e+15    
2.0210020373066425e+15    4.3583653364726050e+15    
2.0340855923566880e+15    5.7304517229706620e+15    
2.0471691474067335e+15    7.5998746591836690e+15    
2.0602527024567790e+15    1.0102595033984992e+16    
2.0733362575068245e+15    1.3397795571310392e+16    
2.0864198125568700e+15    1.7667078924494796e+16    
2.0995033676069155e+15    2.3111512511535908e+16    
2.1125869226569610e+15    2.9945895586634244e+16    
2.1256704777070065e+15    3.8389728639151896e+16    
2.1387540327570520e+15    4.8654582384234120e+16    
2.1518375878070975e+15    6.0927900885062112e+16    
2.1649211428571430e+15    7.5353720038295504e+16    
2.1780046979071885e+15    9.2011305995703248e+16    
2.1910882529572340e+15    1.1089326163287938e+17    
2.2041718080072795e+15    1.3188513740180670e+17    
2.2172553630573248e+15    1.5474892694246298e+17    
2.2303389181073702e+15    1.7911294244210691e+17    
2.2434224731574158e+15    2.0447037762436621e+17    
2.2565060282074610e+15    2.3018834328232829e+17    
2.2695895832575070e+15    2.5552830786877498e+17    
2.2826731383075520e+15    2.7967776107559802e+17    
2.2957566933575980e+15    3.0179165318378093e+17    
2.3088402484076430e+15    3.2104091021265990e+17    
2.3219238034576890e+15    3.3666425416109114e+17    
2.3350073585077340e+15    3.4801884611580634e+17    
2.3480909135577800e+15    3.5462504324336826e+17    
2.3611744686078250e+15    3.5620089238552819e+17    
2.3742580236578710e+15    3.5268286239616941e+17    
2.3873415787079165e+15    3.4423065078059942e+17    
2.4004251337579620e+15    3.3121552390525459e+17    
2.4135086888080075e+15    3.1419335577090918e+17    
2.4265922438580530e+15    2.9386508321281709e+17    
2.4396757989080985e+15    2.7102850554049850e+17    
2.4527593539581440e+15    2.4652606213218342e+17    
2.4658429090081895e+15    2.2119335914068413e+17    
2.4789264640582350e+15    1.9581279821844074e+17    
2.4920100191082805e+15    1.7107577298292320e+17    
2.5050935741583260e+15    1.4755570396013485e+17    
2.5181771292083715e+15    1.2569285289658117e+17    
2.5312606842584170e+15    1.0579058035876421e+17    
2.5443442393084625e+15    8.8021640884979200e+16    
2.5574277943585080e+15    7.2442349775665840e+16    
2.5705113494085535e+15    5.9012057525354160e+16    
2.5835949044585990e+15    4.7615319566554024e+16    
2.5966784595086445e+15    3.8084397651468160e+16    
2.6097620145586900e+15    3.0220185726450424e+16    
2.6228455696087350e+15    2.3810223699456580e+16    
2.6359291246587805e+15    1.8643049731208788e+16    
2.6490126797088260e+15    1.4518673037060482e+16    
2.6620962347588715e+15    1.1255372489411196e+16    
2.6751797898089170e+15    8.6933170209152350e+15    
2.6882633448589625e+15    6.6956625338748640e+15    
2.7013468999090080e+15    5.1478228776404860e+15    
2.7144304549590535e+15    3.9555677063519580e+15    
2.7275140100090990e+15    3.0424989844284115e+15    
2.7405975650591445e+15    2.3473299920637960e+15    
2.7536811201091900e+15    1.8212599629965585e+15    
2.7667646751592355e+15    1.4256203662876898e+15    
2.7798482302092810e+15    1.1298748282608765e+15    
2.7929317852593265e+15    9.0998682120383375e+14    
2.8060153403093720e+15    7.4712606421114425e+14    
2.8190988953594175e+15    6.2666204547126150e+14    
2.8321824504094630e+15    5.3738579663779956e+14    
2.8452660054595085e+15    4.7090385966505094e+14    
2.8583495605095540e+15    4.2115672964925569e+14    
2.8714331155595995e+15    3.8402454931770419e+14    
2.8845166706096450e+15    3.5699317632880162e+14    
2.8976002256596905e+15    3.3886262105029762e+14    
2.9106837807097360e+15    3.2948671359584975e+14    
2.9237673357597815e+15    3.2953763005128394e+14    
2.9368508908098270e+15    3.4029186144170288e+14    
2.9499344458598725e+15    3.6343573411675969e+14    
2.9630180009099180e+15    4.0088914891307062e+14    
2.9761015559599635e+15    4.5464620017089881e+14    
2.9891851110100090e+15    5.2663116723499244e+14    
3.0022686660600545e+15    6.1856826364486675e+14    
3.0153522211101000e+15    7.3186371948754162e+14    
3.0284357761601455e+15    8.6749930569617312e+14    
3.0415193312101910e+15    1.0259372840270878e+15    
3.0546028862602365e+15    1.2070378842074648e+15    
3.0676864413102820e+15    1.4099915873810860e+15    
3.0807699963603275e+15    1.6332695681661940e+15    
3.0938535514103730e+15    1.8745963252415910e+15    
3.1069371064604185e+15    2.1309487529366218e+15    
3.1200206615104640e+15    2.3985854247053875e+15    
3.1331042165605095e+15    2.6731087478326845e+15    
3.1461877716105550e+15    2.9495609450395680e+15    
3.1592713266606005e+15    3.2225525983537810e+15    
3.1723548817106460e+15    3.4864201474408860e+15    
3.1854384367606915e+15    3.7354063974130750e+15    
3.1985219918107370e+15    3.9638559934822285e+15    
3.2116055468607825e+15    4.1664164652940765e+15    
3.2246891019108280e+15    4.3382345690552080e+15    
3.2377726569608735e+15    4.4751377283570050e+15    
3.2508562120109190e+15    4.5737911397962550e+15    
3.2639397670609645e+15    4.6318225144028010e+15    
3.2770233221110100e+15    4.6479083748986680e+15    
3.2901068771610555e+15    4.6218180198380910e+15    
3.3031904322111010e+15    4.5544136064612240e+15    
3.3162739872611465e+15    4.4476070474255585e+15    
3.3293575423111920e+15    4.3042764971771660e+15    
3.3424410973612375e+15    4.1281470686319765e+15    
3.3555246524112830e+15    3.9236418192915060e+15    
3.3686082074613285e+15    3.6957103608752715e+15    
3.3816917625113740e+15    3.4496431772579685e+15    
3.3947753175614195e+15    3.1908802934811780e+15    
3.4078588726114650e+15    2.9248230165771720e+15    
3.4209424276615105e+15    2.6566571809696970e+15    
3.4340259827115560e+15    2.3911956075197910e+15    
3.4471095377616015e+15    2.1327463002824435e+15    
3.4601930928116470e+15    1.8850113637891645e+15    
3.4732766478616925e+15    1.6510197123471642e+15    
3.4863602029117380e+15    1.4330945640130440e+15    
3.4994437579617835e+15    1.2328545788521095e+15    
3.5125273130118290e+15    1.0512455096600969e+15    
3.5256108680618745e+15    8.8859756069761800e+14    
3.5386944231119200e+15    7.4470242879479675e+14    
3.5517779781619655e+15    6.1890333722979788e+14    
3.5648615332120110e+15    5.1019128907537269e+14    
3.5779450882620565e+15    4.1730123212724856e+14    
3.5910286433121020e+15    3.3880274427698494e+14    
3.6041121983621475e+15    2.7318108392890556e+14    
3.6171957534121930e+15    2.1890584039193147e+14    
3.6302793084622385e+15    1.7448581220438166e+14    
3.6433628635122840e+15    1.3850999644829717e+14    
3.6564464185623295e+15    1.0967559087048458e+14    
3.6695299736123750e+15    8.6804634545594469e+13    
3.6826135286624205e+15    6.8851328241473773e+13    
3.6956970837124660e+15    5.4902207876193422e+13    
3.7087806387625115e+15    4.4171243826702695e+13    
3.7218641938125570e+15    3.5991674913576086e+13    
3.7349477488626025e+15    2.9806028734438012e+13    
3.7480313039126480e+15    2.5155395777454578e+13    
3.7611148589626935e+15    2.1668665233643258e+13    
3.7741984140127390e+15    1.9052130418046098e+13    
3.7872819690627845e+15    1.7079649610377352e+13    
3.8003655241128300e+15    1.5583405879735541e+13    
3.8134490791628755e+15    1.4445237875563682e+13    
3.8265326342129210e+15    1.3588496580023197e+13    
3.8396161892629665e+15    1.2970400363994791e+13    
3.8526997443130120e+15    1.2574893998703492e+13    
3.8657832993630575e+15    1.2406050620597312e+13    
3.8788668544131030e+15    1.2482077970628252e+13    
3.8919504094631485e+15    1.2829996152471311e+13    
3.9050339645131940e+15    1.3481042360861578e+13    
3.9181175195632395e+15    1.4466831906942100e+13    
3.9312010746132850e+15    1.5816269587554938e+13    
3.9442846296633305e+15    1.7553167746097547e+13    
3.9573681847133760e+15    1.9694493815781477e+13    
3.9704517397634215e+15    2.2249145829595453e+13    
3.9835352948134670e+15    2.5217143089687957e+13    
3.9966188498635125e+15    2.8589122061400898e+13    
4.0097024049135580e+15    3.2346043855811375e+13    
4.0227859599636035e+15    3.6459046853319734e+13    
4.0358695150136490e+15    4.0889411717343930e+13    
4.0489530700636945e+15    4.5588641773704875e+13    
4.0620366251137400e+15    5.0498693886444703e+13    
4.0751201801637855e+15    5.5552419451264250e+13    
4.0882037352138310e+15    6.0674287764736289e+13    
4.1012872902638765e+15    6.5781462808838289e+13    
4.1143708453139220e+15    7.0785288971485109e+13    
4.1274544003639675e+15    7.5593212221642031e+13    
4.1405379554140130e+15    8.0111124348333750e+13    
4.1536215104640585e+15    8.4246072861413141e+13    
4.1667050655141040e+15    8.7909233909584250e+13    
4.1797886205641495e+15    9.1019005358279938e+13    
4.1928721756141950e+15    9.3504047751574203e+13    
4.2059557306642405e+15    9.5306086065948562e+13    
4.2190392857142860e+15    9.6382287512338922e+13    
4.2321228407643315e+15    9.6707051588569344e+13    
4.2452063958143770e+15    9.6273084821452453e+13    
4.2582899508644225e+15    9.5091682234483375e+13    
4.2713735059144680e+15    9.3192194276785000e+13    
4.2844570609645135e+15    9.0620716244340625e+13    
4.2975406160145590e+15    8.7438090914390078e+13    
4.3106241710646040e+15    8.3717358946650672e+13    
4.3237077261146495e+15    7.9540822057839312e+13    
4.3367912811646950e+15    7.4996898344729734e+13    
4.3498748362147405e+15    7.0176948325733359e+13    
4.3629583912647860e+15    6.5172234812215289e+13    
4.3760419463148315e+15    6.0071154385048180e+13    
4.3891255013648770e+15    5.4956844670919352e+13    
4.4022090564149225e+15    4.9905236498604320e+13    
4.4152926114649680e+15    4.4983584640140406e+13    
4.4283761665150135e+15    4.0249479673336797e+13    
4.4414597215650590e+15    3.5750317934802391e+13    
4.4545432766151045e+15    3.1523187133788754e+13    
4.4676268316651500e+15    2.7595112449893469e+13    
4.4807103867151955e+15    2.3983600826352105e+13    
4.4937939417652410e+15    2.0697418760784031e+13    
4.5068774968152860e+15    1.7737540170917867e+13    
4.5199610518653320e+15    1.5098204550555674e+13    
4.5330446069153780e+15    1.2768031261808938e+13    
4.5461281619654230e+15    1.0731142250190064e+13    
4.5592117170154680e+15    8.9682528055665859e+12    
4.5722952720655140e+15    7.4576975467345664e+12    
4.5853788271155600e+15    6.1763664766859414e+12    
4.5984623821656050e+15    5.1005334703881738e+12    
4.6115459372156500e+15    4.2065666136567524e+12    
4.6246294922656960e+15    3.4715161892896875e+12    
4.6377130473157420e+15    2.8735816078921177e+12    
4.6507966023657870e+15    2.3924630065005625e+12    
4.6638801574158330e+15    2.0096065691478804e+12    
4.6769637124658780e+15    1.7083548831708628e+12    
4.6900472675159240e+15    1.4740148944251035e+12    
4.7031308225659690e+15    1.2938564874855054e+12    
4.7162143776160150e+15    1.1570545068707434e+12    
4.7292979326660600e+15    1.0545863787910414e+12    
4.7423814877161060e+15    9.7909651640852856e+11    
4.7554650427661510e+15    9.2473754191908826e+11    
4.7685485978161970e+15    8.8699713157626550e+11    
4.7816321528662420e+15    8.6251806091874634e+11    
4.7947157079162880e+15    8.4891785903034814e+11    
4.8077992629663330e+15    8.4461340527550208e+11    
4.8208828180163790e+15    8.4865483487961914e+11    
4.8339663730664240e+15    8.6057224875213525e+11    
4.8470499281164700e+15    8.8023791764112402e+11    
4.8601334831665150e+15    9.0774587041790649e+11    
4.8732170382165610e+15    9.4330991501099377e+11    
4.8863005932666060e+15    9.8718021026059216e+11    
4.8993841483166520e+15    1.0395775036522028e+12    
4.9124677033666970e+15    1.1006431167143130e+12    
4.9255512584167430e+15    1.1704018303416509e+12    
4.9386348134667880e+15    1.2487341486472009e+12    
4.9517183685168340e+15    1.3353541893120579e+12    
4.9648019235668790e+15    1.4297897928191155e+12    
4.9778854786169250e+15    1.5313624421418931e+12    
4.9909690336669700e+15    1.6391661631227263e+12    
5.0040525887170160e+15    1.7520465402360071e+12    
5.0171361437670610e+15    1.8685830099845632e+12    
5.0302196988171070e+15    1.9870792658481067e+12    
5.0433032538671520e+15    2.1055675209815872e+12    
5.0563868089171980e+15    2.2218322007581802e+12    
5.0694703639672430e+15    2.3334572199382285e+12    
5.0825539190172890e+15    2.4378984237959492e+12    
5.0956374740673340e+15    2.5325793569758022e+12    
5.1087210291173800e+15    2.6150048235265195e+12    
5.1218045841674250e+15    2.6828833486376216e+12    
5.1348881392174700e+15    2.7342473262353276e+12    
5.1479716942675160e+15    2.7675588340712466e+12    
5.1610552493175610e+15    2.7817900964035190e+12    
5.1741388043676070e+15    2.7764702830039800e+12    
5.1872223594176520e+15    2.7516943845632124e+12    
5.2003059144676980e+15    2.7080946087433257e+12    
5.2133894695177430e+15    2.6467793297788081e+12    
5.2264730245677890e+15    2.5692482813931553e+12    
5.2395565796178340e+15    2.4772948503301353e+12    
5.2526401346678800e+15    2.3729066501959956e+12    
5.2657236897179250e+15    2.2581741247520366e+12    
5.2788072447679710e+15    2.1352141027433240e+12    
5.2918907998180160e+15    2.0061116400066191e+12    
5.3049743548680620e+15    1.8728798822962180e+12    
5.3180579099181070e+15    1.7374347231924214e+12    
5.3311414649681530e+15    1.6015792464591279e+12    
5.3442250200181980e+15    1.4669925055384805e+12    
5.3573085750682440e+15    1.3352180526216138e+12    
5.3703921301182890e+15    1.2076494200567227e+12    
5.3834756851683350e+15    1.0855119797792114e+12    
5.3965592402183800e+15    9.6984271514593091e+11    
5.4096427952684260e+15    8.6147097070891943e+11    
5.4227263503184710e+15    7.6100391494181482e+11    
5.4358099053685170e+15    6.6882017303732629e+11    
5.4488934604185620e+15    5.8507401086250317e+11    
5.4619770154686080e+15    5.0971086439032172e+11    
5.4750605705186530e+15    4.4249327315666327e+11    
5.4881441255686990e+15    3.8303476594948907e+11    
5.5012276806187440e+15    3.3083822708611707e+11    
5.5143112356687900e+15    2.8533489767499243e+11    
5.5273947907188350e+15    2.4592044040975620e+11    
5.5404783457688810e+15    2.1198530177644495e+11    
5.5535619008189260e+15    1.8293773524616467e+11    
5.5666454558689720e+15    1.5821906674195605e+11    
5.5797290109190170e+15    1.3731186763516534e+11    
5.5928125659690630e+15    1.1974248649490569e+11    
5.6058961210191080e+15    1.0507979242136269e+11    
5.6189796760691540e+15    9.2931998560906235e+10    
5.6320632311191990e+15    8.2943132251486664e+10    
5.6451467861692450e+15    7.4790213863311172e+10    
5.6582303412192900e+15    6.8181633326561264e+10    
5.6713138962693360e+15    6.2856694442825424e+10    
5.6843974513193810e+15    5.8585922889581009e+10    
5.6974810063694270e+15    5.5171549759952179e+10    
5.7105645614194720e+15    5.2447586607399460e+10    
5.7236481164695180e+15    5.0279058949670891e+10    
5.7367316715195630e+15    4.8560196869759331e+10    
5.7498152265696090e+15    4.7211621352322540e+10    
5.7628987816196540e+15    4.6176751571307060e+10    
5.7759823366697000e+15    4.5417754777609268e+10    
5.7890658917197450e+15    4.4911360421099846e+10    
5.8021494467697910e+15    4.4644787000322075e+10    
5.8152330018198360e+15    4.4611927126655586e+10    
5.8283165568698820e+15    4.4809852460955162e+10    
5.8414001119199270e+15    4.5235673675836884e+10    
5.8544836669699730e+15    4.5883835300433846e+10    
5.8675672220200180e+15    4.6744022597129105e+10    
5.8806507770700640e+15    4.7799960169699417e+10    
5.8937343321201090e+15    4.9029424516219910e+10    
5.9068178871701550e+15    5.0405714837432266e+10    
5.9199014422202000e+15    5.1900595391749908e+10    
5.9329849972702460e+15    5.3488354527122978e+10    
5.9460685523202910e+15    5.5150193525981110e+10    
5.9591521073703370e+15    5.6877784666541405e+10    
5.9722356624203820e+15    5.8674666133904465e+10    
5.9853192174704280e+15    6.0554296506686974e+10    
5.9984027725204730e+15    6.2534131663010269e+10    
6.0114863275705190e+15    6.4625971103789795e+10    
6.0245698826205640e+15    6.6823890606303627e+10    
6.0376534376706100e+15    6.9092083729455765e+10    
6.0507369927206550e+15    7.1355581716055359e+10    
6.0638205477707010e+15    7.3496853076903625e+10    
6.0769041028207460e+15    7.5360560209351166e+10    
6.0899876578707920e+15    7.6767311137354935e+10    
6.1030712129208370e+15    7.7535331394118912e+10    
6.1161547679708830e+15    7.7507002692785248e+10    
6.1292383230209280e+15    7.6575659800148849e+10    
6.1423218780709740e+15    7.4707350161407196e+10    
6.1554054331210190e+15    7.1952718205510986e+10    
6.1684889881710650e+15    6.8445789531827667e+10    
6.1815725432211100e+15    6.4388917535000031e+10    
6.1946560982711560e+15    6.0025988160180428e+10    
6.2077396533212010e+15    5.5608505016441452e+10    
6.2208232083712470e+15    5.1360781610888985e+10    
6.2339067634212920e+15    4.7450738843215927e+10    
6.2469903184713380e+15    4.3971647959632851e+10    
6.2600738735213830e+15    4.0937830623866829e+10    
6.2731574285714290e+15    3.8294375918596764e+10    
6.2862409836214740e+15    3.5938058621273102e+10    
6.2993245386715200e+15    3.3744511548612373e+10    
6.3124080937215650e+15    3.1595782060590569e+10    
6.3254916487716110e+15    2.9402837212162491e+10    
6.3385752038216560e+15    2.7119180080644573e+10    
6.3516587588717020e+15    2.4744035001845833e+10    
6.3647423139217470e+15    2.2315949875879162e+10    
6.3778258689717930e+15    1.9899578436461391e+10    
6.3909094240218380e+15    1.7569448970972630e+10    
6.4039929790718840e+15    1.5394563628877886e+10    
6.4170765341219290e+15    1.3426836317292406e+10    
6.4301600891719750e+15    1.1694999311730385e+10    
6.4432436442220200e+15    1.0204107388895445e+10    
6.4563271992720660e+15    8.9395265199546661e+09    
6.4694107543221110e+15    7.8735628866646519e+09    
6.4824943093721570e+15    6.9727426224058552e+09    
6.4955778644222020e+15    6.2041034438663845e+09    
6.5086614194722480e+15    5.5395070452705431e+09    
6.5217449745222930e+15    4.9576931772677517e+09    
6.5348285295723390e+15    4.4443775568385553e+09    
6.5479120846223840e+15    3.9910339620249777e+09    
6.5609956396724300e+15    3.5930785454960141e+09    
6.5740791947224750e+15    3.2480500636715689e+09    
6.5871627497725210e+15    2.9541509914255805e+09    
6.6002463048225660e+15    2.7092790139777222e+09    
6.6133298598726120e+15    2.5105047874042964e+09    
6.6264134149226570e+15    2.3538679465994277e+09    
6.6394969699727030e+15    2.2343603434486814e+09    
6.6525805250227480e+15    2.1460124920916224e+09    
6.6656640800727940e+15    2.0820598546877201e+09    
6.6787476351228390e+15    2.0352108405499091e+09    
6.6918311901728850e+15    1.9980522797287450e+09    
6.7049147452229300e+15    1.9636078910659959e+09    
6.7179983002729760e+15    1.9260182261077502e+09    
6.7310818553230210e+15    1.8812509058025048e+09    
6.7441654103730670e+15    1.8276962857350273e+09    
6.7572489654231120e+15    1.7664766113712044e+09    
6.7703325204731580e+15    1.7013148823183937e+09    
6.7834160755232030e+15    1.6378831645536084e+09    
6.7964996305732490e+15    1.5826732972975078e+09    
6.8095831856232940e+15    1.5415796076394837e+09    
6.8226667406733390e+15    1.5185090512244871e+09    
6.8357502957233850e+15    1.5143882164414937e+09    
6.8488338507734300e+15    1.5268805805231228e+09    
6.8619174058234760e+15    1.5509554731249812e+09    
6.8750009608735210e+15    1.5802006588585820e+09    
6.8880845159235670e+15    1.6085207404699821e+09    
6.9011680709736120e+15    1.6317068148878887e+09    
6.9142516260236580e+15    1.6483718806958022e+09    
6.9273351810737030e+15    1.6599395798878782e+09    
6.9404187361237490e+15    1.6696974520465248e+09    
6.9535022911737940e+15    1.6812664545715623e+09    
6.9665858462238400e+15    1.6970625167426291e+09    
6.9796694012738850e+15    1.7173343897840600e+09    
6.9927529563239310e+15    1.7401370719648256e+09    
7.0058365113739760e+15    1.7622205696659312e+09    
7.0189200664240220e+15    1.7804301454575362e+09    
7.0320036214740670e+15    1.7929887911544981e+09    
7.0450871765241130e+15    1.8000695907463279e+09    
7.0581707315741580e+15    1.8033615722236888e+09    
7.0712542866242040e+15    1.8047719444648888e+09    
7.0843378416742490e+15    1.8048070319297140e+09    
7.0974213967242950e+15    1.8013597204732766e+09    
7.1105049517743400e+15    1.7895137576735487e+09    
7.1235885068243860e+15    1.7625918175298896e+09    
7.1366720618744310e+15    1.7141751757347803e+09    
7.1497556169244770e+15    1.6404101745886636e+09    
7.1628391719745220e+15    1.5417599887762787e+09    
7.1759227270245680e+15    1.4235264936158435e+09    
7.1890062820746130e+15    1.2948939133475010e+09    
7.2020898371246590e+15    1.1667686914014275e+09    
7.2151733921747040e+15    1.0491096832070695e+09    
7.2282569472247500e+15    9.4860522916086638e+08    
7.2413405022747950e+15    8.6740802702290618e+08    
7.2544240573248410e+15    8.0325175030917311e+08    
7.2675076123748860e+15    7.5079783051381850e+08    
7.2805911674249320e+15    7.0367233353641653e+08    
7.2936747224749770e+15    6.5648249896208668e+08    
7.3067582775250230e+15    6.0619119732503104e+08    
7.3198418325750680e+15    5.5251826970409393e+08    
7.3329253876251140e+15    4.9740545682137239e+08    
7.3460089426751590e+15    4.4388664607747108e+08    
7.3590924977252050e+15    3.9484686364161974e+08    
7.3721760527752500e+15    3.5210395810056812e+08    
7.3852596078252960e+15    3.1605311196954781e+08    
7.3983431628753410e+15    2.8587024720693099e+08    
7.4114267179253870e+15    2.6007456279767340e+08    
7.4245102729754320e+15    2.3716669435746068e+08    
7.4375938280254780e+15    2.1609684363002297e+08    
7.4506773830755230e+15    1.9643736873441568e+08    
7.4637609381255690e+15    1.7827331441015628e+08    
7.4768444931756140e+15    1.6192505650854278e+08    
7.4899280482256600e+15    1.4765067048885319e+08    
7.5030116032757050e+15    1.3544630395389825e+08    
7.5160951583257510e+15    1.2499840946444049e+08    
7.5291787133757960e+15    1.1577532670419398e+08    
7.5422622684258420e+15    1.0720096269629183e+08    
7.5553458234758870e+15    9.8838094226367295e+07    
7.5684293785259330e+15    9.0518362052472383e+07    
7.5815129335759780e+15    8.2380395714743197e+07    
7.5945964886260240e+15    7.4807659015759438e+07    
7.6076800436760690e+15    6.8287168414793506e+07    
7.6207635987261150e+15    6.3233913687803380e+07    
7.6338471537761600e+15    5.9837781160981037e+07    
7.6469307088262060e+15    5.7984719645845853e+07    
7.6600142638762510e+15    5.7280480669908740e+07    
7.6730978189262970e+15    5.7169381516273029e+07    
7.6861813739763420e+15    5.7104958862700887e+07    
7.6992649290263880e+15    5.6708997305533096e+07    
7.7123484840764330e+15    5.5860099277683072e+07    
7.7254320391264790e+15    5.4682041603355743e+07    
7.7385155941765240e+15    5.3443874157961458e+07    
7.7515991492265700e+15    5.2420146828310125e+07    
7.7646827042766150e+15    5.1774743210648879e+07    
7.7777662593266610e+15    5.1518542892836720e+07    
7.7908498143767060e+15    5.1554769496595301e+07    
7.8039333694267520e+15    5.1782050192432500e+07    
7.8170169244767970e+15    5.2193911024450094e+07    
7.8301004795268430e+15    5.2910890491862401e+07    
7.8431840345768880e+15    5.4112491281693973e+07    
7.8562675896269340e+15    5.5889950895563126e+07    
7.8693511446769790e+15    5.8092684311050199e+07    
7.8824346997270250e+15    6.0262294514598072e+07    
7.8955182547770700e+15    6.1719749372455038e+07    
7.9086018098271160e+15    6.1799019168027550e+07    
7.9216853648771610e+15    6.0136478271179199e+07    
7.9347689199272070e+15    5.6876246704166226e+07    
7.9478524749772520e+15    5.2672842100484461e+07    
7.9609360300272980e+15    4.8463857119962096e+07    
7.9740195850773430e+15    4.5104115350295290e+07    
7.9871031401273890e+15    4.3033046727109574e+07    
8.0001866951774340e+15    4.2138055137864619e+07    
8.0132702502274800e+15    4.1876771225747064e+07    
8.0263538052775250e+15    4.1583986984751754e+07    
8.0394373603275710e+15    4.0794172661089905e+07    
8.0525209153776160e+15    3.9413830685143754e+07    
8.0656044704276620e+15    3.7675523765504889e+07    
8.0786880254777070e+15    3.5934722562266491e+07    
8.0917715805277530e+15    3.4451178311708860e+07    
8.1048551355777980e+15    3.3282562425874610e+07    
8.1179386906278440e+15    3.2327281000909403e+07    
8.1310222456778890e+15    3.1451912970185608e+07    
8.1441058007279350e+15    3.0594305666725766e+07    
8.1571893557779800e+15    2.9769401028071843e+07    
8.1702729108280260e+15    2.8987983375607032e+07    
8.1833564658780710e+15    2.8165992725529291e+07    
8.1964400209281170e+15    2.7107342254855987e+07    
8.2095235759781620e+15    2.5586831411759622e+07    
8.2226071310282080e+15    2.3485080830397010e+07    
8.2356906860782530e+15    2.0887388292047948e+07    
8.2487742411282990e+15    1.8078857418867029e+07    
8.2618577961783440e+15    1.5432746393036570e+07    
8.2749413512283900e+15    1.3253632628633369e+07    
8.2880249062784350e+15    1.1660998314816214e+07    
8.3011084613284810e+15    1.0570566132126346e+07    
8.3141920163785260e+15    9.7718741017069109e+06    
8.3272755714285720e+15    9.0491123913641572e+06    
8.3403591264786170e+15    8.2771735082596513e+06    
8.3534426815286630e+15    7.4498302652353970e+06    
8.3665262365787080e+15    6.6414716066644834e+06    
8.3796097916287540e+15    5.9390970816559726e+06    
8.3926933466787990e+15    5.3887547401719969e+06    
8.4057769017288450e+15    4.9814658101975545e+06    
8.4188604567788900e+15    4.6746229189597704e+06    
8.4319440118289360e+15    4.4251573233526535e+06    
8.4450275668789810e+15    4.2101124299799092e+06    
8.4581111219290270e+15    4.0247710549264392e+06    
8.4711946769790720e+15    3.8659251278338167e+06    
8.4842782320291180e+15    3.7167852194172516e+06    
8.4973617870791630e+15    3.5464054168926235e+06    
8.5104453421292080e+15    3.3246645439062309e+06    
8.5235288971792540e+15    3.0423690100613371e+06    
8.5366124522292990e+15    2.7221590184522117e+06    
8.5496960072793450e+15    2.4115928925234987e+06    
8.5627795623293900e+15    2.1611463891216801e+06    
8.5758631173794360e+15    1.9996380006382812e+06    
8.5889466724294810e+15    1.9215234663410187e+06    
8.6020302274795270e+15    1.8932387168133084e+06    
8.6151137825295720e+15    1.8739240180639084e+06    
8.6281973375796180e+15    1.8372196194400461e+06    
8.6412808926296630e+15    1.7811434306384190e+06    
8.6543644476797090e+15    1.7219439681197670e+06    
8.6674480027297540e+15    1.6788055350655273e+06    
8.6805315577798000e+15    1.6614419684726638e+06    
8.6936151128298450e+15    1.6684612008704075e+06    
8.7066986678798910e+15    1.6945957340320339e+06    
8.7197822229299360e+15    1.7375689114394884e+06    
8.7328657779799820e+15    1.7966187125421129e+06    
8.7459493330300270e+15    1.8635280370269578e+06    
8.7590328880800730e+15    1.9157228838036438e+06    
8.7721164431301180e+15    1.9213743632371770e+06    
8.7851999981801640e+15    1.8569631182763567e+06    
8.7982835532302090e+15    1.7257843994058168e+06    
8.8113671082802550e+15    1.5620812605963962e+06    
8.8244506633303000e+15    1.4146465925798523e+06    
8.8375342183803460e+15    1.3195395432886863e+06    
8.8506177734303910e+15    1.2810244122266644e+06    
8.8637013284804370e+15    1.2742821922898318e+06    
8.8767848835304820e+15    1.2667361823983984e+06    
8.8898684385805280e+15    1.2408232211020479e+06    
8.9029519936305730e+15    1.2015773079529554e+06    
8.9160355486806190e+15    1.1664900631967774e+06    
8.9291191037306640e+15    1.1496765595307373e+06    
8.9422026587807100e+15    1.1544018280926375e+06    
8.9552862138307550e+15    1.1769380304086204e+06    
8.9683697688808010e+15    1.2126992314073551e+06    
8.9814533239308460e+15    1.2551440962254892e+06    
8.9945368789808920e+15    1.2889513015414760e+06    
9.0076204340309360e+15    1.2887204479842819e+06    
9.0207039890809840e+15    1.2310199857575467e+06    
9.0337875441310280e+15    1.1131893058226905e+06    
9.0468710991810740e+15    9.6192157560526941e+05    
9.0599546542311200e+15    8.2067832187719166e+05    
9.0730382092811640e+15    7.2334731242001790e+05    
9.0861217643312100e+15    6.7473829911580542e+05    
9.0992053193812560e+15    6.5313817388112901e+05    
9.1122888744313000e+15    6.3098306779957644e+05    
9.1253724294813460e+15    5.9506077421760571e+05    
9.1384559845313920e+15    5.5079594442740292e+05    
9.1515395395814380e+15    5.1134353905500151e+05    
9.1646230946314840e+15    4.8470069292913895e+05    
9.1777066496815280e+15    4.6992073767215601e+05    
9.1907902047315740e+15    4.6180154389601678e+05    
9.2038737597816200e+15    4.5571616421374935e+05    
9.2169573148316660e+15    4.4742542797144887e+05    
9.2300408698817100e+15    4.3082095303779538e+05    
9.2431244249317560e+15    3.9930783321178012e+05    
9.2562079799818020e+15    3.5130690375753789e+05    
9.2692915350318480e+15    2.9413867514204333e+05    
9.2823750900818920e+15    2.4103391447028643e+05    
9.2954586451319380e+15    2.0278877473833269e+05    
9.3085422001819840e+15    1.8114648111669469e+05    
9.3216257552320300e+15    1.6943224467871798e+05    
9.3347093102820740e+15    1.5916641636505420e+05    
9.3477928653321200e+15    1.4638377475438153e+05    
9.3608764203821660e+15    1.3273149415679128e+05    
9.3739599754322120e+15    1.2190591288674319e+05    
9.3870435304822560e+15    1.1579044414756454e+05    
9.4001270855323020e+15    1.1359172113547956e+05    
9.4132106405823480e+15    1.1346498160788100e+05    
9.4262941956323940e+15    1.1394132280821435e+05    
9.4393777506824380e+15    1.1372681062511448e+05    
9.4524613057324840e+15    1.1098824662075906e+05    
9.4655448607825300e+15    1.0389577317423972e+05    
9.4786284158325760e+15    9.2365590208485242e+04    
9.4917119708826200e+15    7.9028385602292183e+04    
9.5047955259326660e+15    6.7878869226773691e+04    
9.5178790809827120e+15    6.1485618850524836e+04    
9.5309626360327580e+15    5.9325171256507041e+04    
9.5440461910828020e+15    5.8777123004247660e+04    
9.5571297461328480e+15    5.7655309692860530e+04    
9.5702133011828940e+15    5.5773024776332306e+04    
9.5832968562329400e+15    5.4357623668925058e+04    
9.5963804112829840e+15    5.4461407924894171e+04    
9.6094639663330300e+15    5.6174161613084914e+04    
9.6225475213830760e+15    5.8970368115864396e+04    
9.6356310764331220e+15    6.2088216047748327e+04    
9.6487146314831660e+15    6.4298799728648090e+04    
9.6617981865332120e+15    6.3878984252239694e+04    
9.6748817415832580e+15    5.9695801673143469e+04    
9.6879652966333040e+15    5.2638964426251114e+04    
9.7010488516833480e+15    4.5540179624244724e+04    
9.7141324067333940e+15    4.1101253185034635e+04    
9.7272159617834400e+15    3.9775484487157519e+04    
9.7402995168334860e+15    3.9838625871721721e+04    
9.7533830718835300e+15    3.9446167070245552e+04    
9.7664666269335760e+15    3.8311551594453776e+04    
9.7795501819836220e+15    3.7425511288935180e+04    
9.7926337370336680e+15    3.7709427029621140e+04    
9.8057172920837120e+15    3.9327667906789808e+04    
9.8188008471337580e+15    4.1874658688209769e+04    
9.8318844021838040e+15    4.4450498186419740e+04    
9.8449679572338500e+15    4.5510575159399239e+04    
9.8580515122838940e+15    4.3508518879949450e+04    
9.8711350673339400e+15    3.8411159954555835e+04    
9.8842186223839860e+15    3.2336811565515243e+04    
9.8973021774340320e+15    2.8003623312613236e+04    
9.9103857324840760e+15    2.6379039888807263e+04    
9.9234692875341220e+15    2.6183994408060735e+04    
9.9365528425841680e+15    2.5696501182954606e+04    
9.9496363976342140e+15    2.4539161705316797e+04    
9.9627199526842580e+15    2.3542296277338442e+04    
9.9758035077343040e+15    2.3449265991807664e+04    
9.9888870627843500e+15    2.4265931939224261e+04    
1.0001970617834396e+16    2.5504760009991209e+04    
1.0015054172884440e+16    2.6379404904585586e+04    
1.0028137727934486e+16    2.5855569612399027e+04    
1.0041221282984532e+16    2.3281613784558987e+04    
1.0054304838034578e+16    1.9293045764806375e+04    
1.0067388393084622e+16    1.5617031298335301e+04    
1.0080471948134668e+16    1.3563785111659001e+04    
1.0093555503184714e+16    1.2912271098073434e+04    
1.0106639058234760e+16    1.2524160090623165e+04    
1.0119722613284804e+16    1.1754278014664853e+04    
1.0132806168334850e+16    1.0887002271596557e+04    
1.0145889723384896e+16    1.0423063024383151e+04    
1.0158973278434940e+16    1.0450566982819779e+04    
1.0172056833484986e+16    1.0713784847385801e+04    
1.0185140388535032e+16    1.0854257314003711e+04    
1.0198223943585078e+16    1.0464463641030521e+04    
1.0211307498635122e+16    9.2763648429187542e+03    
1.0224391053685168e+16    7.5297195016386277e+03    
1.0237474608735214e+16    5.9336452312554638e+03    
1.0250558163785260e+16    5.0356981114936143e+03    
1.0263641718835304e+16    4.7350564829731584e+03    
1.0276725273885350e+16    4.5546449033389454e+03    
1.0289808828935396e+16    4.2452190155272201e+03    
1.0302892383985442e+16    3.9386799277795526e+03    
1.0315975939035486e+16    3.8238268578321440e+03    
1.0329059494085532e+16    3.9038194267420572e+03    
1.0342143049135578e+16    4.0521417020591766e+03    
1.0355226604185624e+16    4.1118623255192770e+03    
1.0368310159235668e+16    3.9223476527375283e+03    
1.0381393714285714e+16    3.4210902786269498e+03    
1.0394477269335760e+16    2.7763034274411857e+03    
1.0407560824385806e+16    2.2894594305355868e+03    
1.0420644379435850e+16    2.1004064531069248e+03    
1.0433727934485896e+16    2.0781038067207974e+03    
1.0446811489535942e+16    2.0393822292609507e+03    
1.0459895044585988e+16    1.9672693826697057e+03    
1.0472978599636032e+16    1.9583270473866994e+03    
1.0486062154686078e+16    2.0579524310561264e+03    
1.0499145709736124e+16    2.2196642754542613e+03    
1.0512229264786170e+16    2.3475864504149076e+03    
1.0525312819836214e+16    2.3241909288396064e+03    
1.0538396374886260e+16    2.0853076871697717e+03    
1.0551479929936306e+16    1.7276631901513063e+03    
1.0564563484986352e+16    1.4563641312329044e+03    
1.0577647040036396e+16    1.3700076519176430e+03    
1.0590730595086442e+16    1.3784807980273408e+03    
1.0603814150136488e+16    1.3680075203713884e+03    
1.0616897705186534e+16    1.3458151240544012e+03    
1.0629981260236578e+16    1.3794585274571939e+03    
1.0643064815286624e+16    1.4866021579331914e+03    
1.0656148370336670e+16    1.6182188088175371e+03    
1.0669231925386716e+16    1.6787037667605618e+03    
1.0682315480436760e+16    1.5730674478851615e+03    
1.0695399035486806e+16    1.3179204984472128e+03    
1.0708482590536852e+16    1.0716752019306718e+03    
1.0721566145586898e+16    9.6786503365361841e+02    
1.0734649700636942e+16    9.7051031366171094e+02    
1.0747733255686988e+16    9.7140858492709401e+02    
1.0760816810737034e+16    9.5169775348484268e+02    
1.0773900365787080e+16    9.6608009888747927e+02    
1.0786983920837124e+16    1.0394658317270025e+03    
1.0800067475887170e+16    1.1357884059453438e+03    
1.0813151030937216e+16    1.1737330984611706e+03    
1.0826234585987262e+16    1.0766634669099192e+03    
1.0839318141037306e+16    8.7272477401744254e+02    
1.0852401696087352e+16    7.0002990152855750e+02    
1.0865485251137398e+16    6.4544142638145661e+02    
1.0878568806187444e+16    6.5274550835341392e+02    
1.0891652361237488e+16    6.4278011832618233e+02    
1.0904735916287534e+16    6.2434967067816228e+02    
1.0917819471337580e+16    6.4076519211396715e+02    
1.0930903026387626e+16    6.9347869285297452e+02    
1.0943986581437670e+16    7.3896255797378308e+02    
1.0957070136487716e+16    7.1429603702461566e+02    
1.0970153691537762e+16    5.9689914838755863e+02    
1.0983237246587808e+16    4.5713467037272841e+02    
1.0996320801637852e+16    3.8581010615654088e+02    
1.1009404356687898e+16    3.7962332839087145e+02    
1.1022487911737944e+16    3.7519977008367249e+02    
1.1035571466787990e+16    3.5661900297464615e+02    
1.1048655021838034e+16    3.5286553742628399e+02    
1.1061738576888080e+16    3.7357066075979475e+02    
1.1074822131938126e+16    3.9610740677524313e+02    
1.1087905686988172e+16    3.8442014397518579e+02    
1.1100989242038216e+16    3.2083735492631479e+02    
1.1114072797088262e+16    2.4006744175938209e+02    
1.1127156352138308e+16    1.9569264907403684e+02    
1.1140239907188354e+16    1.8983162521724512e+02    
1.1153323462238398e+16    1.8651850837677310e+02    
1.1166407017288444e+16    1.7575168477012113e+02    
1.1179490572338490e+16    1.7339964003744433e+02    
1.1192574127388536e+16    1.8360934751044641e+02    
1.1205657682438580e+16    1.9290910756099751e+02    
1.1218741237488626e+16    1.8281359498528832e+02    
1.1231824792538672e+16    1.4791714891726173e+02    
1.1244908347588718e+16    1.0999829422560541e+02    
1.1257991902638762e+16    9.3583740160312558e+01    
1.1271075457688808e+16    9.3368296993089217e+01    
1.1284159012738854e+16    9.1747975941325066e+01    
1.1297242567788900e+16    8.8653074279339990e+01    
1.1310326122838944e+16    9.2093449811812846e+01    
1.1323409677888990e+16    1.0046549640915420e+02    
1.1336493232939036e+16    1.0393212235183080e+02    
1.1349576787989082e+16    9.3239299900445616e+01    
1.1362660343039126e+16    7.2114885416305611e+01    
1.1375743898089172e+16    5.7108925848810664e+01    
1.1388827453139218e+16    5.5109420153548946e+01    
1.1401911008189264e+16    5.6657501277384995e+01    
1.1414994563239308e+16    5.6315481439809545e+01    
1.1428078118289354e+16    5.8614795799565535e+01    
1.1441161673339400e+16    6.5177832733509106e+01    
1.1454245228389446e+16    7.0233680809609680e+01    
1.1467328783439490e+16    6.5945634231871438e+01    
1.1480412338489536e+16    5.2400802710333686e+01    
1.1493495893539582e+16    4.1137766488018087e+01    
1.1506579448589628e+16    3.9356263636637465e+01    
1.1519663003639672e+16    4.0999325252566742e+01    
1.1532746558689718e+16    4.1344738503700285e+01    
1.1545830113739764e+16    4.3535846707508256e+01    
1.1558913668789810e+16    4.8826820525287069e+01    
1.1571997223839854e+16    5.2299127453433130e+01    
1.1585080778889900e+16    4.7666169827685700e+01    
1.1598164333939946e+16    3.6696873075203690e+01    
1.1611247888989992e+16    2.9571043251992666e+01    
1.1624331444040036e+16    2.9604236068223432e+01    
1.1637414999090082e+16    3.0669333191091610e+01    
1.1650498554140128e+16    3.0971215022307756e+01    
1.1663582109190174e+16    3.3535932418543744e+01    
1.1676665664240218e+16    3.7605641232663174e+01    
1.1689749219290264e+16    3.7854890102672307e+01    
1.1702832774340310e+16    3.1084547609032079e+01    
1.1715916329390356e+16    2.3138399017541275e+01    
1.1728999884440400e+16    2.1045476725430227e+01    
1.1742083439490446e+16    2.2110738739746338e+01    
1.1755166994540492e+16    2.2223931414308360e+01    
1.1768250549590538e+16    2.3173634162388645e+01    
1.1781334104640582e+16    2.6039360788767585e+01    
1.1794417659690628e+16    2.7440085047118117e+01    
1.1807501214740674e+16    2.3565473941935227e+01    
1.1820584769790720e+16    1.7163873571906233e+01    
1.1833668324840764e+16    1.4630052214371462e+01    
1.1846751879890810e+16    1.5312415671519810e+01    
1.1859835434940856e+16    1.5388703324224098e+01    
1.1872918989990900e+16    1.5732967387398343e+01    
1.1886002545040946e+16    1.7555389073156906e+01    
1.1899086100090992e+16    1.8568542740182703e+01    
1.1912169655141038e+16    1.5862093432179540e+01    
1.1925253210191082e+16    1.1314986083891720e+01    
1.1938336765241128e+16    9.5720821796773237e+00    
1.1951420320291174e+16    1.0014713266928789e+01    
1.1964503875341220e+16    9.9502144869416878e+00    
1.1977587430391264e+16    1.0171982036070668e+01    
1.1990670985441310e+16    1.1317955450696909e+01    
1.2003754540491356e+16    1.1566304371006000e+01    
1.2016838095541402e+16    9.2958632496798845e+00    
1.2029921650591446e+16    6.4985552582887305e+00    
1.2043005205641492e+16    5.8531164936675468e+00    
1.2056088760691538e+16    6.1194741681395382e+00    
1.2069172315741584e+16    5.9962271956162443e+00    
1.2082255870791628e+16    6.3143320972209640e+00    
1.2095339425841674e+16    6.9616539902738088e+00    
1.2108422980891720e+16    6.5325891528354312e+00    
1.2121506535941766e+16    4.7362914184322289e+00    
1.2134590090991810e+16    3.4898130386872319e+00    
1.2147673646041856e+16    3.5331534605944035e+00    
1.2160757201091902e+16    3.6054969242025483e+00    
1.2173840756141948e+16    3.6258567593952953e+00    
1.2186924311191992e+16    4.0253127453813438e+00    
1.2200007866242038e+16    4.1779934121884104e+00    
1.2213091421292084e+16    3.3645745672972187e+00    
1.2226174976342130e+16    2.3139100921903806e+00    
1.2239258531392174e+16    2.1194448264256804e+00    
1.2252342086442220e+16    2.2682462450195255e+00    
1.2265425641492266e+16    2.2952011124610974e+00    
1.2278509196542312e+16    2.5355628182833088e+00    
1.2291592751592356e+16    2.7769886232410057e+00    
1.2304676306642402e+16    2.4165675375297080e+00    
1.2317759861692448e+16    1.6797470034268303e+00    
1.2330843416742494e+16    1.4460185037003914e+00    
1.2343926971792538e+16    1.5803168143888615e+00    
1.2357010526842584e+16    1.6394560515567191e+00    
1.2370094081892630e+16    1.8257796611630792e+00    
1.2383177636942676e+16    2.0393603521357968e+00    
1.2396261191992720e+16    1.8084234445104737e+00    
1.2409344747042766e+16    1.2670108655469794e+00    
1.2422428302092812e+16    1.1010034428660962e+00    
1.2435511857142858e+16    1.2141943670564714e+00    
1.2448595412192902e+16    1.2776347729778819e+00    
1.2461678967242948e+16    1.4483076748365604e+00    
1.2474762522292994e+16    1.5944058297502604e+00    
1.2487846077343040e+16    1.3451791839120244e+00    
1.2500929632393084e+16    9.3616398217125341e-01    
1.2514013187443130e+16    8.8242191186067265e-01    
1.2527096742493176e+16    9.7173958604236399e-01    
1.2540180297543222e+16    1.0333142554861421e+00    
1.2553263852593266e+16    1.1931103482971439e+00    
1.2566347407643312e+16    1.2269201917226429e+00    
1.2579430962693358e+16    9.2308610259841861e-01    
1.2592514517743404e+16    6.7748405713238846e-01    
1.2605598072793448e+16    7.2257966219818792e-01    
1.2618681627843494e+16    7.7276945001770947e-01    
1.2631765182893540e+16    8.5154836814945178e-01    
1.2644848737943586e+16    9.6546949234699819e-01    
1.2657932292993630e+16    8.4644812872188191e-01    
1.2671015848043676e+16    5.7137951367086337e-01    
1.2684099403093722e+16    5.2286049104222199e-01    
1.2697182958143768e+16    5.7911742628154617e-01    
1.2710266513193812e+16    6.1229939655028809e-01    
1.2723350068243858e+16    7.0638947143167297e-01    
1.2736433623293904e+16    6.9351870733689236e-01    
1.2749517178343950e+16    4.8161672155698798e-01    
1.2762600733393994e+16    3.7926850639750881e-01    
1.2775684288444040e+16    4.2348290630887331e-01    
1.2788767843494086e+16    4.4282688781563551e-01    
1.2801851398544132e+16    5.0359452447170372e-01    
1.2814934953594176e+16    5.2435794823185122e-01    
1.2828018508644222e+16    3.7863270058046261e-01    
1.2841102063694268e+16    2.7352647352404952e-01    
1.2854185618744314e+16    3.0239037433391552e-01    
1.2867269173794358e+16    3.1667720065829996e-01    
1.2880352728844404e+16    3.5533396879753909e-01    
1.2893436283894450e+16    3.7579170161966569e-01    
1.2906519838944496e+16    2.7252205950525571e-01    
1.2919603393994540e+16    1.9148346467029520e-01    
1.2932686949044586e+16    2.1218830641419154e-01    
1.2945770504094632e+16    2.2197863393711095e-01    
1.2958854059144678e+16    2.4892217484359058e-01    
1.2971937614194722e+16    2.5796061612945625e-01    
1.2985021169244768e+16    1.7950403856331246e-01    
1.2998104724294814e+16    1.3031232902190351e-01    
1.3011188279344860e+16    1.4742678947350385e-01    
1.3024271834394904e+16    1.5367614365843588e-01    
1.3037355389444950e+16    1.7441875191378156e-01    
1.3050438944494996e+16    1.6966369200416795e-01    
1.3063522499545042e+16    1.0969504827562553e-01    
1.3076606054595086e+16    8.9839550604673371e-02    
1.3089689609645132e+16    1.0270536385566929e-01    
1.3102773164695178e+16    1.0847412341968546e-01    
1.3115856719745224e+16    1.2381793802128828e-01    
1.3128940274795268e+16    1.0613328545312664e-01    
1.3142023829845314e+16    6.5823060143236883e-02    
1.3155107384895360e+16    6.6251633465369192e-02    
1.3168190939945406e+16    7.3656892438298233e-02    
1.3181274494995450e+16    8.2055935478098835e-02    
1.3194358050045496e+16    8.8333209611141481e-02    
1.3207441605095542e+16    6.2394185024179635e-02    
1.3220525160145588e+16    4.4725973930904800e-02    
1.3233608715195632e+16    5.2553170195092508e-02    
1.3246692270245678e+16    5.7414201865841952e-02    
1.3259775825295724e+16    6.6967325609430126e-02    
1.3272859380345770e+16    5.9008478247303264e-02    
1.3285942935395814e+16    3.6770313371397668e-02    
1.3299026490445860e+16    3.8032870716225839e-02    
1.3312110045495906e+16    4.3583748783140572e-02    
1.3325193600545952e+16    5.0647116066012098e-02    
1.3338277155595996e+16    5.2058060082148180e-02    
1.3351360710646042e+16    3.4016842684982861e-02    
1.3364444265696088e+16    2.8806709394031498e-02    
1.3377527820746134e+16    3.4565425422350714e-02    
1.3390611375796178e+16    3.9560729375306185e-02    
1.3403694930846224e+16    4.3979447558259506e-02    
1.3416778485896270e+16    3.1229113404873336e-02    
1.3429862040946316e+16    2.3001229901100474e-02    
1.3442945595996360e+16    2.7894587228552117e-02    
1.3456029151046406e+16    3.1750427682350792e-02    
1.3469112706096452e+16    3.6378461655469110e-02    
1.3482196261146498e+16    2.7174775439269033e-02    
1.3495279816196542e+16    1.8771446664455037e-02    
1.3508363371246588e+16    2.2707684827646547e-02    
1.3521446926296634e+16    2.5821610172084630e-02    
1.3534530481346678e+16    2.9715019611457217e-02    
1.3547614036396724e+16    2.2211330006297273e-02    
1.3560697591446770e+16    1.5261619672037438e-02    
1.3573781146496816e+16    1.8583654401216756e-02    
1.3586864701546860e+16    2.1100452694855044e-02    
1.3599948256596906e+16    2.3944304441480053e-02    
1.3613031811646952e+16    1.6981488171911942e-02    
1.3626115366696998e+16    1.2372685671244761e-02    
1.3639198921747042e+16    1.5212128523114186e-02    
1.3652282476797088e+16    1.7307334580460819e-02    
1.3665366031847134e+16    1.8788981098880303e-02    
1.3678449586897180e+16    1.2096565368767227e-02    
1.3691533141947224e+16    1.0214761785047589e-02    
1.3704616696997270e+16    1.2351751762630514e-02    
1.3717700252047316e+16    1.4243010889551641e-02    
1.3730783807097362e+16    1.3919401180198037e-02    
1.3743867362147406e+16    8.2044461157967288e-03    
1.3756950917197452e+16    8.6348111044838704e-03    
1.3770034472247498e+16    9.9359385242367166e-03    
1.3783118027297544e+16    1.1585697334335532e-02    
1.3796201582347588e+16    9.2529150750534656e-03    
1.3809285137397634e+16    5.8355649452150882e-03    
1.3822368692447680e+16    7.1966151100593461e-03    
1.3835452247497726e+16    8.0881670671537967e-03    
1.3848535802547770e+16    8.7905770654930545e-03    
1.3861619357597816e+16    5.3840478977817659e-03    
1.3874702912647862e+16    4.8149341145064233e-03    
1.3887786467697908e+16    5.7471254906918384e-03    
1.3900870022747952e+16    6.6758921216026491e-03    
1.3913953577797998e+16    5.5677739904209560e-03    
1.3927037132848044e+16    3.3135858771000263e-03    
1.3940120687898090e+16    4.1342209565944938e-03    
1.3953204242948134e+16    4.6782997854401516e-03    
1.3966287797998180e+16    4.9625750200938115e-03    
1.3979371353048226e+16    2.8487418635924681e-03    
1.3992454908098272e+16    2.8272307201144434e-03    
1.4005538463148316e+16    3.3519194925480623e-03    
1.4018622018198362e+16    3.8801508016915540e-03    
1.4031705573248408e+16    2.7197535399849683e-03    
1.4044789128298454e+16    1.9247665308974181e-03    
1.4057872683348498e+16    2.4836003511508283e-03    
1.4070956238398544e+16    2.8896855902657672e-03    
1.4084039793448590e+16    2.4913056977504361e-03    
1.4097123348498636e+16    1.4302549708844015e-03    
1.4110206903548680e+16    1.8664906996451631e-03    
1.4123290458598726e+16    2.1770613110066771e-03    
1.4136374013648772e+16    2.1591900835358966e-03    
1.4149457568698818e+16    1.1785536889121618e-03    
1.4162541123748862e+16    1.4265975997878777e-03    
1.4175624678798908e+16    1.7018882499246356e-03    
1.4188708233848954e+16    1.8228466518326943e-03    
1.4201791788899000e+16    1.0199940550949789e-03    
1.4214875343949044e+16    1.1265228571557334e-03    
1.4227958898999090e+16    1.3847744432767014e-03    
1.4241042454049136e+16    1.5374687292119197e-03    
1.4254126009099182e+16    8.8488924414052434e-04    
1.4267209564149226e+16    9.2845373667020962e-04    
1.4280293119199272e+16    1.1645183073146716e-03    
1.4293376674249318e+16    1.3030065863841248e-03    
1.4306460229299364e+16    7.4961285594438230e-04    
1.4319543784349408e+16    7.9644485243777357e-04    
1.4332627339399454e+16    1.0045233392555705e-03    
1.4345710894449500e+16    1.1028760705836314e-03    
1.4358794449499546e+16    6.1620269575848028e-04    
1.4371878004549590e+16    7.0559160136593284e-04    
1.4384961559599636e+16    8.8307440703965748e-04    
1.4398045114649682e+16    9.1466186506359843e-04    
1.4411128669699728e+16    4.9808748127011884e-04    
1.4424212224749772e+16    6.3679439120804316e-04    
1.4437295779799818e+16    7.8620521136496297e-04    
1.4450379334849864e+16    7.2115659319281131e-04    
1.4463462889899910e+16    4.1538278535349209e-04    
1.4476546444949954e+16    5.7548532272458559e-04    
1.4489630000000000e+16    6.9961313588343349e-04    
