#DataSignature: 0
#FileSignature: 0
#OperatorSignature: 2
#legend: No Name
#logy: logy
#sim_duration: 0.013039
#title_str: z = 
#tlabel: z
#tscale: 0.007058
#tscale_str: $L_{NL}$
#tunit_str: m
#xcordID: ST
#xlabel: $\\omega$
#xunit_str: $s^{-1}$
#ycordID: null
#ylabel: I
#yscale_str: arb.
#yunit_str: arb.
  4.7091289182721331e+14  1.5818797390104905e+12
  5.4939837379841550e+14  4.9044760723153018e+12
  6.2788385576961775e+14  1.5235322102883520e+13
  7.0636933774082000e+14  4.9412642097464617e+13
  7.8485481971202225e+14  1.5717908540104944e+14
  8.6334030168322450e+14  4.6298318758846181e+14
  9.4182578365442662e+14  1.2337492444631908e+15
  1.0203112656256288e+15  2.9642082832446995e+15
  1.0987967475968310e+15  6.4507545883898540e+15
  1.1772822295680332e+15  1.2823375631445402e+16
  1.2557677115392355e+15  2.3566278753853540e+16
  1.3342531935104378e+15  4.0654257855052480e+16
  1.4127386754816400e+15  6.6828268287361560e+16
  1.4912241574528422e+15  1.0542386642689376e+17
  1.5697096394240442e+15  1.5842652145630506e+17
  1.6481951213952465e+15  2.2216465461377443e+17
  1.7266806033664488e+15  2.8336133458879971e+17
  1.8051660853376510e+15  3.2127555328636333e+17
  1.8836515673088532e+15  3.1855885521372051e+17
  1.9621370492800555e+15  2.7411074840453942e+17
  2.0406225312512578e+15  2.0593386311502947e+17
  2.1191080132224598e+15  1.3978678517920770e+17
  2.1975934951936620e+15  9.3243249557540896e+16
  2.2760789771648645e+15  6.8480857586216752e+16
  2.3545644591360665e+15  5.7161431701501504e+16
  2.4330499411072690e+15  4.9891366715303360e+16
  2.5115354230784710e+15  4.1890175053630024e+16
  2.5900209050496735e+15  3.2916916269126824e+16
  2.6685063870208755e+15  2.4526750160859496e+16
  2.7469918689920780e+15  1.7892094514071640e+16
  2.8254773509632800e+15  1.3191948832861156e+16
  2.9039628329344825e+15  9.9750504153425540e+15
  2.9824483149056845e+15  7.6766927258547480e+15
  3.0609337968768865e+15  5.8989807846102340e+15
  3.1394192788480890e+15  4.4496266555477905e+15
  3.2179047608192910e+15  3.2699029884124940e+15
  3.2963902427904935e+15  2.3557233731154725e+15
  3.3748757247616955e+15  1.7105596859850262e+15
  3.4533612067328980e+15  1.3266206137718042e+15
  3.5318466887041000e+15  1.1791277872868008e+15
  3.6103321706753025e+15  1.2238883709688942e+15
  3.6888176526465045e+15  1.3967246085011668e+15
  3.7673031346177065e+15  1.6176175026209188e+15
  3.8457886165889090e+15  1.8017417913450668e+15
  3.9242740985601110e+15  1.8761137516684925e+15
  4.0027595805313135e+15  1.7970893087135870e+15
  4.0812450625025155e+15  1.5623874215392625e+15
  4.1597305444737180e+15  1.2124393305592732e+15
  4.2382160264449200e+15  8.1933206476488500e+14
  4.3167015084161220e+15  4.6618767666999869e+14
  4.3951869903873245e+15  2.2372217866001738e+14
  4.4736724723585265e+15  1.3221694989446419e+14
  4.5521579543297290e+15  1.9526308800408119e+14
  4.6306434363009310e+15  3.8689968703387606e+14
  4.7091289182721330e+15  6.6815026911250450e+14
  4.7876144002433350e+15  1.0051264750209271e+15
  4.8660998822145370e+15  1.3807125236439688e+15
  4.9445853641857400e+15  1.7953418137270090e+15
  5.0230708461569420e+15  2.2575816333422820e+15
  5.1015563281281440e+15  2.7695679115292410e+15
  5.1800418100993460e+15  3.3141472310297000e+15
  5.2585272920705480e+15  3.8498098839793735e+15
  5.3370127740417510e+15  4.3168713508868635e+15
  5.4154982560129530e+15  4.6544230093069620e+15
  5.4939837379841550e+15  4.8227716072887970e+15
  5.5724692199553570e+15  4.8218910353919990e+15
  5.6509547019265590e+15  4.6956802275550440e+15
  5.7294401838977620e+15  4.5169388582755750e+15
  5.8079256658689640e+15  4.3578243069930520e+15
  5.8864111478401660e+15  4.2596365091413370e+15
  5.9648966298113680e+15  4.2174895949374975e+15
  6.0433821117825710e+15  4.1875020046146685e+15
  6.1218675937537730e+15  4.1113034844135735e+15
  6.2003530757249750e+15  3.9435303871087615e+15
  6.2788385576961770e+15  3.6684041904297155e+15
  6.3573240396673790e+15  3.3001190985660475e+15
  6.4358095216385820e+15  2.8716654990649165e+15
  6.5142950036097840e+15  2.4212420923227650e+15
  6.5927804855809860e+15  1.9830656989827185e+15
  6.6712659675521880e+15  1.5838544397187550e+15
  6.7497514495233910e+15  1.2424371061352502e+15
  6.8282369314945930e+15  9.6997669218092038e+14
  6.9067224134657950e+15  7.7069545641547025e+14
  6.9852078954369970e+15  6.4470697148844775e+14
  7.0636933774081990e+15  5.9372092465801362e+14
  7.1421788593794020e+15  6.2753278413830875e+14
  7.2206643413506040e+15  7.6666290515286412e+14
  7.2991498233218060e+15  1.0366882632897822e+15
  7.3776353052930080e+15  1.4536078664550932e+15
  7.4561207872642100e+15  2.0055376026014778e+15
  7.5346062692354130e+15  2.6407291889951730e+15
  7.6130917512066150e+15  3.2716987899033140e+15
  7.6915772331778170e+15  3.7986435526692295e+15
  7.7700627151490190e+15  4.1447024647563615e+15
  7.8485481971202220e+15  4.2867846504120165e+15
  7.9270336790914240e+15  4.2648407639054440e+15
  8.0055191610626260e+15  4.1619945146528510e+15
  8.0840046430338280e+15  4.0638576555863235e+15
  8.1624901250050300e+15  4.0184315636579865e+15
  8.2409756069762330e+15  4.0191345754620190e+15
  8.3194610889474350e+15  4.0200587513567125e+15
  8.3979465709186370e+15  3.9716434401044010e+15
  8.4764320528898390e+15  3.8503228702785935e+15
  8.5549175348610420e+15  3.6592409870397670e+15
  8.6334030168322440e+15  3.3996570792025230e+15
  8.7118884988034460e+15  3.0406364317448140e+15
  8.7903739807746480e+15  2.5263195644140525e+15
  8.8688594627458500e+15  1.8395467231327265e+15
  8.9473449447170530e+15  1.0923352726155828e+15
  9.0258304266882560e+15  5.6845988929674700e+14
  9.1043159086594580e+15  6.4594654312005050e+14
  9.1828013906306600e+15  1.6021865699573908e+15
  9.2612868726018620e+15  3.4156154223865510e+15
  9.3397723545730640e+15  5.7273087384367330e+15
  9.4182578365442660e+15  8.0295953835810940e+15
