#FileSignature: 0
#legend: No Name
#sim_duration: 0.001571
#title_str: z = 
#tlabel: z
#tscale: 0.007058
#tscale_str: $L_{NL}$
#tunit_str: m
#xcordID: T
#xlabel: t
#xscale: 0.000000
#xscale_str: $t_{p}$
#xunit_str: s
#ycordID: I
#ylabel: I
#yscale: 550000000000000.000000
#yscale_str: $I_{0}$
#yunit_str: W/m$^{2}$
 -4.0000000000000000e-14  8.0909490500011861e+08
 -3.9843444227005873e-14  8.0478733094589520e+08
 -3.9686888454011739e-14  8.1817733175332272e+08
 -3.9530332681017612e-14  8.2676397770871079e+08
 -3.9373776908023484e-14  8.1624561325319958e+08
 -3.9217221135029357e-14  8.0463936600646091e+08
 -3.9060665362035223e-14  8.1191094639792943e+08
 -3.8904109589041096e-14  8.2630262037072384e+08
 -3.8747553816046968e-14  8.2414155823577881e+08
 -3.8590998043052835e-14  8.0976098139032876e+08
 -3.8434442270058707e-14  8.0821930786831307e+08
 -3.8277886497064580e-14  8.2304974425836694e+08
 -3.8121330724070452e-14  8.3027100215157485e+08
 -3.7964774951076319e-14  8.1881113839284503e+08
 -3.7808219178082191e-14  8.0921189954806113e+08
 -3.7651663405088064e-14  8.1901918350635314e+08
 -3.7495107632093930e-14  8.3316570135666049e+08
 -3.7338551859099803e-14  8.2933538401295078e+08
 -3.7181996086105676e-14  8.1561626977546215e+08
 -3.7025440313111548e-14  8.1691908504033434e+08
 -3.6868884540117414e-14  8.3296530176633096e+08
 -3.6712328767123287e-14  8.3869149508748758e+08
 -3.6555772994129160e-14  8.2649960765959680e+08
 -3.6399217221135026e-14  8.1913889638749123e+08
 -3.6242661448140899e-14  8.3138288706495595e+08
 -3.6086105675146771e-14  8.4505395121373498e+08
 -3.5929549902152644e-14  8.3961457603887129e+08
 -3.5772994129158510e-14  8.2685022410571337e+08
 -3.5616438356164383e-14  8.3108033868740869e+08
 -3.5459882583170255e-14  8.4812215742065144e+08
 -3.5303326810176122e-14  8.5224521798027718e+08
 -3.5146771037181994e-14  8.3955914061555588e+08
 -3.4990215264187867e-14  8.3468192737288642e+08
 -3.4833659491193740e-14  8.4926445553012538e+08
 -3.4677103718199612e-14  8.6224147257310152e+08
 -3.4520547945205479e-14  8.5528265107933378e+08
 -3.4363992172211351e-14  8.4379161230044162e+08
 -3.4207436399217224e-14  8.5103730680396211e+08
 -3.4050880626223090e-14  8.6885710810359383e+08
 -3.3894324853228963e-14  8.7129148428652465e+08
 -3.3737769080234835e-14  8.5838264187546182e+08
 -3.3581213307240708e-14  8.5625121957125306e+08
 -3.3424657534246574e-14  8.7307409854399025e+08
 -3.3268101761252447e-14  8.8514941479116225e+08
 -3.3111545988258320e-14  8.7679449319968271e+08
 -3.2954990215264186e-14  8.6692662965374672e+08
 -3.2798434442270058e-14  8.7728320543763411e+08
 -3.2641878669275931e-14  8.9566442296451843e+08
 -3.2485322896281804e-14  8.9634946750373423e+08
 -3.2328767123287670e-14  8.8352990710259151e+08
 -3.2172211350293543e-14  8.8442860101091397e+08
 -3.2015655577299415e-14  9.0339297884611356e+08
 -3.1859099804305282e-14  9.1437013138513219e+08
 -3.1702544031311154e-14  9.0478254730026913e+08
 -3.1545988258317027e-14  8.9692668961080551e+08
 -3.1389432485322899e-14  9.1049843738982534e+08
 -3.1232876712328766e-14  9.2922456372994542e+08
 -3.1076320939334638e-14  9.2812877151983678e+08
 -3.0919765166340511e-14  9.1576048937083817e+08
 -3.0763209393346377e-14  9.2000147411936629e+08
 -3.0606653620352250e-14  9.4100746279312491e+08
 -3.0450097847358122e-14  9.5070274155012417e+08
 -3.0293542074363995e-14  9.4009501843860447e+08
 -3.0136986301369861e-14  9.3468872041335106e+08
 -2.9980430528375734e-14  9.5159146956769609e+08
 -2.9823874755381607e-14  9.7044576210550094e+08
 -2.9667318982387473e-14  9.6757345282585120e+08
 -2.9510763209393346e-14  9.5608075897168338e+08
 -2.9354207436399218e-14  9.6401137354572177e+08
 -2.9197651663405091e-14  9.8695810579006875e+08
 -2.9041095890410957e-14  9.9520391023999572e+08
 -2.8884540117416830e-14  9.8385018564232683e+08
 -2.8727984344422702e-14  9.8139229844576228e+08
 -2.8571428571428569e-14  1.0017568140276966e+09
 -2.8414872798434441e-14  1.0205230472629398e+09
 -2.8258317025440314e-14  1.0159244022792492e+09
 -2.8101761252446183e-14  1.0058103867485980e+09
 -2.7945205479452053e-14  1.0178225129680218e+09
 -2.7788649706457925e-14  1.0426089174567410e+09
 -2.7632093933463798e-14  1.0492597042873936e+09
 -2.7475538160469668e-14  1.0375131155863644e+09
 -2.7318982387475537e-14  1.0385802007450656e+09
 -2.7162426614481410e-14  1.0625568439300643e+09
 -2.7005870841487282e-14  1.0810217247073739e+09
 -2.6849315068493152e-14  1.0748075947038827e+09
 -2.6692759295499021e-14  1.0666762457707902e+09
 -2.6536203522504894e-14  1.0832185617873383e+09
 -2.6379647749510763e-14  1.1097453590173392e+09
 -2.6223091976516633e-14  1.1146874738638494e+09
 -2.6066536203522505e-14  1.1030044013206875e+09
 -2.5909980430528378e-14  1.1082724708423183e+09
 -2.5753424657534247e-14  1.1360377769262276e+09
 -2.5596868884540117e-14  1.1539960586094708e+09
 -2.5440313111545990e-14  1.1463597365085049e+09
 -2.5283757338551859e-14  1.1409460218071091e+09
 -2.5127201565557732e-14  1.1625403638448801e+09
 -2.4970645792563601e-14  1.1907141601114395e+09
 -2.4814090019569471e-14  1.1938816195457301e+09
 -2.4657534246575343e-14  1.1828558016904471e+09
 -2.4500978473581213e-14  1.1931296158477631e+09
 -2.4344422700587085e-14  1.2248959201935070e+09
 -2.4187866927592955e-14  1.2421600110267909e+09
 -2.4031311154598827e-14  1.2334093535031939e+09
 -2.3874755381604697e-14  1.2316206437052510e+09
 -2.3718199608610569e-14  1.2588843765633030e+09
 -2.3561643835616439e-14  1.2886255807215259e+09
 -2.3405088062622308e-14  1.2900253767648077e+09
 -2.3248532289628181e-14  1.2804364497107935e+09
 -2.3091976516634050e-14  1.2966893335960183e+09
 -2.2935420743639923e-14  1.3327190917693598e+09
 -2.2778864970645793e-14  1.3491367496894369e+09
 -2.2622309197651665e-14  1.3397430346747360e+09
 -2.2465753424657535e-14  1.3427172035932910e+09
 -2.2309197651663404e-14  1.3763930161211836e+09
 -2.2152641878669277e-14  1.4076487332196610e+09
 -2.1996086105675146e-14  1.4074025116882005e+09
 -2.1839530332681019e-14  1.4002904569862156e+09
 -2.1682974559686888e-14  1.4237220523087978e+09
 -2.1526418786692761e-14  1.4643450245944903e+09
 -2.1369863013698630e-14  1.4798216373686454e+09
 -2.1213307240704500e-14  1.4704939879121101e+09
 -2.1056751467710372e-14  1.4796980202610762e+09
 -2.0900195694716242e-14  1.5207119221867461e+09
 -2.0743639921722114e-14  1.5534682320842032e+09
 -2.0587084148727984e-14  1.5518422340006528e+09
 -2.0430528375733857e-14  1.5486003890834970e+09
 -2.0273972602739726e-14  1.5807664509418497e+09
 -2.0117416829745599e-14  1.6264841080447257e+09
 -1.9960861056751468e-14  1.6410203565072625e+09
 -1.9804305283757338e-14  1.6326895001589818e+09
 -1.9647749510763210e-14  1.6499405415776727e+09
 -1.9491193737769080e-14  1.6995864974267647e+09
 -1.9334637964774952e-14  1.7341990034110520e+09
 -1.9178082191780822e-14  1.7317952491775322e+09
 -1.9021526418786694e-14  1.7339421851523173e+09
 -1.8864970645792564e-14  1.7763576830529757e+09
 -1.8708414872798436e-14  1.8280334299453366e+09
 -1.8551859099804306e-14  1.8427880993864739e+09
 -1.8395303326810175e-14  1.8375155397369678e+09
 -1.8238747553816048e-14  1.8642964551679862e+09
 -1.8082191780821917e-14  1.9223125560218303e+09
 -1.7925636007827790e-14  1.9590227505679052e+09
 -1.7769080234833660e-14  1.9596630942932999e+09
 -1.7612524461839532e-14  1.9726079540298789e+09
 -1.7455968688845402e-14  2.0260021253562877e+09
 -1.7299412915851271e-14  2.0784755074424500e+09
 -1.7142857142857144e-14  2.0911664816267080e+09
 -1.6986301369863013e-14  2.0981223669120748e+09
 -1.6829745596868886e-14  2.1488349788189096e+09
 -1.6673189823874755e-14  2.2170953573755202e+09
 -1.6516634050880628e-14  2.2393486128638878e+09
 -1.6360078277886497e-14  2.2289173791001539e+09
 -1.6203522504892367e-14  2.2681465454572930e+09
 -1.6046966731898239e-14  2.3715683216951666e+09
 -1.5890410958904109e-14  2.4419298259760594e+09
 -1.5733855185909982e-14  2.4143864593080111e+09
 -1.5577299412915851e-14  2.3766411823888159e+09
 -1.5420743639921724e-14  2.4596309831482000e+09
 -1.5264187866927593e-14  2.6363238359969735e+09
 -1.5107632093933466e-14  2.7292790485367594e+09
 -1.4951076320939335e-14  2.6462924842667789e+09
 -1.4794520547945205e-14  2.5327780084088793e+09
 -1.4637964774951077e-14  2.6171514120587211e+09
 -1.4481409001956947e-14  2.9146724327746067e+09
 -1.4324853228962819e-14  3.1516940281824579e+09
 -1.4168297455968689e-14  3.0508378117998862e+09
 -1.4011741682974561e-14  2.7101304015985050e+09
 -1.3855185909980431e-14  2.6145810226114616e+09
 -1.3698630136986304e-14  3.1103406289440184e+09
 -1.3542074363992173e-14  3.8323411819587398e+09
 -1.3385518590998042e-14  3.9105595180559988e+09
 -1.3228962818003915e-14  3.0531305936712232e+09
 -1.3072407045009785e-14  2.2823769363049254e+09
 -1.2915851272015657e-14  2.9836861993797712e+09
 -1.2759295499021527e-14  4.9241066212785873e+09
 -1.2602739726027399e-14  5.8789929818674459e+09
 -1.2446183953033269e-14  4.2103708114570942e+09
 -1.2289628180039138e-14  1.6730911133817236e+09
 -1.2133072407045011e-14  2.1560845833412685e+09
 -1.1976516634050880e-14  6.6041136095018406e+09
 -1.1819960861056753e-14  1.0415288641602530e+10
 -1.1663405088062622e-14  8.3050064181961241e+09
 -1.1506849315068495e-14  2.1002678288103030e+09
 -1.1350293542074368e-14  7.2348697030364239e+08
 -1.1193737769080234e-14  9.4821771764340458e+09
 -1.1037181996086107e-14  2.0890300109175163e+10
 -1.0880626223091979e-14  2.1355281624585037e+10
 -1.0724070450097845e-14  9.3860018366720409e+09
 -1.0567514677103718e-14  2.2393710074717855e+09
 -1.0410958904109591e-14  1.7113241513750187e+10
 -1.0254403131115463e-14  4.6023431071488449e+10
 -1.0097847358121330e-14  5.9396743756559357e+10
 -9.9412915851272022e-15  4.2776581568234825e+10
 -9.7847358121330748e-15  2.3615686863524254e+10
 -9.6281800391389412e-15  4.5477774100857857e+10
 -9.4716242661448138e-15  1.1037322270571414e+11
 -9.3150684931506864e-15  1.6352505751519128e+11
 -9.1585127201565590e-15  1.5646524763565329e+11
 -9.0019569471624253e-15  1.2098694560417224e+11
 -8.8454011741682979e-15  1.4943762130750909e+11
 -8.6888454011741706e-15  2.8128108173676288e+11
 -8.5322896281800369e-15  4.3252304680378607e+11
 -8.3757338551859095e-15  4.8339945764337854e+11
 -8.2191780821917821e-15  4.4408737249191046e+11
 -8.0626223091976547e-15  4.8149206547045233e+11
 -7.9060665362035210e-15  7.2850387704661597e+11
 -7.7495107632093937e-15  1.0889343879802280e+12
 -7.5929549902152663e-15  1.3174112347719329e+12
 -7.4363992172211389e-15  1.3351724940919902e+12
 -7.2798434442270052e-15  1.3933952625297014e+12
 -7.1232876712328778e-15  1.8100640478230793e+12
 -6.9667318982387504e-15  2.5441954047276299e+12
 -6.8101761252446168e-15  3.1727408653448389e+12
 -6.6536203522504894e-15  3.4072468936510293e+12
 -6.4970645792563620e-15  3.5533690560393770e+12
 -6.3405088062622346e-15  4.2456221716072090e+12
 -6.1839530332681009e-15  5.6493843867134121e+12
 -6.0273972602739735e-15  7.1220558054850322e+12
 -5.8708414872798462e-15  7.9183234110438691e+12
 -5.7142857142857125e-15  8.1970369382836426e+12
 -5.5577299412915851e-15  8.9948075755811289e+12
 -5.4011741682974577e-15  1.0979128184917430e+13
 -5.2446183953033303e-15  1.3465570906330133e+13
 -5.0880626223091966e-15  1.5146533968446703e+13
 -4.9315068493150693e-15  1.5895476867611777e+13
 -4.7749510763209419e-15  1.7340482016499340e+13
 -4.6183953033268082e-15  2.1077764679320145e+13
 -4.4618395303326808e-15  2.6418394716093316e+13
 -4.3052837573385534e-15  3.0643036246687414e+13
 -4.1487279843444261e-15  3.1971022786071215e+13
 -3.9921722113502924e-15  3.1833188089355293e+13
 -3.8356164383561650e-15  3.3346944015312184e+13
 -3.6790606653620376e-15  3.7464266632777617e+13
 -3.5225048923679039e-15  4.1670420851422453e+13
 -3.3659491193737765e-15  4.3480781983457906e+13
 -3.2093933463796492e-15  4.4755259148751648e+13
 -3.0528375733855218e-15  5.0827234278531672e+13
 -2.8962818003913881e-15  6.4205030624620109e+13
 -2.7397260273972607e-15  7.9907271488534719e+13
 -2.5831702544031333e-15  8.8899867530492266e+13
 -2.4266144814089996e-15  8.6979753800425516e+13
 -2.2700587084148723e-15  7.9236362159602797e+13
 -2.1135029354207449e-15  7.4455458485205328e+13
 -1.9569471624266175e-15  7.5628078787038172e+13
 -1.8003913894324838e-15  7.8009627456593609e+13
 -1.6438356164383564e-15  7.7496869348963750e+13
 -1.4872798434442290e-15  7.8974619667632484e+13
 -1.3307240704501017e-15  9.2980243278411734e+13
 -1.1741682974559680e-15  1.2258273018797870e+14
 -1.0176125244618406e-15  1.5536992201893375e+14
 -8.6105675146771321e-16  1.7155684085493944e+14
 -7.0450097847357952e-16  1.6147362475485225e+14
 -5.4794520547945214e-16  1.3428193234587447e+14
 -3.9138943248532476e-16  1.0866821497998917e+14
 -2.3483365949119738e-16  9.5937065225249844e+13
 -7.8277886497063690e-17  9.3759381651368125e+13
  7.8277886497063690e-17  9.5700375801410812e+13
  2.3483365949119107e-16  1.0306025671019909e+14
  3.9138943248532476e-16  1.2348662925332589e+14
  5.4794520547945214e-16  1.5762680823819222e+14
  7.0450097847357952e-16  1.9064415214591350e+14
  8.6105675146770690e-16  2.0097390658001444e+14
  1.0176125244618406e-15  1.7909127532988750e+14
  1.1741682974559680e-15  1.3699142177256195e+14
  1.3307240704500954e-15  9.8439161965644906e+13
  1.4872798434442290e-15  8.0074336986957281e+13
  1.6438356164383564e-15  8.1781536861345766e+13
  1.8003913894324838e-15  9.3176521165004688e+13
  1.9569471624266112e-15  1.0594641596670192e+14
  2.1135029354207449e-15  1.1818542372357206e+14
  2.2700587084148723e-15  1.2885807676690883e+14
  2.4266144814089996e-15  1.3249979611267031e+14
  2.5831702544031270e-15  1.2246641954087748e+14
  2.7397260273972607e-15  9.9122942930603141e+13
  2.8962818003913881e-15  7.2485194885101297e+13
  3.0528375733855155e-15  5.5007603552621367e+13
  3.2093933463796492e-15  5.1549864196905406e+13
  3.3659491193737765e-15  5.6657817893520219e+13
  3.5225048923679039e-15  6.1118702544397148e+13
  3.6790606653620313e-15  6.0203260558914812e+13
  3.8356164383561650e-15  5.5557077306279812e+13
  3.9921722113502924e-15  5.0641173393064008e+13
  4.1487279843444197e-15  4.6189239530601641e+13
  4.3052837573385534e-15  4.0532110035169703e+13
  4.4618395303326808e-15  3.3086523065338031e+13
  4.6183953033268082e-15  2.5984986690848789e+13
  4.7749510763209356e-15  2.1912574211181332e+13
  4.9315068493150693e-15  2.1098035049476266e+13
  5.0880626223091966e-15  2.1138350421710195e+13
  5.2446183953033240e-15  1.9654091174499160e+13
  5.4011741682974577e-15  1.6545671918279260e+13
  5.5577299412915851e-15  1.3493119119050387e+13
  5.7142857142857125e-15  1.1733323252483459e+13
  5.8708414872798399e-15  1.0846224362715352e+13
  6.0273972602739735e-15  9.6534986892264629e+12
  6.1839530332681009e-15  7.7759425014555488e+12
  6.3405088062622283e-15  5.9472499202892959e+12
  6.4970645792563620e-15  4.9630012249759902e+12
  6.6536203522504894e-15  4.7266833240655830e+12
  6.8101761252446168e-15  4.4766168793812363e+12
  6.9667318982387441e-15  3.7306580707877568e+12
  7.1232876712328778e-15  2.7497200116164951e+12
  7.2798434442270052e-15  2.0864029504544072e+12
  7.4363992172211326e-15  1.9005823501750598e+12
  7.5929549902152663e-15  1.8550841962892012e+12
  7.7495107632093937e-15  1.5908247093926777e+12
  7.9060665362035210e-15  1.1283820839122205e+12
  8.0626223091976484e-15  7.5893911858789465e+11
  8.2191780821917821e-15  6.5327172893750049e+11
  8.3757338551859095e-15  6.8826371336592627e+11
  8.5322896281800369e-15  6.4099146145504346e+11
  8.6888454011741642e-15  4.5452130401209534e+11
  8.8454011741682979e-15  2.6143090430063562e+11
  9.0019569471624253e-15  1.9079151258592880e+11
  9.1585127201565527e-15  2.2208494715282816e+11
  9.3150684931506864e-15  2.3916035377180154e+11
  9.4716242661448138e-15  1.7911105811749319e+11
  9.6281800391389412e-15  8.8173514502218338e+10
  9.7847358121330685e-15  4.3431333075253952e+10
  9.9412915851272022e-15  5.8660582364672798e+10
  1.0097847358121330e-14  8.2947837383188934e+10
  1.0254403131115457e-14  7.1667517342483795e+10
  1.0410958904109591e-14  3.3548784067146065e+10
  1.0567514677103718e-14  7.3092766628171024e+09
  1.0724070450097845e-14  1.0998536797388428e+10
  1.0880626223091973e-14  2.6902225230037743e+10
  1.1037181996086107e-14  2.9762954682161480e+10
  1.1193737769080234e-14  1.6156305039903801e+10
  1.1350293542074361e-14  2.3504053365134549e+09
  1.1506849315068495e-14  1.1821042001955519e+09
  1.1663405088062622e-14  8.8221187627429543e+09
  1.1819960861056750e-14  1.3285527689387865e+10
  1.1976516634050877e-14  9.5646735108377056e+09
  1.2133072407045011e-14  3.1030415832237058e+09
  1.2289628180039138e-14  9.9754811602086449e+08
  1.2446183953033266e-14  3.8252888196646709e+09
  1.2602739726027393e-14  6.7772206181262951e+09
  1.2759295499021527e-14  6.3150820755409822e+09
  1.2915851272015654e-14  3.6306496793256397e+09
  1.3072407045009781e-14  2.0367298391457098e+09
  1.3228962818003915e-14  2.7756434791813660e+09
  1.3385518590998042e-14  4.2319016055288019e+09
  1.3542074363992170e-14  4.4831084210724802e+09
  1.3698630136986297e-14  3.4875170469715066e+09
  1.3855185909980431e-14  2.5958620480661988e+09
  1.4011741682974558e-14  2.6585673036166649e+09
  1.4168297455968686e-14  3.2269281465433526e+09
  1.4324853228962819e-14  3.4385660938569417e+09
  1.4481409001956947e-14  3.1046151335011773e+09
  1.4637964774951074e-14  2.7044050577166438e+09
  1.4794520547945201e-14  2.6278407543077650e+09
  1.4951076320939335e-14  2.7733732089174232e+09
  1.5107632093933463e-14  2.8428166455725980e+09
  1.5264187866927590e-14  2.7445442083732591e+09
  1.5420743639921724e-14  2.6012206393636565e+09
  1.5577299412915851e-14  2.5198349070107436e+09
  1.5733855185909978e-14  2.4959123783833299e+09
  1.5890410958904106e-14  2.4880264788686028e+09
  1.6046966731898239e-14  2.4719619311484299e+09
  1.6203522504892367e-14  2.4276368591019354e+09
  1.6360078277886494e-14  2.3502245568597693e+09
  1.6516634050880628e-14  2.2791975719637828e+09
  1.6673189823874755e-14  2.2591466895824995e+09
  1.6829745596868883e-14  2.2681905240070267e+09
  1.6986301369863010e-14  2.2396290612780771e+09
  1.7142857142857137e-14  2.1621652479845567e+09
  1.7299412915851265e-14  2.1005580001375806e+09
  1.7455968688845405e-14  2.0955204646016154e+09
  1.7612524461839532e-14  2.1003447879548905e+09
  1.7769080234833660e-14  2.0569939270883389e+09
  1.7925636007827787e-14  1.9880998135367763e+09
  1.8082191780821914e-14  1.9565893245419819e+09
  1.8238747553816042e-14  1.9625900688486674e+09
  1.8395303326810169e-14  1.9468989243029749e+09
  1.8551859099804309e-14  1.8906009258008935e+09
  1.8708414872798436e-14  1.8438297943315036e+09
  1.8864970645792564e-14  1.8396859156958835e+09
  1.9021526418786691e-14  1.8400982210362132e+09
  1.9178082191780819e-14  1.8019203636735766e+09
  1.9334637964774946e-14  1.7490776915905118e+09
  1.9491193737769073e-14  1.7304671489214275e+09
  1.9647749510763213e-14  1.7373735529382677e+09
  1.9804305283757341e-14  1.7194801050238945e+09
  1.9960861056751468e-14  1.6700987612743604e+09
  2.0117416829745596e-14  1.6363712878629334e+09
  2.0273972602739723e-14  1.6391556437180438e+09
  2.0430528375733850e-14  1.6386468766129203e+09
  2.0587084148727978e-14  1.6022088681243782e+09
  2.0743639921722118e-14  1.5587751632039661e+09
  2.0900195694716245e-14  1.5491671569086649e+09
  2.1056751467710372e-14  1.5575906597797599e+09
  2.1213307240704500e-14  1.5391923700807319e+09
  2.1369863013698627e-14  1.4955998749486856e+09
  2.1526418786692755e-14  1.4712133431686823e+09
  2.1682974559686882e-14  1.4781005330695372e+09
  2.1839530332681022e-14  1.4764740058270679e+09
  2.1996086105675149e-14  1.4422290694735317e+09
  2.2152641878669277e-14  1.4068999809788718e+09
  2.2309197651663404e-14  1.4038151643316526e+09
  2.2465753424657531e-14  1.4123252629170480e+09
  2.2622309197651659e-14  1.3933672707539914e+09
  2.2778864970645786e-14  1.3551237039208286e+09
  2.2935420743639926e-14  1.3384224231651545e+09
  2.3091976516634054e-14  1.3478239537507834e+09
  2.3248532289628181e-14  1.3446545692880495e+09
  2.3405088062622308e-14  1.3124787899407535e+09
  2.3561643835616436e-14  1.2841767550487089e+09
  2.3718199608610563e-14  1.2860377250254693e+09
  2.3874755381604690e-14  1.2938789941628468e+09
  2.4031311154598830e-14  1.2743821412829630e+09
  2.4187866927592958e-14  1.2409946483164506e+09
  2.4344422700587085e-14  1.2306148573053811e+09
  2.4500978473581213e-14  1.2414302520374610e+09
  2.4657534246575340e-14  1.2365863465347385e+09
  2.4814090019569467e-14  1.2064448927271566e+09
  2.4970645792563595e-14  1.1842662685113146e+09
  2.5127201565557722e-14  1.1898276482033741e+09
  2.5283757338551862e-14  1.1965150861531706e+09
  2.5440313111545990e-14  1.1766042551053023e+09
  2.5596868884540117e-14  1.1476947005817921e+09
  2.5753424657534244e-14  1.1425361279238455e+09
  2.5909980430528372e-14  1.1539430279152522e+09
  2.6066536203522499e-14  1.1474163462532995e+09
  2.6223091976516626e-14  1.1193246446279993e+09
  2.6379647749510766e-14  1.1025327114339383e+09
  2.6536203522504894e-14  1.1108142720152311e+09
  2.6692759295499021e-14  1.1160379012497966e+09
  2.6849315068493149e-14  1.0958794770933559e+09
  2.7005870841487276e-14  1.0711438110055617e+09
  2.7162426614481403e-14  1.0703093815929937e+09
  2.7318982387475531e-14  1.0816922564604661e+09
  2.7475538160469671e-14  1.0735525352086619e+09
  2.7632093933463798e-14  1.0475506502766842e+09
  2.7788649706457925e-14  1.0355303276070682e+09
  2.7945205479452053e-14  1.0457487722977953e+09
  2.8101761252446180e-14  1.0493219890716186e+09
  2.8258317025440308e-14  1.0291042814699185e+09
  2.8414872798434435e-14  1.0082907408802730e+09
  2.8571428571428575e-14  1.0110357232910149e+09
  2.8727984344422702e-14  1.0219298270541207e+09
  2.8884540117416830e-14  1.0122971154241751e+09
  2.9041095890410957e-14  9.8843897543106437e+08
  2.9197651663405085e-14  9.8066739675791883e+08
  2.9354207436399212e-14  9.9218718022964811e+08
  2.9510763209393339e-14  9.9401064533673346e+08
  2.9667318982387479e-14  9.7393246064069235e+08
  2.9823874755381607e-14  9.5682779443096542e+08
  2.9980430528375734e-14  9.6252403823910403e+08
  3.0136986301369861e-14  9.7257655972164190e+08
  3.0293542074363989e-14  9.6160363032677984e+08
  3.0450097847358116e-14  9.3995069114307415e+08
  3.0606653620352244e-14  9.3597602957350826e+08
  3.0763209393346384e-14  9.4827434291911066e+08
  3.0919765166340511e-14  9.4831187557251942e+08
  3.1076320939334638e-14  9.2857621724053907e+08
  3.1232876712328766e-14  9.1499607001072824e+08
  3.1389432485322893e-14  9.2310578466040897e+08
  3.1545988258317020e-14  9.3204860002620161e+08
  3.1702544031311148e-14  9.1991011304350650e+08
  3.1859099804305288e-14  9.0052778787480927e+08
  3.2015655577299415e-14  8.9995355138712072e+08
  3.2172211350293543e-14  9.1259485627785087e+08
  3.2328767123287670e-14  9.1085721804803717e+08
  3.2485322896281797e-14  8.9166812306430483e+08
  3.2641878669275925e-14  8.8145016287070620e+08
  3.2798434442270052e-14  8.9150634979817986e+08
  3.2954990215264192e-14  8.9913668062761986e+08
  3.3111545988258320e-14  8.8602265996054626e+08
  3.3268101761252447e-14  8.6897839672519469e+08
  3.3424657534246574e-14  8.7145154205128431e+08
  3.3581213307240702e-14  8.8406880840560424e+08
  3.3737769080234829e-14  8.8060280948211908e+08
  3.3894324853228956e-14  8.6216408973808503e+08
  3.4050880626223096e-14  8.5516295943345332e+08
  3.4207436399217224e-14  8.6675458507377720e+08
  3.4363992172211351e-14  8.7292118351251197e+08
  3.4520547945205479e-14  8.5903331943909740e+08
  3.4677103718199606e-14  8.4439567215506351e+08
  3.4833659491193733e-14  8.4959743782380605e+08
  3.4990215264187861e-14  8.6187818525631809e+08
  3.5146771037182001e-14  8.5675947205783224e+08
  3.5303326810176128e-14  8.3927463454004574e+08
  3.5459882583170255e-14  8.3535814251099968e+08
  3.5616438356164383e-14  8.4811875797908664e+08
  3.5772994129158510e-14  8.5271205481936491e+08
  3.5929549902152638e-14  8.3826191777989781e+08
  3.6086105675146765e-14  8.2610022247190154e+08
  3.6242661448140892e-14  8.3373892725316882e+08
  3.6399217221135032e-14  8.4541478551772141e+08
  3.6555772994129160e-14  8.3874326243400311e+08
  3.6712328767123287e-14  8.2241618868312752e+08
  3.6868884540117414e-14  8.2146235211180460e+08
  3.7025440313111542e-14  8.3506125497254419e+08
  3.7181996086105669e-14  8.3800642809017074e+08
  3.7338551859099797e-14  8.2321504229792166e+08
  3.7495107632093937e-14  8.1359947826727223e+08
  3.7651663405088064e-14  8.2340475814455795e+08
  3.7808219178082191e-14  8.3424365575274026e+08
  3.7964774951076319e-14  8.2614086355932987e+08
  3.8121330724070446e-14  8.1117701890617108e+08
  3.8277886497064574e-14  8.1307171345547235e+08
  3.8434442270058701e-14  8.2720702054265583e+08
  3.8590998043052841e-14  8.2845927993239820e+08
  3.8747553816046968e-14  8.1355771973285413e+08
  3.8904109589041096e-14  8.0655963495874262e+08
  3.9060665362035223e-14  8.1827775839079881e+08
  3.9217221135029350e-14  8.2807813526208210e+08
  3.9373776908023478e-14  8.1868615438365209e+08
  3.9530332681017605e-14  8.0529419938864112e+08
  3.9686888454011745e-14  8.0992924859537828e+08
  3.9843444227005873e-14  8.2432244765441144e+08
  4.0000000000000000e-14  8.2386408595048118e+08
