#FileSignature: 0
#legend: No Name
#sim_duration: 0.016565
#title_str: z = 
#tlabel: z
#tscale: 0.007058
#tscale_str: $L_{NL}$
#tunit_str: m
#xcordID: T
#xlabel: t
#xscale: 0.000000
#xscale_str: $t_{p}$
#xunit_str: s
#ycordID: I
#ylabel: I
#yscale: 550000000000000.000000
#yscale_str: $I_{0}$
#yunit_str: W/m$^{2}$
 -4.0000000000000000e-14  6.5890972169944134e+09
 -3.9843444227005873e-14  6.9481629608611355e+09
 -3.9686888454011739e-14  7.0359001791249027e+09
 -3.9530332681017612e-14  6.6685411331913490e+09
 -3.9373776908023484e-14  6.4277917924365311e+09
 -3.9217221135029357e-14  6.6819935016553888e+09
 -3.9060665362035223e-14  6.9685591597379131e+09
 -3.8904109589041096e-14  6.7729557271377687e+09
 -3.8747553816046968e-14  6.3925866741889114e+09
 -3.8590998043052835e-14  6.4352903207603493e+09
 -3.8434442270058707e-14  6.7979947437108755e+09
 -3.8277886497064580e-14  6.8414787374766150e+09
 -3.8121330724070452e-14  6.4649698609652872e+09
 -3.7964774951076319e-14  6.2742507881769218e+09
 -3.7808219178082191e-14  6.5628701671821623e+09
 -3.7651663405088064e-14  6.8196257088947239e+09
 -3.7495107632093930e-14  6.5885622206815004e+09
 -3.7338551859099803e-14  6.2348533804919157e+09
 -3.7181996086105676e-14  6.3302169583850584e+09
 -3.7025440313111548e-14  6.6920755651381912e+09
 -3.6868884540117414e-14  6.6910814575439186e+09
 -3.6712328767123287e-14  6.3090754623975964e+09
 -3.6555772994129160e-14  6.1691888937442236e+09
 -3.6399217221135026e-14  6.4881901524560642e+09
 -3.6242661448140899e-14  6.7122661041514654e+09
 -3.6086105675146771e-14  6.4481338695007057e+09
 -3.5929549902152644e-14  6.1241899663501081e+09
 -3.5772994129158510e-14  6.2703447430738525e+09
 -3.5616438356164383e-14  6.6270516038037605e+09
 -3.5459882583170255e-14  6.5814082828316822e+09
 -3.5303326810176122e-14  6.1976494564560547e+09
 -3.5146771037181994e-14  6.1096086722882957e+09
 -3.4990215264187867e-14  6.4551515658800497e+09
 -3.4833659491193740e-14  6.6437548253433313e+09
 -3.4677103718199612e-14  6.3490111195700321e+09
 -3.4520547945205479e-14  6.0581129849832001e+09
 -3.4363992172211351e-14  6.2533927071751118e+09
 -3.4207436399217224e-14  6.6007361936099958e+09
 -3.4050880626223090e-14  6.5103181161818066e+09
 -3.3894324853228963e-14  6.1286959130028219e+09
 -3.3737769080234835e-14  6.0937264633351917e+09
 -3.3581213307240708e-14  6.4620889123876724e+09
 -3.3424657534246574e-14  6.6124512549101706e+09
 -3.3268101761252447e-14  6.2896569213645754e+09
 -3.3111545988258320e-14  6.0353061099472523e+09
 -3.2954990215264186e-14  6.2782061832134352e+09
 -3.2798434442270058e-14  6.6119921322494259e+09
 -3.2641878669275931e-14  6.4767168125569067e+09
 -3.2485322896281804e-14  6.1013272347632046e+09
 -3.2328767123287670e-14  6.1208774866394348e+09
 -3.2172211350293543e-14  6.5083849690225916e+09
 -3.2015655577299415e-14  6.6177161539224491e+09
 -3.1859099804305282e-14  6.2695803089815092e+09
 -3.1702544031311154e-14  6.0555535265627308e+09
 -3.1545988258317027e-14  6.3446973532822819e+09
 -3.1389432485322899e-14  6.6606755146122532e+09
 -3.1232876712328766e-14  6.4805064708917828e+09
 -3.1076320939334638e-14  6.1157239265497704e+09
 -3.0919765166340511e-14  6.1914847261995621e+09
 -3.0763209393346377e-14  6.5944423707294865e+09
 -3.0606653620352250e-14  6.6598855531652222e+09
 -3.0450097847358122e-14  6.2893198879485931e+09
 -3.0293542074363995e-14  6.1197357893129396e+09
 -3.0136986301369861e-14  6.4538460391924658e+09
 -2.9980430528375734e-14  6.7476358669063425e+09
 -2.9823874755381607e-14  6.5225914794680166e+09
 -2.9667318982387473e-14  6.1731550697514353e+09
 -2.9510763209393346e-14  6.3070893835708151e+09
 -2.9354207436399218e-14  6.7217130580816975e+09
 -2.9197651663405091e-14  6.7403004676178913e+09
 -2.9041095890410957e-14  6.3504865888426199e+09
 -2.8884540117416830e-14  6.2298888138764133e+09
 -2.8727984344422702e-14  6.6077621013817854e+09
 -2.8571428571428569e-14  6.8747740199645939e+09
 -2.8414872798434441e-14  6.6049432210015039e+09
 -2.8258317025440314e-14  6.2760626869376259e+09
 -2.8101761252446183e-14  6.4704472988461933e+09
 -2.7945205479452053e-14  6.8927904243282642e+09
 -2.7788649706457925e-14  6.8613975423107634e+09
 -2.7632093933463798e-14  6.4558717077816544e+09
 -2.7475538160469668e-14  6.3893331682284203e+09
 -2.7318982387475537e-14  6.8098171554592953e+09
 -2.7162426614481410e-14  7.0451657825481348e+09
 -2.7005870841487282e-14  6.7307327146623268e+09
 -2.6849315068493152e-14  6.4282210144490528e+09
 -2.6692759295499021e-14  6.6857030838056049e+09
 -2.6536203522504894e-14  7.1115754751905594e+09
 -2.6379647749510763e-14  7.0268722647151737e+09
 -2.6223091976516633e-14  6.6096339963939514e+09
 -2.6066536203522505e-14  6.6028895783598051e+09
 -2.5909980430528378e-14  7.0648616779954147e+09
 -2.5753424657534247e-14  7.2632667551287518e+09
 -2.5596868884540117e-14  6.9045476573703508e+09
 -2.5440313111545990e-14  6.6349900946391497e+09
 -2.5283757338551859e-14  6.9586631869956589e+09
 -2.5127201565557732e-14  7.3835376971415281e+09
 -2.4970645792563601e-14  7.2419352739290524e+09
 -2.4814090019569471e-14  6.8175888646010485e+09
 -2.4657534246575343e-14  6.8772070243219156e+09
 -2.4500978473581213e-14  7.3795547809367399e+09
 -2.4344422700587085e-14  7.5352248692217579e+09
 -2.4187866927592955e-14  7.1327217525047131e+09
 -2.4031311154598827e-14  6.9036952649511967e+09
 -2.3874755381604697e-14  7.2972019362596951e+09
 -2.3718199608610569e-14  7.7161044579846392e+09
 -2.3561643835616439e-14  7.5136962050519648e+09
 -2.3405088062622308e-14  7.0876382604071064e+09
 -2.3248532289628181e-14  7.2212463069941435e+09
 -2.3091976516634050e-14  7.7628497590656595e+09
 -2.2935420743639923e-14  7.8693425682706022e+09
 -2.2778864970645793e-14  7.4238222274113169e+09
 -2.2622309197651665e-14  7.2441869672014647e+09
 -2.2465753424657535e-14  7.7118588765651731e+09
 -2.2309197651663404e-14  8.1192323861318321e+09
 -2.2152641878669277e-14  7.8517250056264477e+09
 -2.1996086105675146e-14  7.4304014812384253e+09
 -2.1839530332681019e-14  7.6469983418678513e+09
 -2.1682974559686888e-14  8.2267208632103910e+09
 -2.1526418786692761e-14  8.2767569976455631e+09
 -2.1369863013698630e-14  7.7893454154469519e+09
 -2.1213307240704500e-14  7.6696467607320423e+09
 -2.1056751467710372e-14  8.2167457289543648e+09
 -2.0900195694716242e-14  8.6063141083488274e+09
 -2.0743639921722114e-14  8.2689031712285156e+09
 -2.0587084148727984e-14  7.8600690393551378e+09
 -2.0430528375733857e-14  8.1704447309497643e+09
 -2.0273972602739726e-14  8.7872859974915409e+09
 -2.0117416829745599e-14  8.7726788450599575e+09
 -1.9960861056751468e-14  8.2449131484584303e+09
 -1.9804305283757338e-14  8.1975816868801937e+09
 -1.9647749510763210e-14  8.8304443914067669e+09
 -1.9491193737769080e-14  9.1954391984736519e+09
 -1.9334637964774952e-14  8.7833624820661926e+09
 -1.9178082191780822e-14  8.3964909738140888e+09
 -1.9021526418786694e-14  8.8126952518861332e+09
 -1.8864970645792564e-14  9.4648518152947044e+09
 -1.8708414872798436e-14  9.3771065479121609e+09
 -1.8551859099804306e-14  8.8135680005826302e+09
 -1.8395303326810175e-14  8.8545778178041401e+09
 -1.8238747553816048e-14  9.5780370394211292e+09
 -1.8082191780821917e-14  9.9066170870182858e+09
 -1.7925636007827790e-14  9.4156931661803379e+09
 -1.7769080234833660e-14  9.0702187798756161e+09
 -1.7612524461839532e-14  9.6126641546370182e+09
 -1.7455968688845402e-14  1.0291689854164660e+10
 -1.7299412915851271e-14  1.0106266361354717e+10
 -1.7142857142857144e-14  9.5097945660255070e+09
 -1.6986301369863013e-14  9.6792599620353451e+09
 -1.6829745596868886e-14  1.0524132221860554e+10
 -1.6673189823874755e-14  1.0794597596067150e+10
 -1.6516634050880628e-14  1.0175814750878670e+10
 -1.6360078277886497e-14  9.8669535857875824e+09
 -1.6203522504892367e-14  1.0602826280167147e+10
 -1.6046966731898239e-14  1.1383288857674679e+10
 -1.5890410958904109e-14  1.1087068204618637e+10
 -1.5733855185909982e-14  1.0349831702428431e+10
 -1.5577299412915851e-14  1.0568896962139982e+10
 -1.5420743639921724e-14  1.1622520249476852e+10
 -1.5264187866927593e-14  1.2047468232292185e+10
 -1.5107632093933466e-14  1.1389283523322296e+10
 -1.4951076320939335e-14  1.0891873512126518e+10
 -1.4794520547945205e-14  1.1477995723513174e+10
 -1.4637964774951077e-14  1.2380045639906380e+10
 -1.4481409001956947e-14  1.2516977089915686e+10
 -1.4324853228962819e-14  1.2126368792334259e+10
 -1.4168297455968689e-14  1.2046173738008043e+10
 -1.4011741682974561e-14  1.2276710279813215e+10
 -1.3855185909980431e-14  1.2438481834148310e+10
 -1.3698630136986304e-14  1.2886179924428268e+10
 -1.3542074363992173e-14  1.3869668158769094e+10
 -1.3385518590998042e-14  1.4195581651009739e+10
 -1.3228962818003915e-14  1.2769945704949917e+10
 -1.3072407045009785e-14  1.1358505633272684e+10
 -1.2915851272015657e-14  1.3103462586186337e+10
 -1.2759295499021527e-14  1.7251221197788429e+10
 -1.2602739726027399e-14  1.8351591110860214e+10
 -1.2446183953033269e-14  1.3610681747658257e+10
 -1.2289628180039138e-14  8.8924108662193413e+09
 -1.2133072407045011e-14  1.2521990888265480e+10
 -1.1976516634050880e-14  2.2731710615631519e+10
 -1.1819960861056753e-14  2.6924072032795799e+10
 -1.1663405088062622e-14  1.7678506834299198e+10
 -1.1506849315068495e-14  5.7753249153439312e+09
 -1.1350293542074368e-14  9.6156301228684654e+09
 -1.1193737769080234e-14  3.0255389598066383e+10
 -1.1037181996086107e-14  4.4841020097285561e+10
 -1.0880626223091979e-14  3.2965351449393269e+10
 -1.0724070450097845e-14  6.9777540702088270e+09
 -1.0567514677103718e-14  4.0485205192266755e+09
 -1.0410958904109591e-14  4.0547666540764404e+10
 -1.0254403131115463e-14  8.2674651839676788e+10
 -1.0097847358121330e-14  7.9854869169598358e+10
 -9.9412915851272022e-15  3.2381380992798950e+10
 -9.7847358121330748e-15  7.3730709691752806e+09
 -9.6281800391389412e-15  6.4036163148805321e+10
 -9.4716242661448138e-15  1.6694921822720673e+11
 -9.3150684931506864e-15  2.0856428307537619e+11
 -9.1585127201565590e-15  1.4303686701576834e+11
 -9.0019569471624253e-15  7.2726177198256561e+10
 -8.8454011741682979e-15  1.4730958598145367e+11
 -8.6888454011741706e-15  3.6427056991896021e+11
 -8.5322896281800369e-15  5.3018685678495032e+11
 -8.3757338551859095e-15  4.8662182217575629e+11
 -8.2191780821917821e-15  3.5093735918977673e+11
 -8.0626223091976547e-15  4.2869365891214301e+11
 -7.9060665362035210e-15  8.3222055333994580e+11
 -7.7495107632093937e-15  1.2730299893753777e+12
 -7.5929549902152663e-15  1.3714117783799250e+12
 -7.4363992172211389e-15  1.1752076782512622e+12
 -7.2798434442270052e-15  1.2019892308670605e+12
 -7.1232876712328778e-15  1.8269435878761875e+12
 -6.9667318982387504e-15  2.7262061881486987e+12
 -6.8101761252446168e-15  3.1779902887141675e+12
 -6.6536203522504894e-15  2.9994990356972397e+12
 -6.4970645792563620e-15  2.9473780579521772e+12
 -6.3405088062622346e-15  3.8942269934696831e+12
 -6.1839530332681009e-15  5.6533169850895439e+12
 -6.0273972602739735e-15  7.0039590556434199e+12
 -5.8708414872798462e-15  7.1300892861261484e+12
 -5.7142857142857125e-15  6.7732263767102676e+12
 -5.5577299412915851e-15  7.4638397714606426e+12
 -5.4011741682974577e-15  9.5378827427737305e+12
 -5.2446183953033303e-15  1.1460693250829771e+13
 -5.0880626223091966e-15  1.1651939805688117e+13
 -4.9315068493150693e-15  1.0778161307820426e+13
 -4.7749510763209419e-15  1.1451586695263322e+13
 -4.6183953033268082e-15  1.5247365591716896e+13
 -4.4618395303326808e-15  2.0549726599984246e+13
 -4.3052837573385534e-15  2.4171998830420727e+13
 -4.1487279843444261e-15  2.5091736042261199e+13
 -3.9921722113502924e-15  2.5629230637141559e+13
 -3.8356164383561650e-15  2.8258289470381824e+13
 -3.6790606653620376e-15  3.1898176135092770e+13
 -3.5225048923679039e-15  3.2725746032333133e+13
 -3.3659491193737765e-15  2.9086301472274305e+13
 -3.2093933463796492e-15  2.4473699040960406e+13
 -3.0528375733855218e-15  2.4300929082509973e+13
 -2.8962818003913881e-15  2.9851757405157047e+13
 -2.7397260273972607e-15  3.6899963604285406e+13
 -2.5831702544031333e-15  4.1187507499420430e+13
 -2.4266144814089996e-15  4.4201542877985469e+13
 -2.2700587084148723e-15  5.1564348748067266e+13
 -2.1135029354207449e-15  6.5126200143217859e+13
 -1.9569471624266175e-15  7.8252758748615953e+13
 -1.8003913894324838e-15  8.1071775639452125e+13
 -1.6438356164383564e-15  7.0917219779702062e+13
 -1.4872798434442290e-15  5.6312702268154414e+13
 -1.3307240704501017e-15  4.9277976302870508e+13
 -1.1741682974559680e-15  5.3740376220006617e+13
 -1.0176125244618406e-15  6.2575903141577125e+13
 -8.6105675146771321e-16  6.6551001558209031e+13
 -7.0450097847357952e-16  6.5277333415560008e+13
 -5.4794520547945214e-16  6.7860619424506102e+13
 -3.9138943248532476e-16  8.2091191916454375e+13
 -2.3483365949119738e-16  1.0377392509837158e+14
 -7.8277886497063690e-17  1.1829417102660514e+14
  7.8277886497063690e-17  1.1390272140833764e+14
  2.3483365949119107e-16  9.3546845227396906e+13
  3.9138943248532476e-16  7.2830056230925766e+13
  5.4794520547945214e-16  6.5632512754468281e+13
  7.0450097847357952e-16  7.1914127906420656e+13
  8.6105675146770690e-16  8.0364458992361516e+13
  1.0176125244618406e-15  8.2997979123080719e+13
  1.1741682974559680e-15  8.5572762164618500e+13
  1.3307240704500954e-15  1.0153431127580797e+14
  1.4872798434442290e-15  1.3504811452168766e+14
  1.6438356164383564e-15  1.7163522667089250e+14
  1.8003913894324838e-15  1.8802935858156175e+14
  1.9569471624266112e-15  1.7250878827230722e+14
  2.1135029354207449e-15  1.3516388968404027e+14
  2.2700587084148723e-15  9.7873620230450500e+13
  2.4266144814089996e-15  7.5245393526621391e+13
  2.5831702544031270e-15  6.6559329169013328e+13
  2.7397260273972607e-15  6.5128153196050781e+13
  2.8962818003913881e-15  7.1335085071266375e+13
  3.0528375733855155e-15  9.2308416717995500e+13
  3.2093933463796492e-15  1.2839904425745566e+14
  3.3659491193737765e-15  1.6391802021264819e+14
  3.5225048923679039e-15  1.7620973606829209e+14
  3.6790606653620313e-15  1.5626325382732341e+14
  3.8356164383561650e-15  1.1937524781994498e+14
  3.9921722113502924e-15  9.3061613086115609e+13
  4.1487279843444197e-15  9.2727037968447281e+13
  4.3052837573385534e-15  1.0863937733837128e+14
  4.4618395303326808e-15  1.1670182684051650e+14
  4.6183953033268082e-15  1.0201662332840312e+14
  4.7749510763209356e-15  7.2292265208354344e+13
  4.9315068493150693e-15  4.9046156414453133e+13
  5.0880626223091966e-15  4.6398436505681148e+13
  5.2446183953033240e-15  5.8318772840330102e+13
  5.4011741682974577e-15  6.5706626186681078e+13
  5.5577299412915851e-15  5.5177911172033742e+13
  5.7142857142857125e-15  3.1059718233789312e+13
  5.8708414872798399e-15  9.9310000375394355e+12
  6.0273972602739735e-15  4.3283750222387656e+12
  6.1839530332681009e-15  1.1895469498314713e+13
  6.3405088062622283e-15  1.9642052187676391e+13
  6.4970645792563620e-15  1.7638417522740336e+13
  6.6536203522504894e-15  7.9309908796762227e+12
  6.8101761252446168e-15  5.8296595928436560e+11
  6.9667318982387441e-15  2.3011336476982266e+12
  7.1232876712328778e-15  9.9146758305333379e+12
  7.2798434442270052e-15  1.4724005342714895e+13
  7.4363992172211326e-15  1.2004806198261838e+13
  7.5929549902152663e-15  5.3271597297992559e+12
  7.7495107632093937e-15  1.8882883877891611e+12
  7.9060665362035210e-15  4.7570641768921191e+12
  8.0626223091976484e-15  1.0332704090224078e+13
  8.2191780821917821e-15  1.2842458625463992e+13
  8.3757338551859095e-15  1.0274695836828881e+13
  8.5322896281800369e-15  5.6010963635361602e+12
  8.6888454011741642e-15  2.9528761324802910e+12
  8.8454011741682979e-15  3.5136653294906943e+12
  9.0019569471624253e-15  5.1880598156690322e+12
  9.1585127201565527e-15  5.4748814356138779e+12
  9.3150684931506864e-15  3.9578445526113574e+12
  9.4716242661448138e-15  2.1053866315441006e+12
  9.6281800391389412e-15  1.3180981523403538e+12
  9.7847358121330685e-15  1.6159873952203918e+12
  9.9412915851272022e-15  2.0461909241212449e+12
  1.0097847358121330e-14  1.8952656657582917e+12
  1.0254403131115457e-14  1.2871215840153777e+12
  1.0410958904109591e-14  7.8452809570713684e+11
  1.0567514677103718e-14  6.9599539006049780e+11
  1.0724070450097845e-14  8.5059376267836060e+11
  1.0880626223091973e-14  9.1028594452549573e+11
  1.1037181996086107e-14  7.5011577663879089e+11
  1.1193737769080234e-14  5.1571634647540808e+11
  1.1350293542074361e-14  3.9651094551887512e+11
  1.1506849315068495e-14  4.1960124631646210e+11
  1.1663405088062622e-14  4.6553589835397046e+11
  1.1819960861056750e-14  4.3155359797438617e+11
  1.1976516634050877e-14  3.3486453831497894e+11
  1.2133072407045011e-14  2.6107071612126120e+11
  1.2289628180039138e-14  2.5142991003450989e+11
  1.2446183953033266e-14  2.6841396001457486e+11
  1.2602739726027393e-14  2.5902366217941470e+11
  1.2759295499021527e-14  2.1892707083068283e+11
  1.2915851272015654e-14  1.8275846453507538e+11
  1.3072407045009781e-14  1.7169786196752637e+11
  1.3228962818003915e-14  1.7266279997743781e+11
  1.3385518590998042e-14  1.6502328547044348e+11
  1.3542074363992170e-14  1.4769112448565570e+11
  1.3698630136986297e-14  1.3285705231363699e+11
  1.3855185909980431e-14  1.2548840866289941e+11
  1.4011741682974558e-14  1.2006093906807257e+11
  1.4168297455968686e-14  1.1255135115305496e+11
  1.4324853228962819e-14  1.0530469595785367e+11
  1.4481409001956947e-14  1.0018694847019183e+11
  1.4637964774951074e-14  9.4855471656847702e+10
  1.4794520547945201e-14  8.7956266270043503e+10
  1.4951076320939335e-14  8.2322517805610870e+10
  1.5107632093933463e-14  7.9965618985124741e+10
  1.5264187866927590e-14  7.8015268226057068e+10
  1.5420743639921724e-14  7.3175040958906540e+10
  1.5577299412915851e-14  6.7259123261349182e+10
  1.5733855185909978e-14  6.4307359947628555e+10
  1.5890410958904106e-14  6.3981678475295265e+10
  1.6046966731898239e-14  6.2155933080191582e+10
  1.6203522504892367e-14  5.7603125158383171e+10
  1.6360078277886494e-14  5.3770686759649307e+10
  1.6516634050880628e-14  5.3000206172300949e+10
  1.6673189823874755e-14  5.2852743342822563e+10
  1.6829745596868883e-14  5.0308027676420540e+10
  1.6986301369863010e-14  4.6616641074992027e+10
  1.7142857142857137e-14  4.4968592613216560e+10
  1.7299412915851265e-14  4.5199141910582535e+10
  1.7455968688845405e-14  4.4269674944394867e+10
  1.7612524461839532e-14  4.1376270803598564e+10
  1.7769080234833660e-14  3.9107622398503128e+10
  1.7925636007827787e-14  3.9006144949493057e+10
  1.8082191780821914e-14  3.9093166087807312e+10
  1.8238747553816042e-14  3.7291169281670395e+10
  1.8395303326810169e-14  3.4829650197581383e+10
  1.8551859099804309e-14  3.4056756690743870e+10
  1.8708414872798436e-14  3.4521294083263084e+10
  1.8864970645792564e-14  3.3836352818916069e+10
  1.9021526418786691e-14  3.1684846615095966e+10
  1.9178082191780819e-14  3.0245936692860092e+10
  1.9334637964774946e-14  3.0499293400206982e+10
  1.9491193737769073e-14  3.0659334824726711e+10
  1.9647749510763213e-14  2.9223662288789616e+10
  1.9804305283757341e-14  2.7430790683240452e+10
  1.9960861056751468e-14  2.7108293237252064e+10
  2.0117416829745596e-14  2.7637195157680389e+10
  2.0273972602739723e-14  2.7063835890302517e+10
  2.0430528375733850e-14  2.5367210830634766e+10
  2.0587084148727978e-14  2.4418309564286358e+10
  2.0743639921722118e-14  2.4823261685121662e+10
  2.0900195694716245e-14  2.4968100379260796e+10
  2.1056751467710372e-14  2.3759131716542854e+10
  2.1213307240704500e-14  2.2407311477417294e+10
  2.1369863013698627e-14  2.2347498156612713e+10
  2.1526418786692755e-14  2.2860416207019909e+10
  2.1682974559686882e-14  2.2331985988859409e+10
  2.1839530332681022e-14  2.0947991019215054e+10
  2.1996086105675149e-14  2.0326772308818634e+10
  2.2152641878669277e-14  2.0797185097952721e+10
  2.2309197651663404e-14  2.0895007707997623e+10
  2.2465753424657531e-14  1.9839251622426437e+10
  2.2622309197651659e-14  1.8801684594252998e+10
  2.2778864970645786e-14  1.8908017571363815e+10
  2.2935420743639926e-14  1.9375864510960190e+10
  2.3091976516634054e-14  1.8865307470521038e+10
  2.3248532289628181e-14  1.7712406944944191e+10
  2.3405088062622308e-14  1.7323802790665382e+10
  2.3561643835616436e-14  1.7816229650264660e+10
  2.3718199608610563e-14  1.7858666518130264e+10
  2.3874755381604690e-14  1.6916806423116575e+10
  2.4031311154598830e-14  1.6116125647761944e+10
  2.4187866927592958e-14  1.6331445068792326e+10
  2.4344422700587085e-14  1.6742911668748129e+10
  2.4500978473581213e-14  1.6239114025784891e+10
  2.4657534246575340e-14  1.5267168013727522e+10
  2.4814090019569467e-14  1.5051036106477797e+10
  2.4970645792563595e-14  1.5541189162770746e+10
  2.5127201565557722e-14  1.5527921903993479e+10
  2.5283757338551862e-14  1.4676797605091980e+10
  2.5440313111545990e-14  1.4062271944871811e+10
  2.5596868884540117e-14  1.4350181620938887e+10
  2.5753424657534244e-14  1.4701487002278452e+10
  2.5909980430528372e-14  1.4200117608131935e+10
  2.6066536203522499e-14  1.3375920452619162e+10
  2.6223091976516626e-14  1.3291618714617186e+10
  2.6379647749510766e-14  1.3765043873776501e+10
  2.6536203522504894e-14  1.3698893763342533e+10
  2.6692759295499021e-14  1.2923957409903318e+10
  2.6849315068493149e-14  1.2460310185154982e+10
  2.7005870841487276e-14  1.2796170488923767e+10
  2.7162426614481403e-14  1.3086964657797598e+10
  2.7318982387475531e-14  1.2586957480344273e+10
  2.7475538160469671e-14  1.1887363239208221e+10
  2.7632093933463798e-14  1.1905984843210052e+10
  2.7788649706457925e-14  1.2353639523108305e+10
  2.7945205479452053e-14  1.2238620719356852e+10
  2.8101761252446180e-14  1.1530366060867292e+10
  2.8258317025440308e-14  1.1191972701410181e+10
  2.8414872798434435e-14  1.1558283770002897e+10
  2.8571428571428575e-14  1.1789829302795618e+10
  2.8727984344422702e-14  1.1291792484497166e+10
  2.8884540117416830e-14  1.0700038383306993e+10
  2.9041095890410957e-14  1.0800178442184288e+10
  2.9197651663405085e-14  1.1216192903269506e+10
  2.9354207436399212e-14  1.1056698332118500e+10
  2.9510763209393339e-14  1.0408763076214790e+10
  2.9667318982387479e-14  1.0176347081818974e+10
  2.9823874755381607e-14  1.0560182225536386e+10
  2.9980430528375734e-14  1.0734501538726103e+10
  3.0136986301369861e-14  1.0239940960701426e+10
  3.0293542074363989e-14  9.7435123433017197e+09
  3.0450097847358116e-14  9.9087783589294243e+09
  3.0606653620352244e-14  1.0289233227615408e+10
  3.0763209393346384e-14  1.0089687369613073e+10
  3.0919765166340511e-14  9.4977667395700188e+09
  3.1076320939334638e-14  9.3563919286634502e+09
  3.1232876712328766e-14  9.7478732620394325e+09
  3.1389432485322893e-14  9.8673284972980652e+09
  3.1545988258317020e-14  9.3782458618008957e+09
  3.1702544031311148e-14  8.9675605350002632e+09
  3.1859099804305288e-14  9.1850240973016376e+09
  3.2015655577299415e-14  9.5272424501020756e+09
  3.2172211350293543e-14  9.2919584335770130e+09
  3.2328767123287670e-14  8.7531469343191280e+09
  3.2485322896281797e-14  8.6909354407805061e+09
  3.2641878669275925e-14  9.0822813219033260e+09
  3.2798434442270052e-14  9.1493627561355305e+09
  3.2954990215264192e-14  8.6680401847352676e+09
  3.3111545988258320e-14  8.3355999427335415e+09
  3.3268101761252447e-14  8.5947902319564857e+09
  3.3424657534246574e-14  8.8969086112244034e+09
  3.3581213307240702e-14  8.6300397231267605e+09
  3.3737769080234829e-14  8.1424155358141680e+09
  3.3894324853228956e-14  8.1496964426868382e+09
  3.4050880626223096e-14  8.5346012526608486e+09
  3.4207436399217224e-14  8.5518217985074701e+09
  3.4363992172211351e-14  8.0807055609714298e+09
  3.4520547945205479e-14  7.8205292477619505e+09
  3.4677103718199606e-14  8.1127547895781832e+09
  3.4833659491193733e-14  8.3734539167434206e+09
  3.4990215264187861e-14  8.0789901838812799e+09
  3.5146771037182001e-14  7.6413446146004400e+09
  3.5303326810176128e-14  7.7100699638455973e+09
  3.5459882583170255e-14  8.0832863323071690e+09
  3.5616438356164383e-14  8.0531325268709898e+09
  3.5772994129158510e-14  7.5947722657417669e+09
  3.5929549902152638e-14  7.4020057283200197e+09
  3.6086105675146765e-14  7.7198830541842499e+09
  3.6242661448140892e-14  7.9382142400878792e+09
  3.6399217221135032e-14  7.6200011089768410e+09
  3.6555772994129160e-14  7.2316585608115845e+09
  3.6712328767123287e-14  7.3549911533016682e+09
  3.6868884540117414e-14  7.7120400038708382e+09
  3.7025440313111542e-14  7.6369543969312305e+09
  3.7181996086105669e-14  7.1939752754219418e+09
  3.7338551859099797e-14  7.0646164379127378e+09
  3.7495107632093937e-14  7.4017330802177515e+09
  3.7651663405088064e-14  7.5770037381020021e+09
  3.7808219178082191e-14  7.2387717274889307e+09
  3.7964774951076319e-14  6.8994685652599163e+09
  3.8121330724070446e-14  7.0714836092823868e+09
  3.8277886497064574e-14  7.4084472620080976e+09
  3.8434442270058701e-14  7.2908285707469778e+09
  3.8590998043052841e-14  6.8659236693505325e+09
  3.8747553816046968e-14  6.7966246808931551e+09
  3.8904109589041096e-14  7.1472917968269796e+09
  3.9060665362035223e-14  7.2789886616025743e+09
  3.9217221135029350e-14  6.9243884815403156e+09
  3.9373776908023478e-14  6.6341912282932577e+09
  3.9530332681017605e-14  6.8496550797056637e+09
  3.9686888454011745e-14  7.1630257483310509e+09
  3.9843444227005873e-14  7.0052396072882547e+09
  4.0000000000000000e-14  6.6011753610456047e+09
