#FileSignature: 0
#legend: No Name
#sim_duration: 0.004082
#title_str: z = 
#tlabel: z
#tscale: 0.007058
#tscale_str: $L_{NL}$
#tunit_str: m
#xcordID: T
#xlabel: t
#xscale: 0.000000
#xscale_str: $t_{p}$
#xunit_str: s
#ycordID: I
#ylabel: I
#yscale: 550000000000000.000000
#yscale_str: $I_{0}$
#yunit_str: W/m$^{2}$
 -4.0000000000000000e-14  1.9392176837676346e+09
 -3.9843444227005873e-14  1.9466425424322519e+09
 -3.9686888454011739e-14  1.9614366472672324e+09
 -3.9530332681017612e-14  1.9583725615579829e+09
 -3.9373776908023484e-14  1.9424919603095872e+09
 -3.9217221135029357e-14  1.9404998544372959e+09
 -3.9060665362035223e-14  1.9559671920460417e+09
 -3.8904109589041096e-14  1.9634793181230268e+09
 -3.8747553816046968e-14  1.9513097714679582e+09
 -3.8590998043052835e-14  1.9409744943027248e+09
 -3.8434442270058707e-14  1.9510674461348853e+09
 -3.8277886497064580e-14  1.9661575490806863e+09
 -3.8121330724070452e-14  1.9627663279798856e+09
 -3.7964774951076319e-14  1.9486985244465692e+09
 -3.7808219178082191e-14  1.9498505370968807e+09
 -3.7651663405088064e-14  1.9667926734190011e+09
 -3.7495107632093930e-14  1.9739107777869146e+09
 -3.7338551859099803e-14  1.9623806006774178e+09
 -3.7181996086105676e-14  1.9548842882885306e+09
 -3.7025440313111548e-14  1.9675339833930302e+09
 -3.6868884540117414e-14  1.9829162468431711e+09
 -3.6712328767123287e-14  1.9793475653943484e+09
 -3.6555772994129160e-14  1.9671962746883724e+09
 -3.6399217221135026e-14  1.9714397285432642e+09
 -3.6242661448140899e-14  1.9898021119007862e+09
 -3.6086105675146771e-14  1.9966269704732683e+09
 -3.5929549902152644e-14  1.9858967053442945e+09
 -3.5772994129158510e-14  1.9812776235159519e+09
 -3.5616438356164383e-14  1.9964308666330316e+09
 -3.5459882583170255e-14  2.0121446675821786e+09
 -3.5303326810176122e-14  2.0085623432770672e+09
 -3.5146771037181994e-14  1.9984512534173787e+09
 -3.4990215264187867e-14  2.0057847693892934e+09
 -3.4833659491193740e-14  2.0255690853579450e+09
 -3.4677103718199612e-14  2.0322286597058456e+09
 -3.4520547945205479e-14  2.0224722665739617e+09
 -3.4363992172211351e-14  2.0208073316987805e+09
 -3.4207436399217224e-14  2.0384722876908786e+09
 -3.4050880626223090e-14  2.0546012161251864e+09
 -3.3894324853228963e-14  2.0511857057851121e+09
 -3.3737769080234835e-14  2.0432642532953446e+09
 -3.3581213307240708e-14  2.0537438112963185e+09
 -3.3424657534246574e-14  2.0750111561624410e+09
 -3.3268101761252447e-14  2.0816625830977864e+09
 -3.3111545988258320e-14  2.0730723294293325e+09
 -3.2954990215264186e-14  2.0744849183898752e+09
 -3.2798434442270058e-14  2.0947375409659169e+09
 -3.2641878669275931e-14  2.1114125670909293e+09
 -3.2485322896281804e-14  2.1083646605135105e+09
 -3.2328767123287670e-14  2.1028158896963856e+09
 -3.2172211350293543e-14  2.1165643366902633e+09
 -3.2015655577299415e-14  2.1394414175302722e+09
 -3.1859099804305282e-14  2.1462745750458548e+09
 -3.1702544031311154e-14  2.1390676140068715e+09
 -3.1545988258317027e-14  2.1437387384772162e+09
 -3.1389432485322899e-14  2.1667330786331201e+09
 -3.1232876712328766e-14  2.1841381085975213e+09
 -3.1076320939334638e-14  2.1816841304798927e+09
 -3.0919765166340511e-14  2.1787355121245427e+09
 -3.0763209393346377e-14  2.1959565783332248e+09
 -3.0606653620352250e-14  2.2206455238716836e+09
 -3.0450097847358122e-14  2.2278884242267947e+09
 -3.0293542074363995e-14  2.2223157461867800e+09
 -3.0136986301369861e-14  2.2304998598942032e+09
 -2.9980430528375734e-14  2.2564833487965112e+09
 -2.9823874755381607e-14  2.2748636454286966e+09
 -2.9667318982387473e-14  2.2732626659913754e+09
 -2.9510763209393346e-14  2.2732011123403687e+09
 -2.9354207436399218e-14  2.2941994873671942e+09
 -2.9197651663405091e-14  2.3209922295692005e+09
 -2.9041095890410957e-14  2.3289187428300066e+09
 -2.8884540117416830e-14  2.3252775725162501e+09
 -2.8727984344422702e-14  2.3373248683724480e+09
 -2.8571428571428569e-14  2.3666601847153153e+09
 -2.8414872798434441e-14  2.3863344300813103e+09
 -2.8258317025440314e-14  2.3858883542551565e+09
 -2.8101761252446183e-14  2.3890813592399101e+09
 -2.7945205479452053e-14  2.4142911381042371e+09
 -2.7788649706457925e-14  2.4435897586012564e+09
 -2.7632093933463798e-14  2.4525304432729826e+09
 -2.7475538160469668e-14  2.4511817894213166e+09
 -2.7318982387475537e-14  2.4675698550053592e+09
 -2.7162426614481410e-14  2.5007657866180677e+09
 -2.7005870841487282e-14  2.5221429038196454e+09
 -2.6849315068493152e-14  2.5232107575238872e+09
 -2.6692759295499021e-14  2.5301366507593222e+09
 -2.6536203522504894e-14  2.5601617084551172e+09
 -2.6379647749510763e-14  2.5925068784489880e+09
 -2.6223091976516633e-14  2.6028641122967110e+09
 -2.6066536203522505e-14  2.6042581040301313e+09
 -2.5909980430528378e-14  2.6256373282396817e+09
 -2.5753424657534247e-14  2.6633923037546349e+09
 -2.5596868884540117e-14  2.6869947866579447e+09
 -2.5440313111545990e-14  2.6900133171241159e+09
 -2.5283757338551859e-14  2.7013052596069770e+09
 -2.5127201565557732e-14  2.7369769439159155e+09
 -2.4970645792563601e-14  2.7730876735755658e+09
 -2.4814090019569471e-14  2.7853570510637059e+09
 -2.4657534246575343e-14  2.7900703357722754e+09
 -2.4500978473581213e-14  2.8173298625997925e+09
 -2.4344422700587085e-14  2.8605936331978197e+09
 -2.4187866927592955e-14  2.8870900364667897e+09
 -2.4031311154598827e-14  2.8926042422638192e+09
 -2.3874755381604697e-14  2.9091155571959701e+09
 -2.3718199608610569e-14  2.9515760577848511e+09
 -2.3561643835616439e-14  2.9924053482657280e+09
 -2.3405088062622308e-14  3.0072062410779185e+09
 -2.3248532289628181e-14  3.0159986560493908e+09
 -2.3091976516634050e-14  3.0503644039326611e+09
 -2.2935420743639923e-14  3.1004268004561248e+09
 -2.2778864970645793e-14  3.1306768182622609e+09
 -2.2622309197651665e-14  3.1393849276945925e+09
 -2.2465753424657535e-14  3.1622878117600651e+09
 -2.2309197651663404e-14  3.2131148293522992e+09
 -2.2152641878669277e-14  3.2599315155763063e+09
 -2.1996086105675146e-14  3.2780507294809160e+09
 -2.1839530332681019e-14  3.2919468042688694e+09
 -2.1682974559686888e-14  3.3351251874470448e+09
 -2.1526418786692761e-14  3.3937525002372689e+09
 -2.1369863013698630e-14  3.4288857035758996e+09
 -2.1213307240704500e-14  3.4417110953251581e+09
 -2.1056751467710372e-14  3.4726263624823012e+09
 -2.0900195694716242e-14  3.5339938271103354e+09
 -2.0743639921722114e-14  3.5885153285101500e+09
 -2.0587084148727984e-14  3.6110317931616545e+09
 -2.0430528375733857e-14  3.6314843658427820e+09
 -2.0273972602739726e-14  3.6858174394329720e+09
 -2.0117416829745599e-14  3.7553324463886786e+09
 -1.9960861056751468e-14  3.7968551011363072e+09
 -1.9804305283757338e-14  3.8152591433371720e+09
 -1.9647749510763210e-14  3.8566741251857400e+09
 -1.9491193737769080e-14  3.9314766911156893e+09
 -1.9334637964774952e-14  3.9955957969514022e+09
 -1.9178082191780822e-14  4.0238125235473499e+09
 -1.9021526418786694e-14  4.0534890399822159e+09
 -1.8864970645792564e-14  4.1231478483782797e+09
 -1.8708414872798436e-14  4.2066220439981894e+09
 -1.8551859099804306e-14  4.2551030999444485e+09
 -1.8395303326810175e-14  4.2800200800596800e+09
 -1.8238747553816048e-14  4.3368339161286488e+09
 -1.8082191780821917e-14  4.4322826111794062e+09
 -1.7925636007827790e-14  4.5095362826673546e+09
 -1.7769080234833660e-14  4.5412647803628569e+09
 -1.7612524461839532e-14  4.5787414587790775e+09
 -1.7455968688845402e-14  4.6710400015510035e+09
 -1.7299412915851271e-14  4.7825065759782066e+09
 -1.7142857142857144e-14  4.8460274930597496e+09
 -1.6986301369863013e-14  4.8706862161014900e+09
 -1.6829745596868886e-14  4.9307603949163609e+09
 -1.6673189823874755e-14  5.0516382636337299e+09
 -1.6516634050880628e-14  5.1718966156907187e+09
 -1.6360078277886497e-14  5.2364812041178112e+09
 -1.6203522504892367e-14  5.2722866114024105e+09
 -1.6046966731898239e-14  5.3406199377333269e+09
 -1.5890410958904109e-14  5.4578634972383356e+09
 -1.5733855185909982e-14  5.5959657813362627e+09
 -1.5577299412915851e-14  5.7209526245306530e+09
 -1.5420743639921724e-14  5.7980852700064497e+09
 -1.5264187866927593e-14  5.8138681762383089e+09
 -1.5107632093933466e-14  5.8448315295031338e+09
 -1.4951076320939335e-14  6.0282877077509289e+09
 -1.4794520547945205e-14  6.3539650675271540e+09
 -1.4637964774951077e-14  6.5525578332279549e+09
 -1.4481409001956947e-14  6.3981089286403999e+09
 -1.4324853228962819e-14  6.1431590540513935e+09
 -1.4168297455968689e-14  6.3664546738268623e+09
 -1.4011741682974561e-14  7.1656051183313618e+09
 -1.3855185909980431e-14  7.7474387417174139e+09
 -1.3698630136986304e-14  7.3027860157175426e+09
 -1.3542074363992173e-14  6.3099716534153233e+09
 -1.3385518590998042e-14  6.3390429031977625e+09
 -1.3228962818003915e-14  8.0428649731784821e+09
 -1.3072407045009785e-14  9.7652510439259720e+09
 -1.2915851272015657e-14  9.1732577673216991e+09
 -1.2759295499021527e-14  6.5676226608072062e+09
 -1.2602739726027399e-14  5.4586736882958202e+09
 -1.2446183953033269e-14  8.5043382583888521e+09
 -1.2289628180039138e-14  1.3192045698508204e+10
 -1.2133072407045011e-14  1.3652204495228807e+10
 -1.1976516634050880e-14  8.1893518716220484e+09
 -1.1819960861056753e-14  3.4241051227596745e+09
 -1.1663405088062622e-14  7.5892013690000982e+09
 -1.1506849315068495e-14  1.8907583511131390e+10
 -1.1350293542074368e-14  2.4549008488101135e+10
 -1.1193737769080234e-14  1.5687922154696301e+10
 -1.1037181996086107e-14  2.2040996405348253e+09
 -1.0880626223091979e-14  4.9710594612385244e+09
 -1.0724070450097845e-14  2.9006111457427177e+10
 -1.0567514677103718e-14  5.0537737048311935e+10
 -1.0410958904109591e-14  4.2251174183727196e+10
 -1.0254403131115463e-14  1.2736389750211834e+10
 -1.0097847358121330e-14  6.5638908342865763e+09
 -9.9412915851272022e-15  5.1314126684349358e+10
 -9.7847358121330748e-15  1.1190028366577960e+11
 -9.6281800391389412e-15  1.2205167725292004e+11
 -9.4716242661448138e-15  7.2018620984531799e+10
 -9.3150684931506864e-15  4.1903335720448708e+10
 -9.1585127201565590e-15  1.1446993112149771e+11
 -9.0019569471624253e-15  2.5708904317818561e+11
 -8.8454011741682979e-15  3.3544330584145172e+11
 -8.6888454011741706e-15  2.7919540618373712e+11
 -8.5322896281800369e-15  2.0489813774348242e+11
 -8.3757338551859095e-15  3.0576800525753546e+11
 -8.2191780821917821e-15  5.9971669322388037e+11
 -8.0626223091976547e-15  8.5787733209592200e+11
 -7.9060665362035210e-15  8.6722619111526758e+11
 -7.7495107632093937e-15  7.4375574941901538e+11
 -7.5929549902152663e-15  8.6197401118832812e+11
 -7.4363992172211389e-15  1.3972651311885784e+12
 -7.2798434442270052e-15  2.0294889501143494e+12
 -7.1232876712328778e-15  2.2721032746639370e+12
 -6.9667318982387504e-15  2.1239428555320352e+12
 -6.8101761252446168e-15  2.2060032337037148e+12
 -6.6536203522504894e-15  3.0619861735403047e+12
 -6.4970645792563620e-15  4.4000838565798213e+12
 -6.3405088062622346e-15  5.3231687691766377e+12
 -6.1839530332681009e-15  5.4534294116945479e+12
 -6.0273972602739735e-15  5.5790628658283848e+12
 -5.8708414872798462e-15  6.8041035987144502e+12
 -5.7142857142857125e-15  9.0494575320512266e+12
 -5.5577299412915851e-15  1.0858657272382996e+13
 -5.4011741682974577e-15  1.1086702665152113e+13
 -5.2446183953033303e-15  1.0568785600188582e+13
 -5.0880626223091966e-15  1.1491363465211072e+13
 -4.9315068493150693e-15  1.4872032074620539e+13
 -4.7749510763209419e-15  1.9193717936759312e+13
 -4.6183953033268082e-15  2.2184501687720031e+13
 -4.4618395303326808e-15  2.3761602998818926e+13
 -4.3052837573385534e-15  2.6231988020099242e+13
 -4.1487279843444261e-15  3.1003202425008656e+13
 -3.9921722113502924e-15  3.5840214461620617e+13
 -3.8356164383561650e-15  3.6757087197669680e+13
 -3.6790606653620376e-15  3.3008049007893648e+13
 -3.5225048923679039e-15  2.9070232312950902e+13
 -3.3659491193737765e-15  3.0449864525669137e+13
 -3.2093933463796492e-15  3.7849147324191016e+13
 -3.0528375733855218e-15  4.6989862767348625e+13
 -2.8962818003913881e-15  5.4695523843261367e+13
 -2.7397260273972607e-15  6.3378772757926664e+13
 -2.5831702544031333e-15  7.7169231362884969e+13
 -2.4266144814089996e-15  9.3609070240531344e+13
 -2.2700587084148723e-15  1.0209730108673561e+14
 -2.1135029354207449e-15  9.3547455944722156e+13
 -1.9569471624266175e-15  7.1594967210890250e+13
 -1.8003913894324838e-15  5.1643088657819438e+13
 -1.6438356164383564e-15  4.6957848461900445e+13
 -1.4872798434442290e-15  5.6730985461914805e+13
 -1.3307240704501017e-15  6.9970416753488469e+13
 -1.1741682974559680e-15  8.0782954766682953e+13
 -1.0176125244618406e-15  9.6302411257267094e+13
 -8.6105675146771321e-16  1.2637640287317386e+14
 -7.0450097847357952e-16  1.6626018369446378e+14
 -5.4794520547945214e-16  1.9378356565761722e+14
 -3.9138943248532476e-16  1.8731841763339916e+14
 -2.3483365949119738e-16  1.4688705969307878e+14
 -7.8277886497063690e-17  9.5861312486924922e+13
  7.8277886497063690e-17  6.1253114524944438e+13
  2.3483365949119107e-16  5.3344345662391555e+13
  3.9138943248532476e-16  6.4585812936664617e+13
  5.4794520547945214e-16  8.5079455720601453e+13
  7.0450097847357952e-16  1.1420924773735917e+14
  8.6105675146770690e-16  1.5500875954752306e+14
  1.0176125244618406e-15  2.0003760364624444e+14
  1.1741682974559680e-15  2.2824244047637419e+14
  1.3307240704500954e-15  2.1947982119642644e+14
  1.4872798434442290e-15  1.7274887624229697e+14
  1.6438356164383564e-15  1.0949255850572584e+14
  1.8003913894324838e-15  5.8900043831049859e+13
  1.9569471624266112e-15  3.9551030296427039e+13
  2.1135029354207449e-15  5.2507472818572453e+13
  2.2700587084148723e-15  8.6992857326951734e+13
  2.4266144814089996e-15  1.2857102998390784e+14
  2.5831702544031270e-15  1.6249263816280816e+14
  2.7397260273972607e-15  1.7487203378042134e+14
  2.8962818003913881e-15  1.5749894397577225e+14
  3.0528375733855155e-15  1.1494107782840061e+14
  3.2093933463796492e-15  6.5610870870361898e+13
  3.3659491193737765e-15  3.1953485080652434e+13
  3.5225048923679039e-15  2.5932914725720336e+13
  3.6790606653620313e-15  4.1951203216860594e+13
  3.8356164383561650e-15  6.3044271653416484e+13
  3.9921722113502924e-15  7.4148236831618969e+13
  4.1487279843444197e-15  7.0888891609549094e+13
  4.3052837573385534e-15  5.8286710140407625e+13
  4.4618395303326808e-15  4.3600092400390680e+13
  4.6183953033268082e-15  3.1119052069741070e+13
  4.7749510763209356e-15  2.2101037005783867e+13
  4.9315068493150693e-15  1.6953373160569629e+13
  5.0880626223091966e-15  1.5838090269713959e+13
  5.2446183953033240e-15  1.7556296869955496e+13
  5.4011741682974577e-15  1.9313575347432844e+13
  5.5577299412915851e-15  1.8578939279402023e+13
  5.7142857142857125e-15  1.5170398288089672e+13
  5.8708414872798399e-15  1.1134374608481674e+13
  6.0273972602739735e-15  8.5308610576689082e+12
  6.1839530332681009e-15  7.5838221658212500e+12
  6.3405088062622283e-15  7.0238909190580547e+12
  6.4970645792563620e-15  5.8488332669503711e+12
  6.6536203522504894e-15  4.3417507218690176e+12
  6.8101761252446168e-15  3.4036789833010640e+12
  6.9667318982387441e-15  3.3060339871102080e+12
  7.1232876712328778e-15  3.4085212837600708e+12
  7.2798434442270052e-15  3.0011342834108506e+12
  7.4363992172211326e-15  2.1097543073145928e+12
  7.5929549902152663e-15  1.3446822317743965e+12
  7.7495107632093937e-15  1.1215755689942043e+12
  7.9060665362035210e-15  1.2393448036410093e+12
  8.0626223091976484e-15  1.2203393078360396e+12
  8.2191780821917821e-15  8.8752163668369641e+11
  8.3757338551859095e-15  4.9002724158867310e+11
  8.5322896281800369e-15  3.2987600412143530e+11
  8.6888454011741642e-15  4.0892960978501978e+11
  8.8454011741682979e-15  4.8521414432266998e+11
  9.0019569471624253e-15  3.8943941179075739e+11
  9.1585127201565527e-15  1.9388588371079828e+11
  9.3150684931506864e-15  7.7494722640847549e+10
  9.4716242661448138e-15  1.0284868803173679e+11
  9.6281800391389412e-15  1.7155919194121515e+11
  9.7847358121330685e-15  1.6763769740070407e+11
  9.9412915851272022e-15  8.7836520845909256e+10
  1.0097847358121330e-14  1.7843820752467686e+10
  1.0254403131115457e-14  1.6185962280879070e+10
  1.0410958904109591e-14  5.5575822561358368e+10
  1.0567514677103718e-14  7.2909246961383392e+10
  1.0724070450097845e-14  4.6788363597518532e+10
  1.0880626223091973e-14  1.0334609278798941e+10
  1.1037181996086107e-14  9.2185881363140726e+08
  1.1193737769080234e-14  1.7865594031563717e+10
  1.1350293542074361e-14  3.2720114977879868e+10
  1.1506849315068495e-14  2.7446139971322624e+10
  1.1663405088062622e-14  1.1222558615829800e+10
  1.1819960861056750e-14  3.0239869121030083e+09
  1.1976516634050877e-14  8.2289971505684891e+09
  1.2133072407045011e-14  1.6488230331970112e+10
  1.2289628180039138e-14  1.7281406456828854e+10
  1.2446183953033266e-14  1.1246816667742281e+10
  1.2602739726027393e-14  6.2327905473477097e+09
  1.2759295499021527e-14  6.7927955927597017e+09
  1.2915851272015654e-14  1.0312138565669231e+10
  1.3072407045009781e-14  1.1881885173619678e+10
  1.3228962818003915e-14  1.0120710241506374e+10
  1.3385518590998042e-14  7.5656817303256760e+09
  1.3542074363992170e-14  6.8771488057505436e+09
  1.3698630136986297e-14  8.0279617186215906e+09
  1.3855185909980431e-14  9.0780864444765282e+09
  1.4011741682974558e-14  8.7276749604501266e+09
  1.4168297455968686e-14  7.5291767848736868e+09
  1.4324853228962819e-14  6.8255525303159876e+09
  1.4481409001956947e-14  7.0855622285363426e+09
  1.4637964774951074e-14  7.5884272402627411e+09
  1.4794520547945201e-14  7.5239022542990398e+09
  1.4951076320939335e-14  6.9513852292531776e+09
  1.5107632093933463e-14  6.5186023235463486e+09
  1.5264187866927590e-14  6.5372641205094166e+09
  1.5420743639921724e-14  6.6897109008411036e+09
  1.5577299412915851e-14  6.5934269266699238e+09
  1.5733855185909978e-14  6.3021958424629908e+09
  1.5890410958904106e-14  6.1061827920978136e+09
  1.6046966731898239e-14  6.0747603111430597e+09
  1.6203522504892367e-14  6.0330486261321478e+09
  1.6360078277886494e-14  5.8898562845292358e+09
  1.6516634050880628e-14  5.7478299242466135e+09
  1.6673189823874755e-14  5.6837250306846256e+09
  1.6829745596868883e-14  5.6209522039050560e+09
  1.6986301369863010e-14  5.4887111867828894e+09
  1.7142857142857137e-14  5.3557395884779139e+09
  1.7299412915851265e-14  5.3042469683519554e+09
  1.7455968688845405e-14  5.2781891776240520e+09
  1.7612524461839532e-14  5.1762085832351208e+09
  1.7769080234833660e-14  5.0273909298706236e+09
  1.7925636007827787e-14  4.9452136750172272e+09
  1.8082191780821914e-14  4.9368720341237173e+09
  1.8238747553816042e-14  4.8909171416065969e+09
  1.8395303326810169e-14  4.7629240196296101e+09
  1.8551859099804309e-14  4.6472268538196650e+09
  1.8708414872798436e-14  4.6181402984873905e+09
  1.8864970645792564e-14  4.6087109385362720e+09
  1.9021526418786691e-14  4.5255376930123863e+09
  1.9178082191780819e-14  4.4028039542143583e+09
  1.9334637964774946e-14  4.3408602901674557e+09
  1.9491193737769073e-14  4.3385401192260704e+09
  1.9647749510763213e-14  4.2992014443514843e+09
  1.9804305283757341e-14  4.1937232301748586e+09
  1.9960861056751468e-14  4.1057459623929429e+09
  2.0117416829745596e-14  4.0891180492932262e+09
  2.0273972602739723e-14  4.0799762684969440e+09
  2.0430528375733850e-14  4.0066135177746172e+09
  2.0587084148727978e-14  3.9083197825256457e+09
  2.0743639921722118e-14  3.8663919568085170e+09
  2.0900195694716245e-14  3.8680410810496988e+09
  2.1056751467710372e-14  3.8306833475079274e+09
  2.1213307240704500e-14  3.7409606460910511e+09
  2.1369863013698627e-14  3.6745392413884578e+09
  2.1526418786692755e-14  3.6678459674905095e+09
  2.1682974559686882e-14  3.6589315071320348e+09
  2.1839530332681022e-14  3.5931580445511584e+09
  2.1996086105675149e-14  3.5134398707334914e+09
  2.2152641878669277e-14  3.4860654739769154e+09
  2.2309197651663404e-14  3.4900937713063312e+09
  2.2465753424657531e-14  3.4546699162651258e+09
  2.2622309197651659e-14  3.3779188803241830e+09
  2.2778864970645786e-14  3.3279522566786585e+09
  2.2935420743639926e-14  3.3278503204021511e+09
  2.3091976516634054e-14  3.3186781337213244e+09
  2.3248532289628181e-14  3.2595458739606624e+09
  2.3405088062622308e-14  3.1948630236467609e+09
  2.3561643835616436e-14  3.1782299710962353e+09
  2.3718199608610563e-14  3.1832412996331310e+09
  2.3874755381604690e-14  3.1494824557266345e+09
  2.4031311154598830e-14  3.0836665763926587e+09
  2.4187866927592958e-14  3.0466377514672976e+09
  2.4344422700587085e-14  3.0509166699201136e+09
  2.4500978473581213e-14  3.0411825909362788e+09
  2.4657534246575340e-14  2.9878589694596539e+09
  2.4814090019569467e-14  2.9355116317769699e+09
  2.4970645792563595e-14  2.9269207988109436e+09
  2.5127201565557722e-14  2.9320731947427220e+09
  2.5283757338551862e-14  2.8998190234837880e+09
  2.5440313111545990e-14  2.8433226092952433e+09
  2.5596868884540117e-14  2.8165820796592770e+09
  2.5753424657534244e-14  2.8237141712232370e+09
  2.5909980430528372e-14  2.8133060434050336e+09
  2.6066536203522499e-14  2.7651448582164531e+09
  2.6223091976516626e-14  2.7230412283896966e+09
  2.6379647749510766e-14  2.7205049379586287e+09
  2.6536203522504894e-14  2.7252781921762471e+09
  2.6692759295499021e-14  2.6944458056312108e+09
  2.6849315068493149e-14  2.6459940037444859e+09
  2.7005870841487276e-14  2.6275219484502549e+09
  2.7162426614481403e-14  2.6364318264866414e+09
  2.7318982387475531e-14  2.6253404237941370e+09
  2.7475538160469671e-14  2.5818313725540948e+09
  2.7632093933463798e-14  2.5483335717083349e+09
  2.7788649706457925e-14  2.5503710099018865e+09
  2.7945205479452053e-14  2.5544531138023319e+09
  2.8101761252446180e-14  2.5250044721556149e+09
  2.8258317025440308e-14  2.4835775529150443e+09
  2.8414872798434435e-14  2.4718143723737803e+09
  2.8571428571428575e-14  2.4817410652435975e+09
  2.8727984344422702e-14  2.4700177807503877e+09
  2.8884540117416830e-14  2.4307519221405373e+09
  2.9041095890410957e-14  2.4045613013902144e+09
  2.9197651663405085e-14  2.4100568546825132e+09
  2.9354207436399212e-14  2.4132739278089724e+09
  2.9510763209393339e-14  2.3851995189159427e+09
  2.9667318982387479e-14  2.3499728758015280e+09
  2.9823874755381607e-14  2.3437003104746256e+09
  2.9980430528375734e-14  2.3541046167232184e+09
  3.0136986301369861e-14  2.3418363903869643e+09
  3.0293542074363989e-14  2.3064829189615049e+09
  3.0450097847358116e-14  2.2865589811235085e+09
  3.0606653620352244e-14  2.2946647808850851e+09
  3.0763209393346384e-14  2.2969357832901812e+09
  3.0919765166340511e-14  2.2702449600482287e+09
  3.1076320939334638e-14  2.2405459626929722e+09
  3.1232876712328766e-14  2.2388033675870872e+09
  3.1389432485322893e-14  2.2493053052020416e+09
  3.1545988258317020e-14  2.2365996415526090e+09
  3.1702544031311148e-14  2.2048894609031053e+09
  3.1859099804305288e-14  2.1903914725205350e+09
  3.2015655577299415e-14  2.2004594220697722e+09
  3.2172211350293543e-14  2.2017666702107701e+09
  3.2328767123287670e-14  2.1764819674319816e+09
  3.2485322896281797e-14  2.1517584405174065e+09
  3.2641878669275925e-14  2.1537829243741326e+09
  3.2798434442270052e-14  2.1641188940717101e+09
  3.2954990215264192e-14  2.1510950117020206e+09
  3.3111545988258320e-14  2.1228089781992795e+09
  3.3268101761252447e-14  2.1130534184804349e+09
  3.3424657534246574e-14  2.1245871438695779e+09
  3.3581213307240702e-14  2.1249569551535363e+09
  3.3737769080234829e-14  2.1011108506150544e+09
  3.3894324853228956e-14  2.0809078420946023e+09
  3.4050880626223096e-14  2.0860909765334473e+09
  3.4207436399217224e-14  2.0960840944534881e+09
  3.4363992172211351e-14  2.0828678706344352e+09
  3.4520547945205479e-14  2.0578283651076026e+09
  3.4677103718199606e-14  2.0522576484578807e+09
  3.4833659491193733e-14  2.0648781563121111e+09
  3.4990215264187861e-14  2.0643681041617968e+09
  3.5146771037182001e-14  2.0420013662950063e+09
  3.5303326810176128e-14  2.0259439985192785e+09
  3.5459882583170255e-14  2.0338002594934492e+09
  3.5616438356164383e-14  2.0433396270224915e+09
  3.5772994129158510e-14  2.0300609234068546e+09
  3.5929549902152638e-14  2.0081259076611810e+09
  3.6086105675146765e-14  2.0062853498011465e+09
  3.6242661448140892e-14  2.0197063245365663e+09
  3.6399217221135032e-14  2.0183968746873784e+09
  3.6555772994129160e-14  1.9975579704456427e+09
  3.6712328767123287e-14  1.9853388721440043e+09
  3.6868884540117414e-14  1.9954825985164809e+09
  3.7025440313111542e-14  2.0045087910693538e+09
  3.7181996086105669e-14  1.9913003103337049e+09
  3.7338551859099797e-14  1.9723592842393720e+09
  3.7495107632093937e-14  1.9738802169621501e+09
  3.7651663405088064e-14  1.9878902602896910e+09
  3.7808219178082191e-14  1.9858794172837751e+09
  3.7964774951076319e-14  1.9666247057915916e+09
  3.8121330724070446e-14  1.9579949765258372e+09
  3.8277886497064574e-14  1.9701236240601852e+09
  3.8434442270058701e-14  1.9786186109537425e+09
  3.8590998043052841e-14  1.9656158286248121e+09
  3.8747553816046968e-14  1.9495873606713579e+09
  3.8904109589041096e-14  1.9541749531412995e+09
  3.9060665362035223e-14  1.9686249065598528e+09
  3.9217221135029350e-14  1.9660249829395466e+09
  3.9373776908023478e-14  1.9484196001887703e+09
  3.9530332681017605e-14  1.9431826543054528e+09
  3.9686888454011745e-14  1.9570648359574251e+09
  3.9843444227005873e-14  1.9650451092096388e+09
  4.0000000000000000e-14  1.9523870070159028e+09
