#FileSignature: 0
#legend: No Name
#sim_duration: 0.008339
#title_str: z = 
#tlabel: z
#tscale: 0.007058
#tscale_str: $L_{NL}$
#tunit_str: m
#xcordID: T
#xlabel: t
#xscale: 0.000000
#xscale_str: $t_{p}$
#xunit_str: s
#ycordID: I
#ylabel: I
#yscale: 550000000000000.000000
#yscale_str: $I_{0}$
#yunit_str: W/m$^{2}$
 -4.0000000000000000e-14  7.2657846827978778e+08
 -3.9843444227005873e-14  6.8765384720689094e+08
 -3.9686888454011739e-14  6.3160767533722246e+08
 -3.9530332681017612e-14  6.5249599131700277e+08
 -3.9373776908023484e-14  7.1489950248376966e+08
 -3.9217221135029357e-14  7.1366193116275382e+08
 -3.9060665362035223e-14  6.5090098800764847e+08
 -3.8904109589041096e-14  6.3235885037116909e+08
 -3.8747553816046968e-14  6.8937826444313562e+08
 -3.8590998043052835e-14  7.2618753058311391e+08
 -3.8434442270058707e-14  6.8114508857040405e+08
 -3.8277886497064580e-14  6.3049530645026398e+08
 -3.8121330724070452e-14  6.6001176459478486e+08
 -3.7964774951076319e-14  7.2059317337848163e+08
 -3.7808219178082191e-14  7.1089750326944840e+08
 -3.7651663405088064e-14  6.4796129537990069e+08
 -3.7495107632093930e-14  6.3858071873479211e+08
 -3.7338551859099803e-14  6.9952563542116654e+08
 -3.7181996086105676e-14  7.2921541292899776e+08
 -3.7025440313111548e-14  6.7869030619880259e+08
 -3.6868884540117414e-14  6.3414588969301975e+08
 -3.6712328767123287e-14  6.7191323361354983e+08
 -3.6555772994129160e-14  7.2984813927785695e+08
 -3.6399217221135026e-14  7.1180364863349366e+08
 -3.6242661448140899e-14  6.4957364175494850e+08
 -3.6086105675146771e-14  6.4957078288640487e+08
 -3.5929549902152644e-14  7.1365615940159547e+08
 -3.5772994129158510e-14  7.3576344219729125e+08
 -3.5616438356164383e-14  6.8040945075919878e+08
 -3.5459882583170255e-14  6.4269009244743288e+08
 -3.5303326810176122e-14  6.8833301655004978e+08
 -3.5146771037181994e-14  7.4280290758977950e+08
 -3.4990215264187867e-14  7.1653875143088889e+08
 -3.4833659491193740e-14  6.5591968404008687e+08
 -3.4677103718199612e-14  6.6551838288115931e+08
 -3.4520547945205479e-14  7.3195490786591947e+08
 -3.4363992172211351e-14  7.4602593037965834e+08
 -3.4207436399217224e-14  6.8652693210959196e+08
 -3.4050880626223090e-14  6.5637583825236452e+08
 -3.3894324853228963e-14  7.0951540517444444e+08
 -3.3737769080234835e-14  7.5969467293502378e+08
 -3.3581213307240708e-14  7.2536313865460443e+08
 -3.3424657534246574e-14  6.6729938008406210e+08
 -3.3268101761252447e-14  6.8673557057714367e+08
 -3.3111545988258320e-14  7.5471685260335636e+08
 -3.2954990215264186e-14  7.6030075345067418e+08
 -3.2798434442270058e-14  6.9738425979726684e+08
 -3.2641878669275931e-14  6.7558193634869719e+08
 -3.2485322896281804e-14  7.3582928729217947e+08
 -3.2328767123287670e-14  7.8087202429512477e+08
 -3.2172211350293543e-14  7.3865369436296749e+08
 -3.2015655577299415e-14  6.8414787908318806e+08
 -3.1859099804305282e-14  7.1367410340264535e+08
 -3.1702544031311154e-14  7.8236269773865557e+08
 -3.1545988258317027e-14  7.7900594590588152e+08
 -3.1389432485322899e-14  7.1345960257022560e+08
 -3.1232876712328766e-14  7.0083939844909823e+08
 -3.1076320939334638e-14  7.6778836257352757e+08
 -3.0919765166340511e-14  8.0681430803033721e+08
 -3.0763209393346377e-14  7.5692563730638587e+08
 -3.0606653620352250e-14  7.0706074313779378e+08
 -3.0450097847358122e-14  7.4695098192500341e+08
 -3.0293542074363995e-14  8.1546247092285860e+08
 -3.0136986301369861e-14  8.0270394662498236e+08
 -2.9980430528375734e-14  7.3539617814302266e+08
 -2.9823874755381607e-14  7.3286250613330030e+08
 -2.9667318982387473e-14  8.0608061622787523e+08
 -2.9510763209393346e-14  8.3815958146886575e+08
 -2.9354207436399218e-14  7.8086367483200264e+08
 -2.9197651663405091e-14  7.3683001888436401e+08
 -2.9041095890410957e-14  7.8738502797631645e+08
 -2.8884540117416830e-14  8.5476922352506995e+08
 -2.8727984344422702e-14  8.3213605088335466e+08
 -2.8571428571428569e-14  7.6404251379067302e+08
 -2.8414872798434441e-14  7.7259285488700080e+08
 -2.8258317025440314e-14  8.5161002590242481e+08
 -2.8101761252446183e-14  8.7574406652955985e+08
 -2.7945205479452053e-14  8.1136596256990814e+08
 -2.7788649706457925e-14  7.7449514378176165e+08
 -2.7632093933463798e-14  8.3604839695161963e+08
 -2.7475538160469668e-14  9.0126633865696836e+08
 -2.7318982387475537e-14  8.6827077214572549e+08
 -2.7162426614481410e-14  8.0050908276153791e+08
 -2.7005870841487282e-14  8.2126129532595158e+08
 -2.6849315068493152e-14  9.0555506881525433e+08
 -2.6692759295499021e-14  9.2065745441759813e+08
 -2.6536203522504894e-14  8.4960589421858561e+08
 -2.6379647749510763e-14  8.2141458517663956e+08
 -2.6223091976516633e-14  8.9433895038278282e+08
 -2.6066536203522505e-14  9.5623392323419046e+08
 -2.5909980430528378e-14  9.1237190569529366e+08
 -2.5753424657534247e-14  8.4624821016355360e+08
 -2.5596868884540117e-14  8.8047521063257420e+08
 -2.5440313111545990e-14  9.6945099003594279e+08
 -2.5283757338551859e-14  9.7432084023096073e+08
 -2.5127201565557732e-14  8.9711957510623074e+08
 -2.4970645792563601e-14  8.7936726347054231e+08
 -2.4814090019569471e-14  9.6408241138110149e+08
 -2.4657534246575343e-14  1.0213425269418837e+09
 -2.4500978473581213e-14  9.6609520192917192e+08
 -2.4344422700587085e-14  9.0316795823675859e+08
 -2.4187866927592955e-14  9.5234256797219801e+08
 -2.4031311154598827e-14  1.0453063621814908e+09
 -2.3874755381604697e-14  1.0385975765380821e+09
 -2.3718199608610569e-14  9.5593119860611403e+08
 -2.3561643835616439e-14  9.5069805745676804e+08
 -2.3405088062622308e-14  1.0476783320971038e+09
 -2.3248532289628181e-14  1.0987868468593512e+09
 -2.3091976516634050e-14  1.0316271212765740e+09
 -2.2935420743639923e-14  9.7379651980313599e+08
 -2.2778864970645793e-14  1.0396511281638684e+09
 -2.2622309197651665e-14  1.1357713991042902e+09
 -2.2465753424657535e-14  1.1159534680717349e+09
 -2.2309197651663404e-14  1.0287341679618270e+09
 -2.2152641878669277e-14  1.0385280462038400e+09
 -2.1996086105675146e-14  1.1483126901621261e+09
 -2.1839530332681019e-14  1.1914837448659282e+09
 -2.1682974559686888e-14  1.1118905394200637e+09
 -2.1526418786692761e-14  1.0615196622684946e+09
 -2.1369863013698630e-14  1.1461225342407076e+09
 -2.1213307240704500e-14  1.2443831896192977e+09
 -2.1056751467710372e-14  1.2097068100047700e+09
 -2.0900195694716242e-14  1.1191756513262987e+09
 -2.0743639921722114e-14  1.1470571180593650e+09
 -2.0587084148727984e-14  1.2702349947334936e+09
 -2.0430528375733857e-14  1.3033432207973635e+09
 -2.0273972602739726e-14  1.2108910286002810e+09
 -2.0117416829745599e-14  1.1710099503634803e+09
 -1.9960861056751468e-14  1.2767947278470814e+09
 -1.9804305283757338e-14  1.3758062048808401e+09
 -1.9647749510763210e-14  1.3242692428397162e+09
 -1.9491193737769080e-14  1.2323557645898015e+09
 -1.9334637964774952e-14  1.2823059558460748e+09
 -1.9178082191780822e-14  1.4193362974555211e+09
 -1.9021526418786694e-14  1.4393626835107713e+09
 -1.8864970645792564e-14  1.3336703651055455e+09
 -1.8708414872798436e-14  1.3088434252330911e+09
 -1.8551859099804306e-14  1.4395278193867946e+09
 -1.8395303326810175e-14  1.5372082350630071e+09
 -1.8238747553816048e-14  1.4650684802185810e+09
 -1.8082191780821917e-14  1.3736124227162952e+09
 -1.7925636007827790e-14  1.4521628101386242e+09
 -1.7769080234833660e-14  1.6063246828598449e+09
 -1.7612524461839532e-14  1.6099608167465470e+09
 -1.7455968688845402e-14  1.4868942780123954e+09
 -1.7299412915851271e-14  1.4786731943444839e+09
 -1.7142857142857144e-14  1.6409285883627250e+09
 -1.6986301369863013e-14  1.7435475523647523e+09
 -1.6829745596868886e-14  1.6517228334654319e+09
 -1.6673189823874755e-14  1.5545223877921205e+09
 -1.6516634050880628e-14  1.6530293085062430e+09
 -1.6360078277886497e-14  1.8258821216555915e+09
 -1.6203522504892367e-14  1.8328469230863280e+09
 -1.6046966731898239e-14  1.7136082479986887e+09
 -1.5890410958904109e-14  1.7117692491789217e+09
 -1.5733855185909982e-14  1.8619127986463003e+09
 -1.5577299412915851e-14  1.9471304759561610e+09
 -1.5420743639921724e-14  1.8876138487422662e+09
 -1.5264187866927593e-14  1.8700041813780510e+09
 -1.5107632093933466e-14  1.9880408384026332e+09
 -1.4951076320939335e-14  2.0524409639780569e+09
 -1.4794520547945205e-14  1.9537216618629990e+09
 -1.4637964774951077e-14  1.9357254281652293e+09
 -1.4481409001956947e-14  2.1954991415515962e+09
 -1.4324853228962819e-14  2.4280491944739761e+09
 -1.4168297455968689e-14  2.2190896966243191e+09
 -1.4011741682974561e-14  1.8185895405429759e+09
 -1.3855185909980431e-14  1.9604225846183443e+09
 -1.3698630136986304e-14  2.7291722004879847e+09
 -1.3542074363992173e-14  3.1683525843227243e+09
 -1.3385518590998042e-14  2.5289829398572879e+09
 -1.3228962818003915e-14  1.5632599149745431e+09
 -1.3072407045009785e-14  1.7970832982978756e+09
 -1.2915851272015657e-14  3.3998714625933914e+09
 -1.2759295499021527e-14  4.5442449162059526e+09
 -1.2602739726027399e-14  3.5589922606521015e+09
 -1.2446183953033269e-14  1.4182200056137786e+09
 -1.2289628180039138e-14  1.1086620781118650e+09
 -1.2133072407045011e-14  3.9736960706109352e+09
 -1.1976516634050880e-14  7.3081286315121765e+09
 -1.1819960861056753e-14  6.9170733861644897e+09
 -1.1663405088062622e-14  2.6400125662497854e+09
 -1.1506849315068495e-14  5.9570876340085775e+07
 -1.1350293542074368e-14  4.5722962388616238e+09
 -1.1193737769080234e-14  1.3511725439314486e+10
 -1.1037181996086107e-14  1.7106762795173954e+10
 -1.0880626223091979e-14  1.0347896724995687e+10
 -1.0724070450097845e-14  2.3877691089436693e+09
 -1.0567514677103718e-14  8.4388194222482319e+09
 -1.0410958904109591e-14  2.9605815460238049e+10
 -1.0254403131115463e-14  4.6429258937334335e+10
 -1.0097847358121330e-14  4.0901683784656425e+10
 -9.9412915851272022e-15  2.4176458642391506e+10
 -9.7847358121330748e-15  3.0534872837937649e+10
 -9.6281800391389412e-15  7.5141644249192703e+10
 -9.4716242661448138e-15  1.2634510662184103e+11
 -9.3150684931506864e-15  1.3821702148915625e+11
 -9.1585127201565590e-15  1.1441303827350122e+11
 -9.0019569471624253e-15  1.1933824737536369e+11
 -8.8454011741682979e-15  2.0444567172891696e+11
 -8.6888454011741706e-15  3.3192377434843842e+11
 -8.5322896281800369e-15  4.0578984969498871e+11
 -8.3757338551859095e-15  3.9620445531228278e+11
 -8.2191780821917821e-15  4.0415977784521912e+11
 -8.0626223091976547e-15  5.5712142309109473e+11
 -7.9060665362035210e-15  8.3892574187351501e+11
 -7.7495107632093937e-15  1.0791568601691321e+12
 -7.5929549902152663e-15  1.1592108550053882e+12
 -7.4363992172211389e-15  1.1982188118217529e+12
 -7.2798434442270052e-15  1.4493481704624949e+12
 -7.1232876712328778e-15  1.9802577996968782e+12
 -6.9667318982387504e-15  2.5377360033357075e+12
 -6.8101761252446168e-15  2.8364488199937271e+12
 -6.6536203522504894e-15  2.9701763310768145e+12
 -6.4970645792563620e-15  3.3951574094717500e+12
 -6.3405088062622346e-15  4.4034509686233164e+12
 -6.1839530332681009e-15  5.6987884885904414e+12
 -6.0273972602739735e-15  6.6808299978100645e+12
 -5.8708414872798462e-15  7.1869265004203916e+12
 -5.7142857142857125e-15  7.7532459916792803e+12
 -5.5577299412915851e-15  8.9443448109245352e+12
 -5.4011741682974577e-15  1.0523721340041244e+13
 -5.2446183953033303e-15  1.1625676431228402e+13
 -5.0880626223091966e-15  1.1920484033399787e+13
 -4.9315068493150693e-15  1.2364102535346146e+13
 -4.7749510763209419e-15  1.4401068575109688e+13
 -4.6183953033268082e-15  1.8371734668185219e+13
 -4.4618395303326808e-15  2.3044790017239582e+13
 -4.3052837573385534e-15  2.6938540097801078e+13
 -4.1487279843444261e-15  2.9793622098549531e+13
 -3.9921722113502924e-15  3.2255487135829859e+13
 -3.8356164383561650e-15  3.4202444873228812e+13
 -3.6790606653620376e-15  3.4213680810894418e+13
 -3.5225048923679039e-15  3.1401646754182512e+13
 -3.3659491193737765e-15  2.7504708073985023e+13
 -3.2093933463796492e-15  2.6200263295230871e+13
 -3.0528375733855218e-15  2.9864892226244555e+13
 -2.8962818003913881e-15  3.7588880332419828e+13
 -2.7397260273972607e-15  4.7097234413169531e+13
 -2.5831702544031333e-15  5.8114599126446250e+13
 -2.4266144814089996e-15  7.2208480587891219e+13
 -2.2700587084148723e-15  8.8381848806217109e+13
 -2.1135029354207449e-15  1.0004414420522216e+14
 -1.9569471624266175e-15  9.8884678267741078e+13
 -1.8003913894324838e-15  8.3215231516523703e+13
 -1.6438356164383564e-15  6.1632275398428430e+13
 -1.4872798434442290e-15  4.6586501682484344e+13
 -1.3307240704501017e-15  4.3738990197446180e+13
 -1.1741682974559680e-15  4.8694488758919594e+13
 -1.0176125244618406e-15  5.4935320783568914e+13
 -8.6105675146771321e-16  6.3591970837859484e+13
 -7.0450097847357952e-16  8.2760593080105641e+13
 -5.4794520547945214e-16  1.1595751199609394e+14
 -3.9138943248532476e-16  1.5281024993133247e+14
 -2.3483365949119738e-16  1.7405536391328497e+14
 -7.8277886497063690e-17  1.6750783887709047e+14
  7.8277886497063690e-17  1.3902217848071948e+14
  2.3483365949119107e-16  1.0714420763869511e+14
  3.9138943248532476e-16  8.7177475611830578e+13
  5.4794520547945214e-16  8.0892759413649609e+13
  7.0450097847357952e-16  8.0920306336569500e+13
  8.6105675146770690e-16  8.2763412844604031e+13
  1.0176125244618406e-15  9.0322635342041281e+13
  1.1741682974559680e-15  1.0955661417893291e+14
  1.3307240704500954e-15  1.3849544613097945e+14
  1.4872798434442290e-15  1.6524870261745209e+14
  1.6438356164383564e-15  1.7642044438572134e+14
  1.8003913894324838e-15  1.6755463940208981e+14
  1.9569471624266112e-15  1.4598787809217300e+14
  2.1135029354207449e-15  1.2448152020533223e+14
  2.2700587084148723e-15  1.1203620878829002e+14
  2.4266144814089996e-15  1.0923148681649036e+14
  2.5831702544031270e-15  1.1039230774250620e+14
  2.7397260273972607e-15  1.0959003084873195e+14
  2.8962818003913881e-15  1.0564456186283786e+14
  3.0528375733855155e-15  1.0269141989929273e+14
  3.2093933463796492e-15  1.0592012611953256e+14
  3.3659491193737765e-15  1.1553148619260742e+14
  3.5225048923679039e-15  1.2404872453000786e+14
  3.6790606653620313e-15  1.2050311775393684e+14
  3.8356164383561650e-15  9.9484898908571281e+13
  3.9921722113502924e-15  6.7705930244608664e+13
  4.1487279843444197e-15  4.1232353064285109e+13
  4.3052837573385534e-15  3.4006243958683773e+13
  4.4618395303326808e-15  4.6589457065943617e+13
  4.6183953033268082e-15  6.5045008192988148e+13
  4.7749510763209356e-15  7.1620467328105984e+13
  4.9315068493150693e-15  5.8526420240074766e+13
  5.0880626223091966e-15  3.3279193886342621e+13
  5.2446183953033240e-15  1.1563436960346654e+13
  5.4011741682974577e-15  4.4017704409436807e+12
  5.5577299412915851e-15  1.0667587375886465e+13
  5.7142857142857125e-15  2.0272174888928801e+13
  5.8708414872798399e-15  2.3693592747662883e+13
  6.0273972602739735e-15  1.8927766245263359e+13
  6.1839530332681009e-15  1.0794903906480156e+13
  6.3405088062622283e-15  5.0511918782610713e+12
  6.4970645792563620e-15  3.5739917924691265e+12
  6.6536203522504894e-15  4.3324511871654175e+12
  6.8101761252446168e-15  4.6445094851390596e+12
  6.9667318982387441e-15  3.7555676346392305e+12
  7.1232876712328778e-15  2.6435550172618540e+12
  7.2798434442270052e-15  2.2355834769339639e+12
  7.4363992172211326e-15  2.3644961439373770e+12
  7.5929549902152663e-15  2.2857899990382988e+12
  7.7495107632093937e-15  1.6966253973514055e+12
  7.9060665362035210e-15  9.8517672717730835e+11
  8.0626223091976484e-15  6.3994645828929468e+11
  8.2191780821917821e-15  6.9009886379483691e+11
  8.3757338551859095e-15  7.8496588521248230e+11
  8.5322896281800369e-15  6.6238832304536438e+11
  8.6888454011741642e-15  3.9654482438783716e+11
  8.8454011741682979e-15  2.1696154265956125e+11
  9.0019569471624253e-15  2.1175323277645807e+11
  9.1585127201565527e-15  2.6835155345862326e+11
  9.3150684931506864e-15  2.4990504938092935e+11
  9.4716242661448138e-15  1.4980115524538303e+11
  9.6281800391389412e-15  6.1733546459642059e+10
  9.7847358121330685e-15  4.8495263367308609e+10
  9.9412915851272022e-15  8.0279038990852463e+10
  1.0097847358121330e-14  9.0999145995440765e+10
  1.0254403131115457e-14  5.9369025439697533e+10
  1.0410958904109591e-14  1.9482266224903404e+10
  1.0567514677103718e-14  7.9647974413659849e+09
  1.0724070450097845e-14  2.2363363401657230e+10
  1.0880626223091973e-14  3.3690536012488045e+10
  1.1037181996086107e-14  2.5260197599496929e+10
  1.1193737769080234e-14  7.8605238116913557e+09
  1.1350293542074361e-14  2.9694442073459798e+08
  1.1506849315068495e-14  5.9747950561589918e+09
  1.1663405088062622e-14  1.2997024579872387e+10
  1.1819960861056750e-14  1.1613496447311453e+10
  1.1976516634050877e-14  4.5864781108695478e+09
  1.2133072407045011e-14  4.9032434473997688e+08
  1.2289628180039138e-14  2.2877246354503436e+09
  1.2446183953033266e-14  5.6228817428092594e+09
  1.2602739726027393e-14  5.9392779721017904e+09
  1.2759295499021527e-14  3.5817243732006569e+09
  1.2915851272015654e-14  1.7308203046660504e+09
  1.3072407045009781e-14  1.9386641494878204e+09
  1.3228962818003915e-14  3.0974277771229115e+09
  1.3385518590998042e-14  3.6207966625461740e+09
  1.3542074363992170e-14  3.1722759687992325e+09
  1.3698630136986297e-14  2.4167874727586412e+09
  1.3855185909980431e-14  2.0468568988380604e+09
  1.4011741682974558e-14  2.2617555799728804e+09
  1.4168297455968686e-14  2.7239715681988010e+09
  1.4324853228962819e-14  2.8644518833337345e+09
  1.4481409001956947e-14  2.4751117547105227e+09
  1.4637964774951074e-14  2.0033148239201508e+09
  1.4794520547945201e-14  2.0083030000102508e+09
  1.4951076320939335e-14  2.3939662308897638e+09
  1.5107632093933463e-14  2.5433652596681595e+09
  1.5264187866927590e-14  2.2177360189655490e+09
  1.5420743639921724e-14  1.8809601472264693e+09
  1.5577299412915851e-14  1.9654134011521323e+09
  1.5733855185909978e-14  2.2341927110387626e+09
  1.5890410958904106e-14  2.2067927760540814e+09
  1.6046966731898239e-14  1.9167366449617555e+09
  1.6203522504892367e-14  1.8007140663474979e+09
  1.6360078277886494e-14  1.9693048893188286e+09
  1.6516634050880628e-14  2.0664958497788441e+09
  1.6673189823874755e-14  1.8899968113643005e+09
  1.6829745596868883e-14  1.7079726357570970e+09
  1.6986301369863010e-14  1.7800840164430089e+09
  1.7142857142857137e-14  1.9253283967416508e+09
  1.7299412915851265e-14  1.8486111645338328e+09
  1.7455968688845405e-14  1.6419479421433291e+09
  1.7612524461839532e-14  1.6154768834764249e+09
  1.7769080234833660e-14  1.7683895664468927e+09
  1.7925636007827787e-14  1.7988109086647112e+09
  1.8082191780821914e-14  1.6184410636105239e+09
  1.8238747553816042e-14  1.4951632714868195e+09
  1.8395303326810169e-14  1.5959097582851772e+09
  1.8551859099804309e-14  1.7104318126987331e+09
  1.8708414872798436e-14  1.6118874339341056e+09
  1.8864970645792564e-14  1.4351785001164250e+09
  1.9021526418786691e-14  1.4422748602688148e+09
  1.9178082191780819e-14  1.5827276464815414e+09
  1.9334637964774946e-14  1.5865813640409465e+09
  1.9491193737769073e-14  1.4196777168471379e+09
  1.9647749510763213e-14  1.3335512516576979e+09
  1.9804305283757341e-14  1.4387518056696317e+09
  1.9960861056751468e-14  1.5250318918384931e+09
  2.0117416829745596e-14  1.4203219927425017e+09
  2.0273972602739723e-14  1.2759392163198028e+09
  2.0430528375733850e-14  1.3056612386878729e+09
  2.0587084148727978e-14  1.4281402490009766e+09
  2.0743639921722118e-14  1.4103793039944890e+09
  2.0900195694716245e-14  1.2597502261196723e+09
  2.1056751467710372e-14  1.2053131094810765e+09
  2.1213307240704500e-14  1.3105039757948596e+09
  2.1369863013698627e-14  1.3717463175686977e+09
  2.1526418786692755e-14  1.2643678627585223e+09
  2.1682974559686882e-14  1.1482909043988893e+09
  2.1839530332681022e-14  1.1944906327720368e+09
  2.1996086105675149e-14  1.2998314141408253e+09
  2.2152641878669277e-14  1.2655766912450478e+09
  2.2309197651663404e-14  1.1308635462147493e+09
  2.2465753424657531e-14  1.1018186104547186e+09
  2.2622309197651659e-14  1.2040666046088142e+09
  2.2778864970645786e-14  1.2441893372836237e+09
  2.2935420743639926e-14  1.1371693946440065e+09
  2.3091976516634054e-14  1.0456666344210540e+09
  2.3248532289628181e-14  1.1032596068005977e+09
  2.3405088062622308e-14  1.1923381992323818e+09
  2.3561643835616436e-14  1.1457101391145971e+09
  2.3718199608610563e-14  1.0265022511734062e+09
  2.3874755381604690e-14  1.0179506648145095e+09
  2.4031311154598830e-14  1.1152096727526767e+09
  2.4187866927592958e-14  1.1373403649663751e+09
  2.4344422700587085e-14  1.0327972041563927e+09
  2.4500978473581213e-14  9.6279833556695104e+08
  2.4657534246575340e-14  1.0280289389026510e+09
  2.4814090019569467e-14  1.1018065862789030e+09
  2.4970645792563595e-14  1.0459536949757838e+09
  2.5127201565557722e-14  9.4164883984880340e+08
  2.5283757338551862e-14  9.4972314041541159e+08
  2.5440313111545990e-14  1.0406565117518154e+09
  2.5596868884540117e-14  1.0474011833653338e+09
  2.5753424657534244e-14  9.4682715001776600e+08
  2.5909980430528372e-14  8.9572736266464674e+08
  2.6066536203522499e-14  9.6573986736841249e+08
  2.6223091976516626e-14  1.0252021836856947e+09
  2.6379647749510766e-14  9.6261535399031365e+08
  2.6536203522504894e-14  8.7254462690978968e+08
  2.6692759295499021e-14  8.9412413881943440e+08
  2.6849315068493149e-14  9.7784487369408095e+08
  2.7005870841487276e-14  9.7140403405044425e+08
  2.7162426614481403e-14  8.7588695863214409e+08
  2.7318982387475531e-14  8.4146953240140462e+08
  2.7475538160469671e-14  9.1404336847567546e+08
  2.7632093933463798e-14  9.6014636583843172e+08
  2.7788649706457925e-14  8.9283992226002514e+08
  2.7945205479452053e-14  8.1633175508726692e+08
  2.8101761252446180e-14  8.4885879764472449e+08
  2.8258317025440308e-14  9.2477778569071758e+08
  2.8414872798434435e-14  9.0703230365989387e+08
  2.8571428571428575e-14  8.1738647629627812e+08
  2.8727984344422702e-14  7.9775060170037723e+08
  2.8884540117416830e-14  8.7112464773156714e+08
  2.9041095890410957e-14  9.0477497087419391e+08
  2.9197651663405085e-14  8.3441227631681025e+08
  2.9354207436399212e-14  7.7082079555711424e+08
  2.9510763209393339e-14  8.1216514777239239e+08
  2.9667318982387479e-14  8.7989474640632546e+08
  2.9823874755381607e-14  8.5247424978532827e+08
  2.9980430528375734e-14  7.6932568962836242e+08
  3.0136986301369861e-14  7.6282538465162587e+08
  3.0293542074363989e-14  8.3557566976036310e+08
  3.0450097847358116e-14  8.5762528050340867e+08
  3.0606653620352244e-14  7.8560812965031564e+08
  3.0763209393346384e-14  7.3432489779056919e+08
  3.0919765166340511e-14  7.8268363273005700e+08
  3.1076320939334638e-14  8.4197467915856719e+08
  3.1232876712328766e-14  8.0631110562077582e+08
  3.1389432485322893e-14  7.3015437718147433e+08
  3.1545988258317020e-14  7.3534852937308538e+08
  3.1702544031311148e-14  8.0630171571648431e+08
  3.1859099804305288e-14  8.1754975117691553e+08
  3.2015655577299415e-14  7.4508317683307648e+08
  3.2172211350293543e-14  7.0554028499319470e+08
  3.2328767123287670e-14  7.5936285643426824e+08
  3.2485322896281797e-14  8.1006286969788468e+08
  3.2641878669275925e-14  7.6743268815239930e+08
  3.2798434442270052e-14  6.9866964327726424e+08
  3.2954990215264192e-14  7.1428150517619169e+08
  3.3111545988258320e-14  7.8245259393297195e+08
  3.3268101761252447e-14  7.8365070726423955e+08
  3.3424657534246574e-14  7.1179094720125365e+08
  3.3581213307240702e-14  6.8345971674150419e+08
  3.3737769080234829e-14  7.4139117688942540e+08
  3.3894324853228956e-14  7.8341629089354920e+08
  3.4050880626223096e-14  7.3497418054722941e+08
  3.4207436399217224e-14  6.7394095683623433e+08
  3.4363992172211351e-14  6.9882527568472648e+08
  3.4520547945205479e-14  7.6337199772572982e+08
  3.4677103718199606e-14  7.5523130784395504e+08
  3.4833659491193733e-14  6.8492207736835754e+08
  3.4990215264187861e-14  6.6730959273640215e+08
  3.5146771037182001e-14  7.2814688699393082e+08
  3.5303326810176128e-14  7.6146288597021914e+08
  3.5459882583170255e-14  7.0826906979053473e+08
  3.5616438356164383e-14  6.5525534434385252e+08
  3.5772994129158510e-14  6.8837147978027105e+08
  3.5929549902152638e-14  7.4856031262511241e+08
  3.6086105675146765e-14  7.3175902174051201e+08
  3.6242661448140892e-14  6.6385962257069409e+08
  3.6399217221135032e-14  6.5650431475807250e+08
  3.6555772994129160e-14  7.1916206770793068e+08
  3.6712328767123287e-14  7.4377154176569903e+08
  3.6868884540117414e-14  6.8681440152541447e+08
  3.7025440313111542e-14  6.4207746472893655e+08
  3.7181996086105669e-14  6.8246716692993224e+08
  3.7338551859099797e-14  7.3764759043171477e+08
  3.7495107632093937e-14  7.1283882343455517e+08
  3.7651663405088064e-14  6.4814647921329474e+08
  3.7808219178082191e-14  6.5061336167248011e+08
  3.7964774951076319e-14  7.1409661235100639e+08
  3.8121330724070446e-14  7.3003037853454053e+08
  3.8277886497064574e-14  6.7024563299570799e+08
  3.8434442270058701e-14  6.3402092852744651e+08
  3.8590998043052841e-14  6.8078965279775476e+08
  3.8747553816046968e-14  7.3037433287193203e+08
  3.8904109589041096e-14  6.9819410757272935e+08
  3.9060665362035223e-14  6.3746225383486700e+08
  3.9217221135029350e-14  6.4933805653577101e+08
  3.9373776908023478e-14  7.1272003268750989e+08
  3.9530332681017605e-14  7.2003162404956305e+08
  3.9686888454011745e-14  6.5831913466177428e+08
  3.9843444227005873e-14  6.3082840774993980e+08
  4.0000000000000000e-14  6.8312923206560850e+08
