#FileSignature: 0
#legend: No Name
#sim_duration: 0.018520
#title_str: z = 
#tlabel: z
#tscale: 0.007058
#tscale_str: $L_{NL}$
#tunit_str: m
#xcordID: T
#xlabel: t
#xscale: 0.000000
#xscale_str: $t_{p}$
#xunit_str: s
#ycordID: I
#ylabel: I
#yscale: 550000000000000.000000
#yscale_str: $I_{0}$
#yunit_str: W/m$^{2}$
 -4.0000000000000000e-14  1.2603902461140392e+10
 -3.9843444227005873e-14  1.1645428828513380e+10
 -3.9686888454011739e-14  1.1841142056221455e+10
 -3.9530332681017612e-14  1.2786716958508299e+10
 -3.9373776908023484e-14  1.2823308107879452e+10
 -3.9217221135029357e-14  1.1826415669295532e+10
 -3.9060665362035223e-14  1.1408413949890924e+10
 -3.8904109589041096e-14  1.2205651875030138e+10
 -3.8747553816046968e-14  1.2814140496115129e+10
 -3.8590998043052835e-14  1.2153631048301649e+10
 -3.8434442270058707e-14  1.1279812753588976e+10
 -3.8277886497064580e-14  1.1604862747206633e+10
 -3.8121330724070452e-14  1.2525361018523432e+10
 -3.7964774951076319e-14  1.2441560999851782e+10
 -3.7808219178082191e-14  1.1446511652719669e+10
 -3.7651663405088064e-14  1.1165183414736727e+10
 -3.7495107632093930e-14  1.2021464331907900e+10
 -3.7338551859099803e-14  1.2529068038564188e+10
 -3.7181996086105676e-14  1.1792356728089870e+10
 -3.7025440313111548e-14  1.1009643209928221e+10
 -3.6868884540117414e-14  1.1455983382668165e+10
 -3.6712328767123287e-14  1.2340768835309334e+10
 -3.6555772994129160e-14  1.2139474013970201e+10
 -3.6399217221135026e-14  1.1156519746965837e+10
 -3.6242661448140899e-14  1.1011300569018866e+10
 -3.6086105675146771e-14  1.1915016712038118e+10
 -3.5929549902152644e-14  1.2317064369162321e+10
 -3.5772994129158510e-14  1.1512939613338535e+10
 -3.5616438356164383e-14  1.0827978295742744e+10
 -3.5459882583170255e-14  1.1388155689022669e+10
 -3.5303326810176122e-14  1.2227014065409489e+10
 -3.5146771037181994e-14  1.1911135936166054e+10
 -3.4990215264187867e-14  1.0950585698921057e+10
 -3.4833659491193740e-14  1.0941333938914242e+10
 -3.4677103718199612e-14  1.1881343616976725e+10
 -3.4520547945205479e-14  1.2173308750718102e+10
 -3.4363992172211351e-14  1.1310590254770912e+10
 -3.4207436399217224e-14  1.0730317900992737e+10
 -3.4050880626223090e-14  1.1397313373704493e+10
 -3.3894324853228963e-14  1.2180251000105253e+10
 -3.3737769080234835e-14  1.1752751038467815e+10
 -3.3581213307240708e-14  1.0825132196234634e+10
 -3.3424657534246574e-14  1.0952104099111813e+10
 -3.3268101761252447e-14  1.1917519040122747e+10
 -3.3111545988258320e-14  1.2094928643532608e+10
 -3.2954990215264186e-14  1.1182607280654778e+10
 -3.2798434442270058e-14  1.0714352463807568e+10
 -3.2641878669275931e-14  1.1481443007445368e+10
 -3.2485322896281804e-14  1.2198505199521173e+10
 -3.2328767123287670e-14  1.1662439749772486e+10
 -3.2172211350293543e-14  1.0778667807796751e+10
 -3.2015655577299415e-14  1.1042506271334780e+10
 -3.1859099804305282e-14  1.2022494652441147e+10
 -3.1702544031311154e-14  1.2080851720954889e+10
 -3.1545988258317027e-14  1.1128242925107056e+10
 -3.1389432485322899e-14  1.0779841643947842e+10
 -3.1232876712328766e-14  1.1640471688113890e+10
 -3.1076320939334638e-14  1.2281568804547697e+10
 -3.0919765166340511e-14  1.1640149024644695e+10
 -3.0763209393346377e-14  1.0811718102173042e+10
 -3.0606653620352250e-14  1.1213453884680748e+10
 -3.0450097847358122e-14  1.2197044130140024e+10
 -3.0293542074363995e-14  1.2131756299986092e+10
 -3.0136986301369861e-14  1.1148676074892542e+10
 -2.9980430528375734e-14  1.0928610464572786e+10
 -2.9823874755381607e-14  1.1876267458694239e+10
 -2.9667318982387473e-14  1.2430997566494545e+10
 -2.9510763209393346e-14  1.1687664219265316e+10
 -2.9354207436399218e-14  1.0926867422965452e+10
 -2.9197651663405091e-14  1.1467935601367353e+10
 -2.9041095890410957e-14  1.2443814268402695e+10
 -2.8884540117416830e-14  1.2250125827683357e+10
 -2.8727984344422702e-14  1.1247096475977261e+10
 -2.8571428571428569e-14  1.1164661650004770e+10
 -2.8414872798434441e-14  1.2192750504808023e+10
 -2.8258317025440314e-14  1.2650213730030682e+10
 -2.8101761252446183e-14  1.1808734357027040e+10
 -2.7945205479452053e-14  1.1128924914099033e+10
 -2.7788649706457925e-14  1.1811194041141598e+10
 -2.7632093933463798e-14  1.2767486526967756e+10
 -2.7475538160469668e-14  1.2440414871564346e+10
 -2.7318982387475537e-14  1.1428916940847574e+10
 -2.7162426614481410e-14  1.1494425504609745e+10
 -2.7005870841487282e-14  1.2596131567611910e+10
 -2.6849315068493152e-14  1.2944724793688156e+10
 -2.6692759295499021e-14  1.2009322859568748e+10
 -2.6536203522504894e-14  1.1425235974406826e+10
 -2.6379647749510763e-14  1.2251053044961838e+10
 -2.6223091976516633e-14  1.3175073034770773e+10
 -2.6066536203522505e-14  1.2709345789844204e+10
 -2.5909980430528378e-14  1.1702133680118694e+10
 -2.5753424657534247e-14  1.1927173147808014e+10
 -2.5596868884540117e-14  1.3095307518774553e+10
 -2.5440313111545990e-14  1.3322488703291361e+10
 -2.5283757338551859e-14  1.2298014304426346e+10
 -2.5127201565557732e-14  1.1826170427486790e+10
 -2.4970645792563601e-14  1.2798425128552984e+10
 -2.4814090019569471e-14  1.3676380080368727e+10
 -2.4657534246575343e-14  1.3066374257630051e+10
 -2.4500978473581213e-14  1.2077879167051895e+10
 -2.4344422700587085e-14  1.2475638017397146e+10
 -2.4187866927592955e-14  1.3702454116910378e+10
 -2.4031311154598827e-14  1.3794465444282999e+10
 -2.3874755381604697e-14  1.2686627639258207e+10
 -2.3718199608610569e-14  1.2345848948750362e+10
 -2.3561643835616439e-14  1.3468059722245422e+10
 -2.3405088062622308e-14  1.4284691276655458e+10
 -2.3248532289628181e-14  1.3524377261742218e+10
 -2.3091976516634050e-14  1.2571236659796755e+10
 -2.2935420743639923e-14  1.3156927482061392e+10
 -2.2778864970645793e-14  1.4433894135138666e+10
 -2.2622309197651665e-14  1.4375424377166836e+10
 -2.2465753424657535e-14  1.3191111740843569e+10
 -2.2309197651663404e-14  1.3003204685274210e+10
 -2.2152641878669277e-14  1.4279641911064894e+10
 -2.1996086105675146e-14  1.5017771898996862e+10
 -2.1839530332681019e-14  1.4100652584565632e+10
 -2.1682974559686888e-14  1.3202415038356640e+10
 -2.1526418786692761e-14  1.3993857384087475e+10
 -2.1369863013698630e-14  1.5311402848414989e+10
 -2.1213307240704500e-14  1.5085159444321438e+10
 -2.1056751467710372e-14  1.3832830148328247e+10
 -2.0900195694716242e-14  1.3823465114859985e+10
 -2.0743639921722114e-14  1.5259393786217720e+10
 -2.0587084148727984e-14  1.5899472962839689e+10
 -2.0430528375733857e-14  1.4818541131113569e+10
 -2.0273972602739726e-14  1.3998422026766703e+10
 -2.0117416829745599e-14  1.5016626904957491e+10
 -1.9960861056751468e-14  1.6363961825492973e+10
 -1.9804305283757338e-14  1.5950612272421112e+10
 -1.9647749510763210e-14  1.4641071594372108e+10
 -1.9491193737769080e-14  1.4840401557003878e+10
 -1.9334637964774952e-14  1.6441488226600405e+10
 -1.9178082191780822e-14  1.6961056085677698e+10
 -1.9021526418786694e-14  1.5710332957521704e+10
 -1.8864970645792564e-14  1.4997700414215420e+10
 -1.8708414872798436e-14  1.6266520538100874e+10
 -1.8551859099804306e-14  1.7627958645892941e+10
 -1.8395303326810175e-14  1.7004613936326344e+10
 -1.8238747553816048e-14  1.5656285678012074e+10
 -1.8082191780821917e-14  1.6106245615328621e+10
 -1.7925636007827790e-14  1.7877334548554962e+10
 -1.7769080234833660e-14  1.8239736895034889e+10
 -1.7612524461839532e-14  1.6807141524751287e+10
 -1.7455968688845402e-14  1.6249097062295145e+10
 -1.7299412915851271e-14  1.7817557506218243e+10
 -1.7142857142857144e-14  1.9176873703819191e+10
 -1.6986301369863013e-14  1.8288786471232525e+10
 -1.6829745596868886e-14  1.6895972157387373e+10
 -1.6673189823874755e-14  1.7664831901881214e+10
 -1.6516634050880628e-14  1.9673819868361580e+10
 -1.6360078277886497e-14  1.9868587085661819e+10
 -1.6203522504892367e-14  1.8178602314058598e+10
 -1.6046966731898239e-14  1.7725373283957676e+10
 -1.5890410958904109e-14  1.9647554182426579e+10
 -1.5733855185909982e-14  2.1144180195510201e+10
 -1.5577299412915851e-14  2.0082885692668976e+10
 -1.5420743639921724e-14  1.8546151234569939e+10
 -1.5264187866927593e-14  1.9392438717368515e+10
 -1.5107632093933466e-14  2.1557436539312347e+10
 -1.4951076320939335e-14  2.1901111898112907e+10
 -1.4794520547945205e-14  2.0407518464547142e+10
 -1.4637964774951077e-14  2.0010005304550121e+10
 -1.4481409001956947e-14  2.1551624775348206e+10
 -1.4324853228962819e-14  2.2597577220239952e+10
 -1.4168297455968689e-14  2.1948958986792858e+10
 -1.4011741682974561e-14  2.1691627281729435e+10
 -1.3855185909980431e-14  2.3054727087439610e+10
 -1.3698630136986304e-14  2.3724866673699375e+10
 -1.3542074363992173e-14  2.2154475836731606e+10
 -1.3385518590998042e-14  2.1453244200802349e+10
 -1.3228962818003915e-14  2.4669352895713585e+10
 -1.3072407045009785e-14  2.8257958369581543e+10
 -1.2915851272015657e-14  2.6121781860121872e+10
 -1.2759295499021527e-14  2.0202283432848625e+10
 -1.2602739726027399e-14  2.0190501469793610e+10
 -1.2446183953033269e-14  2.9340424675336246e+10
 -1.2289628180039138e-14  3.6751041369354019e+10
 -1.2133072407045011e-14  3.0888195624913200e+10
 -1.1976516634050880e-14  1.7876057830867664e+10
 -1.1819960861056753e-14  1.6782410400132015e+10
 -1.1663405088062622e-14  3.3964157116217472e+10
 -1.1506849315068495e-14  5.0506051771032394e+10
 -1.1350293542074368e-14  4.3811359330275650e+10
 -1.1193737769080234e-14  1.9211505935449570e+10
 -1.1037181996086107e-14  9.1933859861660519e+09
 -1.0880626223091979e-14  3.4668041725295059e+10
 -1.0724070450097845e-14  7.3012654277662399e+10
 -1.0567514677103718e-14  7.7967918844382462e+10
 -1.0410958904109591e-14  3.7578001110876205e+10
 -1.0254403131115463e-14  1.4260295078754318e+09
 -1.0097847358121330e-14  3.0289899020334187e+10
 -9.9412915851272022e-15  1.1399782869122871e+11
 -9.7847358121330748e-15  1.6337194674821014e+11
 -9.6281800391389412e-15  1.1310773740691223e+11
 -9.4716242661448138e-15  2.4980727510730747e+10
 -9.3150684931506864e-15  4.1082936775908852e+10
 -9.1585127201565590e-15  2.0450668167841669e+11
 -9.0019569471624253e-15  3.6650425634164221e+11
 -8.8454011741682979e-15  3.4491004589931818e+11
 -8.6888454011741706e-15  1.8102553216669574e+11
 -8.5322896281800369e-15  1.4853335389463214e+11
 -8.3757338551859095e-15  4.2706567007222296e+11
 -8.2191780821917821e-15  8.1934919809402197e+11
 -8.0626223091976547e-15  9.3565784398523340e+11
 -7.9060665362035210e-15  7.0607664014039551e+11
 -7.7495107632093937e-15  5.6780928682959656e+11
 -7.5929549902152663e-15  9.7366075345424475e+11
 -7.4363992172211389e-15  1.7549983551231538e+12
 -7.2798434442270052e-15  2.2135895387810083e+12
 -7.1232876712328778e-15  1.9874206047537019e+12
 -6.9667318982387504e-15  1.6450489222745276e+12
 -6.8101761252446168e-15  2.1070153266840776e+12
 -6.6536203522504894e-15  3.4479443858455376e+12
 -6.4970645792563620e-15  4.6280527097013135e+12
 -6.3405088062622346e-15  4.7283683053469512e+12
 -6.1839530332681009e-15  4.2702651257768022e+12
 -6.0273972602739735e-15  4.7812451135734170e+12
 -5.8708414872798462e-15  6.8471888030093623e+12
 -5.7142857142857125e-15  9.0642245222084805e+12
 -5.5577299412915851e-15  9.5405753588222344e+12
 -5.4011741682974577e-15  8.3778550936840293e+12
 -5.2446183953033303e-15  7.9009863386535381e+12
 -5.0880626223091966e-15  9.9228473573364531e+12
 -4.9315068493150693e-15  1.3298926092698787e+13
 -4.7749510763209419e-15  1.5188245622609945e+13
 -4.6183953033268082e-15  1.4882587128815074e+13
 -4.4618395303326808e-15  1.5295099584370332e+13
 -4.3052837573385534e-15  1.9578562887068965e+13
 -4.1487279843444261e-15  2.6626358969565336e+13
 -3.9921722113502924e-15  3.1395236098299988e+13
 -3.8356164383561650e-15  3.0451070088577809e+13
 -3.6790606653620376e-15  2.6251756353821027e+13
 -3.5225048923679039e-15  2.4521683230421641e+13
 -3.3659491193737765e-15  2.7456431334478785e+13
 -3.2093933463796492e-15  3.1133089108345816e+13
 -3.0528375733855218e-15  3.0709348858682789e+13
 -2.8962818003913881e-15  2.7187996680163934e+13
 -2.7397260273972607e-15  2.7118807936126789e+13
 -2.5831702544031333e-15  3.5150110085980500e+13
 -2.4266144814089996e-15  4.8342447075698039e+13
 -2.2700587084148723e-15  5.9153056612052617e+13
 -2.1135029354207449e-15  6.3384556123795000e+13
 -1.9569471624266175e-15  6.3546404318211344e+13
 -1.8003913894324838e-15  6.4196149379137945e+13
 -1.6438356164383564e-15  6.5787948804953844e+13
 -1.4872798434442290e-15  6.4732880562866086e+13
 -1.3307240704501017e-15  5.8944585475144031e+13
 -1.1741682974559680e-15  5.1460352997837984e+13
 -1.0176125244618406e-15  4.7944269305641648e+13
 -8.6105675146771321e-16  5.1760286478165703e+13
 -7.0450097847357952e-16  6.2308328494036695e+13
 -5.4794520547945214e-16  7.6942295864226359e+13
 -3.9138943248532476e-16  9.2483114399789891e+13
 -2.3483365949119738e-16  1.0479223688079616e+14
 -7.8277886497063690e-17  1.0927041920273277e+14
  7.8277886497063690e-17  1.0405699902636470e+14
  2.3483365949119107e-16  9.2538939386577688e+13
  3.9138943248532476e-16  8.0899938101159078e+13
  5.4794520547945214e-16  7.2497914335094812e+13
  7.0450097847357952e-16  6.5898570558755562e+13
  8.6105675146770690e-16  5.9560389813359609e+13
  1.0176125244618406e-15  5.7404934507783250e+13
  1.1741682974559680e-15  6.7330067642284016e+13
  1.3307240704500954e-15  9.2905589985882547e+13
  1.4872798434442290e-15  1.2729236158186006e+14
  1.6438356164383564e-15  1.5670316076982628e+14
  1.8003913894324838e-15  1.7026704035566812e+14
  1.9569471624266112e-15  1.6648142703802412e+14
  2.1135029354207449e-15  1.5103919100833741e+14
  2.2700587084148723e-15  1.3037016228559853e+14
  2.4266144814089996e-15  1.0835279635665958e+14
  2.5831702544031270e-15  8.8002366769094688e+13
  2.7397260273972607e-15  7.3736024938698625e+13
  2.8962818003913881e-15  7.0317442273142070e+13
  3.0528375733855155e-15  7.9608215605142016e+13
  3.2093933463796492e-15  9.8737167980791078e+13
  3.3659491193737765e-15  1.2105183800790217e+14
  3.5225048923679039e-15  1.3849131515349698e+14
  3.6790606653620313e-15  1.4429437591276438e+14
  3.8356164383561650e-15  1.3620168156361170e+14
  3.9921722113502924e-15  1.1913425262533709e+14
  4.1487279843444197e-15  1.0409122134618908e+14
  4.3052837573385534e-15  1.0138267066190300e+14
  4.4618395303326808e-15  1.1199182111574817e+14
  4.6183953033268082e-15  1.2489432193844727e+14
  4.7749510763209356e-15  1.2456391321794903e+14
  4.9315068493150693e-15  1.0364638872503334e+14
  5.0880626223091966e-15  6.9921032474081539e+13
  5.2446183953033240e-15  4.0806689631508102e+13
  5.4011741682974577e-15  2.9603250213010605e+13
  5.5577299412915851e-15  3.5221002416614898e+13
  5.7142857142857125e-15  4.4171925294538219e+13
  5.8708414872798399e-15  4.2746434254515031e+13
  6.0273972602739735e-15  2.8442899761937309e+13
  6.1839530332681009e-15  1.0795665534967875e+13
  6.3405088062622283e-15  1.6246102495217927e+12
  6.4970645792563620e-15  4.2550809386526167e+12
  6.6536203522504894e-15  1.1620681874484537e+13
  6.8101761252446168e-15  1.4194036394217557e+13
  6.9667318982387441e-15  9.2432180875610332e+12
  7.1232876712328778e-15  2.2971501551114004e+12
  7.2798434442270052e-15  2.3130194732409613e+11
  7.4363992172211326e-15  3.9330413848320249e+12
  7.5929549902152663e-15  8.1749606179394922e+12
  7.7495107632093937e-15  8.0024043047457227e+12
  7.9060665362035210e-15  4.0831194885668970e+12
  8.0626223091976484e-15  1.3664541460728188e+12
  8.2191780821917821e-15  3.2329806535946821e+12
  8.3757338551859095e-15  7.9562301440130205e+12
  8.5322896281800369e-15  1.1001871830964863e+13
  8.6888454011741642e-15  9.9794799448133281e+12
  8.8454011741682979e-15  6.6854987974260107e+12
  9.0019569471624253e-15  4.5936554964939092e+12
  9.1585127201565527e-15  5.1613378319033379e+12
  9.3150684931506864e-15  6.8956767857569199e+12
  9.4716242661448138e-15  7.5015597993186582e+12
  9.6281800391389412e-15  6.2744269797758047e+12
  9.7847358121330685e-15  4.3566062017054863e+12
  9.9412915851272022e-15  3.1872979957874238e+12
  1.0097847358121330e-14  3.1204213152526255e+12
  1.0254403131115457e-14  3.4448144880231255e+12
  1.0410958904109591e-14  3.3596115606148330e+12
  1.0567514677103718e-14  2.7266636556744663e+12
  1.0724070450097845e-14  1.9958369555907766e+12
  1.0880626223091973e-14  1.6190131639957354e+12
  1.1037181996086107e-14  1.6234900539559097e+12
  1.1193737769080234e-14  1.6910753684445715e+12
  1.1350293542074361e-14  1.5491553429268616e+12
  1.1506849315068495e-14  1.2297044569232102e+12
  1.1663405088062622e-14  9.6316328704163806e+11
  1.1819960861056750e-14  8.8619132789004358e+11
  1.1976516634050877e-14  9.1212230766031543e+11
  1.2133072407045011e-14  8.7721474281540540e+11
  1.2289628180039138e-14  7.4271236930844727e+11
  1.2446183953033266e-14  6.0631398072092822e+11
  1.2602739726027393e-14  5.5038695237030457e+11
  1.2759295499021527e-14  5.4698050633154730e+11
  1.2915851272015654e-14  5.2224815797686127e+11
  1.3072407045009781e-14  4.5966462591652075e+11
  1.3228962818003915e-14  4.0122796965757562e+11
  1.3385518590998042e-14  3.7362034790852295e+11
  1.3542074363992170e-14  3.5810331047238422e+11
  1.3698630136986297e-14  3.3161630505090448e+11
  1.3855185909980431e-14  3.0047593749334637e+11
  1.4011741682974558e-14  2.8018294570683917e+11
  1.4168297455968686e-14  2.6679055615303989e+11
  1.4324853228962819e-14  2.4733490964622351e+11
  1.4481409001956947e-14  2.2446068371717908e+11
  1.4637964774951074e-14  2.1090652808728799e+11
  1.4794520547945201e-14  2.0593358195307062e+11
  1.4951076320939335e-14  1.9582962036536871e+11
  1.5107632093933463e-14  1.7709027604677774e+11
  1.5264187866927590e-14  1.6226421629119525e+11
  1.5420743639921724e-14  1.5890300875252072e+11
  1.5577299412915851e-14  1.5720167489153250e+11
  1.5733855185909978e-14  1.4633879165453867e+11
  1.5890410958904106e-14  1.3176661357903362e+11
  1.6046966731898239e-14  1.2545058886189853e+11
  1.6203522504892367e-14  1.2626160738744823e+11
  1.6360078277886494e-14  1.2260926735066988e+11
  1.6516634050880628e-14  1.1165190270684779e+11
  1.6673189823874755e-14  1.0313033999444666e+11
  1.6829745596868883e-14  1.0272614557535759e+11
  1.6986301369863010e-14  1.0315458268664580e+11
  1.7142857142857137e-14  9.6818874729496155e+10
  1.7299412915851265e-14  8.8096388017313141e+10
  1.7455968688845405e-14  8.5380921222050140e+10
  1.7612524461839532e-14  8.7119570691265121e+10
  1.7769080234833660e-14  8.4931652124944885e+10
  1.7925636007827787e-14  7.7680283442559372e+10
  1.8082191780821914e-14  7.2889054322202896e+10
  1.8238747553816042e-14  7.3916129680707901e+10
  1.8395303326810169e-14  7.4651791283283417e+10
  1.8551859099804309e-14  7.0011730084877686e+10
  1.8708414872798436e-14  6.4209228135462448e+10
  1.8864970645792564e-14  6.3361653643345291e+10
  1.9021526418786691e-14  6.5337609294867805e+10
  1.9178082191780819e-14  6.3636673935743134e+10
  1.9334637964774946e-14  5.8262551127084824e+10
  1.9491193737769073e-14  5.5407441163686050e+10
  1.9647749510763213e-14  5.6980808193738022e+10
  1.9804305283757341e-14  5.7648831553197609e+10
  1.9960861056751468e-14  5.3917908562735939e+10
  2.0117416829745596e-14  4.9798418624051331e+10
  2.0273972602739723e-14  4.9877734496524406e+10
  2.0430528375733850e-14  5.1733491919397423e+10
  2.0587084148727978e-14  5.0204596282783646e+10
  2.0743639921722118e-14  4.6002287495088791e+10
  2.0900195694716245e-14  4.4300692869457939e+10
  2.1056751467710372e-14  4.6025075516724815e+10
  2.1213307240704500e-14  4.6483008358550575e+10
  2.1369863013698627e-14  4.3315264405813347e+10
  2.1526418786692755e-14  4.0300462293644493e+10
  2.1682974559686882e-14  4.0888848179463837e+10
  2.1839530332681022e-14  4.2511975694610588e+10
  2.1996086105675149e-14  4.1035284505722595e+10
  2.2152641878669277e-14  3.7642303576703300e+10
  2.2309197651663404e-14  3.6693862818234695e+10
  2.2465753424657531e-14  3.8408526674568886e+10
  2.2622309197651659e-14  3.8636313471247078e+10
  2.2778864970645786e-14  3.5864118579479370e+10
  2.2935420743639926e-14  3.3632215064940716e+10
  2.3091976516634054e-14  3.4513094952266327e+10
  2.3248532289628181e-14  3.5881897485562340e+10
  2.3405088062622308e-14  3.4420933937375618e+10
  2.3561643835616436e-14  3.1633149972031521e+10
  2.3718199608610563e-14  3.1206674905113605e+10
  2.3874755381604690e-14  3.2838939464587353e+10
  2.4031311154598830e-14  3.2853213108808113e+10
  2.4187866927592958e-14  3.0387865699788113e+10
  2.4344422700587085e-14  2.8743497186066776e+10
  2.4500978473581213e-14  2.9793184720917984e+10
  2.4657534246575340e-14  3.0914950547085152e+10
  2.4814090019569467e-14  2.9461909744924816e+10
  2.4970645792563595e-14  2.7152684858994396e+10
  2.5127201565557722e-14  2.7103301197411465e+10
  2.5283757338551862e-14  2.8619058444665894e+10
  2.5440313111545990e-14  2.8445179040783638e+10
  2.5596868884540117e-14  2.6234116931691208e+10
  2.5753424657534244e-14  2.5048700935525764e+10
  2.5909980430528372e-14  2.6190925748963989e+10
  2.6066536203522499e-14  2.7082122586983341e+10
  2.6223091976516626e-14  2.5639459446286453e+10
  2.6379647749510766e-14  2.3723741230385780e+10
  2.6536203522504894e-14  2.3954114803512966e+10
  2.6692759295499021e-14  2.5337342626426540e+10
  2.6849315068493149e-14  2.5000991190869934e+10
  2.7005870841487276e-14  2.3010409747207264e+10
  2.7162426614481403e-14  2.2193970714713264e+10
  2.7318982387475531e-14  2.3378614674161510e+10
  2.7475538160469671e-14  2.4057723291258488e+10
  2.7632093933463798e-14  2.2631568825628567e+10
  2.7788649706457925e-14  2.1048902299380230e+10
  2.7945205479452053e-14  2.1490063177906445e+10
  2.8101761252446180e-14  2.2733742387313469e+10
  2.8258317025440308e-14  2.2258481473694489e+10
  2.8414872798434435e-14  2.0465341923160271e+10
  2.8571428571428575e-14  1.9951956381197201e+10
  2.8727984344422702e-14  2.1144401862400051e+10
  2.8884540117416830e-14  2.1629387012225357e+10
  2.9041095890410957e-14  2.0227050453409801e+10
  2.9197651663405085e-14  1.8932610622876682e+10
  2.9354207436399212e-14  1.9533599136268013e+10
  2.9510763209393339e-14  2.0635416856132607e+10
  2.9667318982387479e-14  2.0042243377909363e+10
  2.9823874755381607e-14  1.8430189023410812e+10
  2.9980430528375734e-14  1.8169768326000149e+10
  3.0136986301369861e-14  1.9345110028354435e+10
  3.0293542074363989e-14  1.9652616457319092e+10
  3.0450097847358116e-14  1.8281620252956181e+10
  3.0606653620352244e-14  1.7241054447654572e+10
  3.0763209393346384e-14  1.7962893563247250e+10
  3.0919765166340511e-14  1.8923070088637569e+10
  3.1076320939334638e-14  1.8230597053587902e+10
  3.1232876712328766e-14  1.6787675101616619e+10
  3.1389432485322893e-14  1.6740995614748295e+10
  3.1545988258317020e-14  1.7880676007694248e+10
  3.1702544031311148e-14  1.8025872901677677e+10
  3.1859099804305288e-14  1.6693590506156340e+10
  3.2015655577299415e-14  1.5879847355242165e+10
  3.2172211350293543e-14  1.6691821516809874e+10
  3.2328767123287670e-14  1.7511952453063671e+10
  3.2485322896281797e-14  1.6736755179947023e+10
  3.2641878669275925e-14  1.5454051329720154e+10
  3.2798434442270052e-14  1.5589583100863390e+10
  3.2954990215264192e-14  1.6679331200785334e+10
  3.3111545988258320e-14  1.6675999469729242e+10
  3.3268101761252447e-14  1.5389540597421480e+10
  3.3424657534246574e-14  1.4780814726130388e+10
  3.3581213307240702e-14  1.5658061892314610e+10
  3.3737769080234829e-14  1.6340479854040306e+10
  3.3894324853228956e-14  1.5497455670940899e+10
  3.4050880626223096e-14  1.4368229970613300e+10
  3.4207436399217224e-14  1.4660023218325010e+10
  3.4363992172211351e-14  1.5688535294492542e+10
  3.4520547945205479e-14  1.5549238203704571e+10
  3.4677103718199606e-14  1.4315441706626743e+10
  3.4833659491193733e-14  1.3893787408412264e+10
  3.4990215264187861e-14  1.4815679423727383e+10
  3.5146771037182001e-14  1.5363093484175968e+10
  3.5303326810176128e-14  1.4465787577532907e+10
  3.5459882583170255e-14  1.3484906333445429e+10
  3.5616438356164383e-14  1.3911135007530184e+10
  3.5772994129158510e-14  1.4869200321297747e+10
  3.5929549902152638e-14  1.4605472194918669e+10
  3.6086105675146765e-14  1.3430944404401079e+10
  3.6242661448140892e-14  1.3181309828739952e+10
  3.6399217221135032e-14  1.4130329369297102e+10
  3.6555772994129160e-14  1.4545622317931101e+10
  3.6712328767123287e-14  1.3606510441754635e+10
  3.6868884540117414e-14  1.2770059741225893e+10
  3.7025440313111542e-14  1.3311986622191740e+10
  3.7181996086105669e-14  1.4191891424022856e+10
  3.7338551859099797e-14  1.3814422719244312e+10
  3.7495107632093937e-14  1.2705596496479784e+10
  3.7651663405088064e-14  1.2615130831493740e+10
  3.7808219178082191e-14  1.3576068205089664e+10
  3.7964774951076319e-14  1.3862185079347290e+10
  3.8121330724070446e-14  1.2892918486560591e+10
  3.8277886497064574e-14  1.2197937284220631e+10
  3.8434442270058701e-14  1.2839158404146654e+10
  3.8590998043052841e-14  1.3634266318338957e+10
  3.8747553816046968e-14  1.3153074458399200e+10
  3.8904109589041096e-14  1.2116277879466740e+10
  3.9060665362035223e-14  1.2173824302371321e+10
  3.9217221135029350e-14  1.3133188364418743e+10
  3.9373776908023478e-14  1.3293077809415600e+10
  3.9530332681017605e-14  1.2304693750734926e+10
  3.9686888454011745e-14  1.1748985867886433e+10
  3.9843444227005873e-14  1.2474866331321898e+10
  4.0000000000000000e-14  1.3179317412762056e+10
