#FileSignature: 0
#legend: No Name
#sim_duration: 0.003215
#title_str: z = 
#tlabel: z
#tscale: 0.007058
#tscale_str: $L_{NL}$
#tunit_str: m
#xcordID: T
#xlabel: t
#xscale: 0.000000
#xscale_str: $t_{p}$
#xunit_str: s
#ycordID: I
#ylabel: I
#yscale: 550000000000000.000000
#yscale_str: $I_{0}$
#yunit_str: W/m$^{2}$
 -4.0000000000000000e-14  3.0037426503153467e+09
 -3.9843444227005873e-14  2.9955492222131491e+09
 -3.9686888454011739e-14  2.9825292286298833e+09
 -3.9530332681017612e-14  2.9867275600749383e+09
 -3.9373776908023484e-14  3.0014187062378559e+09
 -3.9217221135029357e-14  3.0025252104342890e+09
 -3.9060665362035223e-14  2.9893623268230195e+09
 -3.8904109589041096e-14  2.9857672742920475e+09
 -3.8747553816046968e-14  2.9997522955797906e+09
 -3.8590998043052835e-14  3.0099661712880278e+09
 -3.8434442270058707e-14  3.0018395866115808e+09
 -3.8277886497064580e-14  2.9922321908690562e+09
 -3.8121330724070452e-14  3.0008910150063381e+09
 -3.7964774951076319e-14  3.0170339496263762e+09
 -3.7808219178082191e-14  3.0176028962672405e+09
 -3.7651663405088064e-14  3.0062917204634433e+09
 -3.7495107632093930e-14  3.0072996956092219e+09
 -3.7338551859099803e-14  3.0243741438235488e+09
 -3.7181996086105676e-14  3.0344578978130460e+09
 -3.7025440313111548e-14  3.0267131555189290e+09
 -3.6868884540117414e-14  3.0208850540354767e+09
 -3.6712328767123287e-14  3.0338954597966409e+09
 -3.6555772994129160e-14  3.0511826455601444e+09
 -3.6399217221135026e-14  3.0513276439769387e+09
 -3.6242661448140899e-14  3.0423293761902237e+09
 -3.6086105675146771e-14  3.0481033762287498e+09
 -3.5929549902152644e-14  3.0679932414356070e+09
 -3.5772994129158510e-14  3.0778384533819890e+09
 -3.5616438356164383e-14  3.0708706900847859e+09
 -3.5459882583170255e-14  3.0692266971352792e+09
 -3.5303326810176122e-14  3.0865009701442637e+09
 -3.5146771037181994e-14  3.1046833066842909e+09
 -3.4990215264187867e-14  3.1046081294819694e+09
 -3.4833659491193740e-14  3.0984488000633950e+09
 -3.4677103718199612e-14  3.1091760386190300e+09
 -3.4520547945205479e-14  3.1316435423018360e+09
 -3.4363992172211351e-14  3.1412249942386951e+09
 -3.4207436399217224e-14  3.1355186210346241e+09
 -3.4050880626223090e-14  3.1385082554984775e+09
 -3.3894324853228963e-14  3.1599822492148337e+09
 -3.3737769080234835e-14  3.1788735813504987e+09
 -3.3581213307240708e-14  3.1788824205677133e+09
 -3.3424657534246574e-14  3.1761632178622627e+09
 -3.3268101761252447e-14  3.1920600325814714e+09
 -3.3111545988258320e-14  3.2169075327517424e+09
 -3.2954990215264186e-14  3.2262932924246063e+09
 -3.2798434442270058e-14  3.2224357408734217e+09
 -3.2641878669275931e-14  3.2305622439436579e+09
 -3.2485322896281804e-14  3.2561997963682456e+09
 -3.2328767123287670e-14  3.2756857236451712e+09
 -3.2172211350293543e-14  3.2761990651945210e+09
 -3.2015655577299415e-14  3.2776105501826134e+09
 -3.1859099804305282e-14  3.2989294050341640e+09
 -3.1702544031311154e-14  3.3260067601664166e+09
 -3.1545988258317027e-14  3.3353742372901287e+09
 -3.1389432485322899e-14  3.3340753020275941e+09
 -3.1232876712328766e-14  3.3479076972657027e+09
 -3.1076320939334638e-14  3.3777078290606451e+09
 -3.0919765166340511e-14  3.3977601151512327e+09
 -3.0763209393346377e-14  3.3993376874721031e+09
 -3.0606653620352250e-14  3.4056788678056259e+09
 -3.0450097847358122e-14  3.4327181598442888e+09
 -3.0293542074363995e-14  3.4619347981010795e+09
 -3.0136986301369861e-14  3.4715946130060945e+09
 -2.9980430528375734e-14  3.4737129684964237e+09
 -2.9823874755381607e-14  3.4939021086449747e+09
 -2.9667318982387473e-14  3.5279101149890428e+09
 -2.9510763209393346e-14  3.5486086736389575e+09
 -2.9354207436399218e-14  3.5519816998012505e+09
 -2.9197651663405091e-14  3.5641854854516091e+09
 -2.9041095890410957e-14  3.5973033036641803e+09
 -2.8884540117416830e-14  3.6286469242335277e+09
 -2.8727984344422702e-14  3.6390773355420508e+09
 -2.8571428571428569e-14  3.6456565698519254e+09
 -2.8414872798434441e-14  3.6729566635128655e+09
 -2.8258317025440314e-14  3.7112809254631634e+09
 -2.8101761252446183e-14  3.7328464234491158e+09
 -2.7945205479452053e-14  3.7389624451668329e+09
 -2.7788649706457925e-14  3.7581297037765713e+09
 -2.7632093933463798e-14  3.7977633748212748e+09
 -2.7475538160469668e-14  3.8313283688565135e+09
 -2.7318982387475537e-14  3.8432244271557059e+09
 -2.7162426614481410e-14  3.8555419920069771e+09
 -2.7005870841487282e-14  3.8908398168280916e+09
 -2.6849315068493152e-14  3.9336772490932794e+09
 -2.6692759295499021e-14  3.9565190912302413e+09
 -2.6536203522504894e-14  3.9666042938826885e+09
 -2.6379647749510763e-14  3.9940497801325054e+09
 -2.6223091976516633e-14  4.0407440514974594e+09
 -2.6066536203522505e-14  4.0767745057423210e+09
 -2.5909980430528378e-14  4.0911183256204100e+09
 -2.5753424657534247e-14  4.1107525146228881e+09
 -2.5596868884540117e-14  4.1551077265977240e+09
 -2.5440313111545990e-14  4.2027825107922196e+09
 -2.5283757338551859e-14  4.2275695892578030e+09
 -2.5127201565557732e-14  4.2432160765647078e+09
 -2.4970645792563601e-14  4.2805312456281466e+09
 -2.4814090019569471e-14  4.3349797603071756e+09
 -2.4657534246575343e-14  4.3739347925638704e+09
 -2.4500978473581213e-14  4.3920966969942989e+09
 -2.4344422700587085e-14  4.4210193263215971e+09
 -2.4187866927592955e-14  4.4757213638377810e+09
 -2.4031311154598827e-14  4.5287447845490208e+09
 -2.3874755381604697e-14  4.5565107088278103e+09
 -2.3718199608610569e-14  4.5797998783429489e+09
 -2.3561643835616439e-14  4.6289400068183622e+09
 -2.3405088062622308e-14  4.6920478794043512e+09
 -2.3248532289628181e-14  4.7347025984708738e+09
 -2.3091976516634050e-14  4.7585889446573238e+09
 -2.2935420743639923e-14  4.7992949748547440e+09
 -2.2778864970645793e-14  4.8659439961692572e+09
 -2.2622309197651665e-14  4.9251079333264227e+09
 -2.2465753424657535e-14  4.9574117394387074e+09
 -2.2309197651663404e-14  4.9910943224685335e+09
 -2.2152641878669277e-14  5.0545012811227179e+09
 -2.1996086105675146e-14  5.1274760267956867e+09
 -2.1839530332681019e-14  5.1750748346779604e+09
 -2.1682974559686888e-14  5.2073529576410656e+09
 -2.1526418786692761e-14  5.2630595361471519e+09
 -2.1369863013698630e-14  5.3436900381029863e+09
 -2.1213307240704500e-14  5.4101961033785305e+09
 -2.1056751467710372e-14  5.4493426579726458e+09
 -2.0900195694716242e-14  5.4971118527227097e+09
 -2.0743639921722114e-14  5.5779473119217148e+09
 -2.0587084148727984e-14  5.6624822440747795e+09
 -2.0430528375733857e-14  5.7169280015211496e+09
 -2.0273972602739726e-14  5.7612460685995703e+09
 -2.0117416829745599e-14  5.8361591411531973e+09
 -1.9960861056751468e-14  5.9336081069271603e+09
 -1.9804305283757338e-14  6.0095010380340271e+09
 -1.9647749510763210e-14  6.0588054478626671e+09
 -1.9491193737769080e-14  6.1252578192530508e+09
 -1.9334637964774952e-14  6.2274487689266863e+09
 -1.9178082191780822e-14  6.3264648342748680e+09
 -1.9021526418786694e-14  6.3915764315798283e+09
 -1.8864970645792564e-14  6.4530987464678802e+09
 -1.8708414872798436e-14  6.5514506938715506e+09
 -1.8551859099804306e-14  6.6682793819613562e+09
 -1.8395303326810175e-14  6.7577550782778149e+09
 -1.8238747553816048e-14  6.8252614553789682e+09
 -1.8082191780821917e-14  6.9180575810768185e+09
 -1.7925636007827790e-14  7.0432204787842808e+09
 -1.7769080234833660e-14  7.1554046430732231e+09
 -1.7612524461839532e-14  7.2375127715755968e+09
 -1.7455968688845402e-14  7.3330494987436361e+09
 -1.7299412915851271e-14  7.4688384833623438e+09
 -1.7142857142857144e-14  7.6018211332580595e+09
 -1.6986301369863013e-14  7.6918277223657732e+09
 -1.6829745596868886e-14  7.7815430920124760e+09
 -1.6673189823874755e-14  7.9345632149810686e+09
 -1.6516634050880628e-14  8.1191860295013161e+09
 -1.6360078277886497e-14  8.2400208476616774e+09
 -1.6203522504892367e-14  8.2928788377722759e+09
 -1.6046966731898239e-14  8.3984376800785980e+09
 -1.5890410958904109e-14  8.6321573993479347e+09
 -1.5733855185909982e-14  8.8895622452035847e+09
 -1.5577299412915851e-14  9.0067152771218185e+09
 -1.5420743639921724e-14  8.9957240014780941e+09
 -1.5264187866927593e-14  9.0689237160687256e+09
 -1.5107632093933466e-14  9.3843912538219204e+09
 -1.4951076320939335e-14  9.8108283234061890e+09
 -1.4794520547945205e-14  1.0024578990905354e+10
 -1.4637964774951077e-14  9.8933280567594128e+09
 -1.4481409001956947e-14  9.7344725521588230e+09
 -1.4324853228962819e-14  1.0053268545992107e+10
 -1.4168297455968689e-14  1.0890950031759398e+10
 -1.4011741682974561e-14  1.1538138587578789e+10
 -1.3855185909980431e-14  1.1242483050190836e+10
 -1.3698630136986304e-14  1.0351441971946350e+10
 -1.3542074363992173e-14  1.0321991877087532e+10
 -1.3385518590998042e-14  1.1985744845737139e+10
 -1.3228962818003915e-14  1.3946285157228863e+10
 -1.3072407045009785e-14  1.3727313621105389e+10
 -1.2915851272015657e-14  1.1156151082766663e+10
 -1.2759295499021527e-14  9.6617787382272072e+09
 -1.2602739726027399e-14  1.2521975813603403e+10
 -1.2446183953033269e-14  1.7747933952655251e+10
 -1.2289628180039138e-14  1.8979455301392162e+10
 -1.2133072407045011e-14  1.3463581156130342e+10
 -1.1976516634050880e-14  7.6984094565032539e+09
 -1.1819960861056753e-14  1.1211219526730530e+10
 -1.1663405088062622e-14  2.3363666858048042e+10
 -1.1506849315068495e-14  3.0512432370793045e+10
 -1.1350293542074368e-14  2.1681462557545124e+10
 -1.1193737769080234e-14  6.0396879314473753e+09
 -1.1037181996086107e-14  6.6608290219637089e+09
 -1.0880626223091979e-14  3.1312911762207436e+10
 -1.0724070450097845e-14  5.5610438197371727e+10
 -1.0567514677103718e-14  4.8000184524824844e+10
 -1.0410958904109591e-14  1.4179527343266022e+10
 -1.0254403131115463e-14  1.8467649737360628e+09
 -1.0097847358121330e-14  4.5098086125483192e+10
 -9.9412915851272022e-15  1.1012019054101532e+11
 -9.7847358121330748e-15  1.2278574794156764e+11
 -9.6281800391389412e-15  6.4768808729918617e+10
 -9.4716242661448138e-15  1.9340570456934448e+10
 -9.3150684931506864e-15  8.3303531901115936e+10
 -9.1585127201565590e-15  2.3132397794949088e+11
 -9.0019569471624253e-15  3.1613221033475830e+11
 -8.8454011741682979e-15  2.4662401192463986e+11
 -8.6888454011741706e-15  1.3899400398605713e+11
 -8.5322896281800369e-15  2.1305872807716318e+11
 -8.3757338551859095e-15  5.0834950486706519e+11
 -8.2191780821917821e-15  7.7820810144412244e+11
 -8.0626223091976547e-15  7.6647213250394055e+11
 -7.9060665362035210e-15  5.7690998859148535e+11
 -7.7495107632093937e-15  6.2978703170814075e+11
 -7.5929549902152663e-15  1.1533070169597627e+12
 -7.4363992172211389e-15  1.8114344948158916e+12
 -7.2798434442270052e-15  2.0371490301409436e+12
 -7.1232876712328778e-15  1.7834104764699619e+12
 -6.9667318982387504e-15  1.7327559744078499e+12
 -6.8101761252446168e-15  2.5295348361201826e+12
 -6.6536203522504894e-15  3.8768454313732236e+12
 -6.4970645792563620e-15  4.7427612154260361e+12
 -6.3405088062622346e-15  4.6549583103945781e+12
 -6.1839530332681009e-15  4.5153640563360664e+12
 -6.0273972602739735e-15  5.6643999018879619e+12
 -5.8708414872798462e-15  8.0916679023380068e+12
 -5.7142857142857125e-15  1.0107742868004273e+13
 -5.5577299412915851e-15  1.0284108742509670e+13
 -5.4011741682974577e-15  9.4827630295363574e+12
 -5.2446183953033303e-15  1.0191192751190348e+13
 -5.0880626223091966e-15  1.3525893963794818e+13
 -4.9315068493150693e-15  1.7574891271697760e+13
 -4.7749510763209419e-15  1.9624675809279848e+13
 -4.6183953033268082e-15  1.9902247594823910e+13
 -4.4618395303326808e-15  2.1845586878405512e+13
 -4.3052837573385534e-15  2.7741573588702543e+13
 -4.1487279843444261e-15  3.4840209794947090e+13
 -3.9921722113502924e-15  3.7534874515370078e+13
 -3.8356164383561650e-15  3.4028920535360430e+13
 -3.6790606653620376e-15  2.9449621004848277e+13
 -3.5225048923679039e-15  3.0630485292590602e+13
 -3.3659491193737765e-15  3.8128107766069359e+13
 -3.2093933463796492e-15  4.5651846978469062e+13
 -3.0528375733855218e-15  4.8670041644912484e+13
 -2.8962818003913881e-15  5.1687860936430484e+13
 -2.7397260273972607e-15  6.3595620924463305e+13
 -2.5831702544031333e-15  8.4875362781517578e+13
 -2.4266144814089996e-15  1.0247816421219409e+14
 -2.2700587084148723e-15  1.0128522463695173e+14
 -2.1135029354207449e-15  8.1104811417343359e+13
 -1.9569471624266175e-15  5.9126751689989078e+13
 -1.8003913894324838e-15  5.2965886078126883e+13
 -1.6438356164383564e-15  6.2736424040045750e+13
 -1.4872798434442290e-15  7.3486796045276000e+13
 -1.3307240704501017e-15  7.5928374280890859e+13
 -1.1741682974559680e-15  8.0412755770761844e+13
 -1.0176125244618406e-15  1.0533376560712484e+14
 -8.6105675146771321e-16  1.5147580543934719e+14
 -7.0450097847357952e-16  1.9283988332925853e+14
 -5.4794520547945214e-16  1.9787936022194334e+14
 -3.9138943248532476e-16  1.6033504117529528e+14
 -2.3483365949119738e-16  1.0633808233801762e+14
 -7.8277886497063690e-17  6.9832115291338562e+13
  7.8277886497063690e-17  6.3092980945892578e+13
  2.3483365949119107e-16  7.3297499645591547e+13
  3.9138943248532476e-16  8.5339470628794516e+13
  5.4794520547945214e-16  1.0158618446865872e+14
  7.0450097847357952e-16  1.3497194880798580e+14
  8.6105675146770690e-16  1.8492306211401553e+14
  1.0176125244618406e-15  2.2667760956812828e+14
  1.1741682974559680e-15  2.2932165577721812e+14
  1.3307240704500954e-15  1.8476022132913997e+14
  1.4872798434442290e-15  1.1713477837883328e+14
  1.6438356164383564e-15  6.3340962040932055e+13
  1.8003913894324838e-15  4.5139237403449539e+13
  1.9569471624266112e-15  5.9040572630877859e+13
  2.1135029354207449e-15  8.8360658066543000e+13
  2.2700587084148723e-15  1.1951863991333631e+14
  2.4266144814089996e-15  1.4573694400978659e+14
  2.5831702544031270e-15  1.6037916185662891e+14
  2.7397260273972607e-15  1.5437471424064300e+14
  2.8962818003913881e-15  1.2410615204792395e+14
  3.0528375733855155e-15  8.0061174173345031e+13
  3.2093933463796492e-15  4.3315961569763359e+13
  3.3659491193737765e-15  3.0401892511572840e+13
  3.5225048923679039e-15  4.0836101802202430e+13
  3.6790606653620313e-15  5.9415439882467906e+13
  3.8356164383561650e-15  7.0169282925535250e+13
  3.9921722113502924e-15  6.7930730416232625e+13
  4.1487279843444197e-15  5.7957933313861992e+13
  4.3052837573385534e-15  4.7263691735399969e+13
  4.4618395303326808e-15  3.8241849787567617e+13
  4.6183953033268082e-15  2.9839589226304238e+13
  4.7749510763209356e-15  2.2086392585143160e+13
  4.9315068493150693e-15  1.7299024608418061e+13
  5.0880626223091966e-15  1.6990404208680982e+13
  5.2446183953033240e-15  1.9213925701019141e+13
  5.4011741682974577e-15  2.0057802773633812e+13
  5.5577299412915851e-15  1.7509242545820113e+13
  5.7142857142857125e-15  1.3119056719942799e+13
  5.8708414872798399e-15  9.8101454391229785e+12
  6.0273972602739735e-15  8.6896664846557256e+12
  6.1839530332681009e-15  8.4221025654738047e+12
  6.3405088062622283e-15  7.3314730046052725e+12
  6.4970645792563620e-15  5.3768781413765527e+12
  6.6536203522504894e-15  3.8354013388423716e+12
  6.8101761252446168e-15  3.5170669699784116e+12
  6.9667318982387441e-15  3.8419541444091372e+12
  7.1232876712328778e-15  3.6906554728905151e+12
  7.2798434442270052e-15  2.7417570526880361e+12
  7.4363992172211326e-15  1.6819462772270789e+12
  7.5929549902152663e-15  1.2490751831381057e+12
  7.7495107632093937e-15  1.4002606546788604e+12
  7.9060665362035210e-15  1.5140649957619197e+12
  8.0626223091976484e-15  1.1962737933138232e+12
  8.2191780821917821e-15  6.6534970683607239e+11
  8.3757338551859095e-15  3.7227338574094958e+11
  8.5322896281800369e-15  4.4010635606875848e+11
  8.6888454011741642e-15  5.8966274896998560e+11
  8.8454011741682979e-15  5.3214126517919415e+11
  9.0019569471624253e-15  2.8947794118627588e+11
  9.1585127201565527e-15  9.9372353826829147e+10
  9.3150684931506864e-15  1.0119589654493042e+11
  9.4716242661448138e-15  2.0132343996769241e+11
  9.6281800391389412e-15  2.2794303759910519e+11
  9.7847358121330685e-15  1.3770189615795862e+11
  9.9412915851272022e-15  3.2496189786622150e+10
  1.0097847358121330e-14  1.1549814886705502e+10
  1.0254403131115457e-14  6.1481749186282990e+10
  1.0410958904109591e-14  9.7346692967035019e+10
  1.0567514677103718e-14  7.3054459667203308e+10
  1.0724070450097845e-14  2.2068426515975643e+10
  1.0880626223091973e-14  3.8881066778155088e+08
  1.1037181996086107e-14  1.9027911913488197e+10
  1.1193737769080234e-14  4.3135596694478035e+10
  1.1350293542074361e-14  4.1787551536568199e+10
  1.1506849315068495e-14  2.0589749094293705e+10
  1.1663405088062622e-14  5.7583259425390921e+09
  1.1819960861056750e-14  9.9463918910628815e+09
  1.1976516634050877e-14  2.2077876233088848e+10
  1.2133072407045011e-14  2.5772087120994358e+10
  1.2289628180039138e-14  1.8469673678641163e+10
  1.2446183953033266e-14  1.0307877515828386e+10
  1.2602739726027393e-14  9.6181922652189751e+09
  1.2759295499021527e-14  1.4456957528513294e+10
  1.2915851272015654e-14  1.7573731567573929e+10
  1.3072407045009781e-14  1.5669067328157476e+10
  1.3228962818003915e-14  1.1800947173504908e+10
  1.3385518590998042e-14  1.0301751398616457e+10
  1.3542074363992170e-14  1.1760169987017609e+10
  1.3698630136986297e-14  1.3434419740045855e+10
  1.3855185909980431e-14  1.3145679925757313e+10
  1.4011741682974558e-14  1.1483075720782160e+10
  1.4168297455968686e-14  1.0380137567373503e+10
  1.4324853228962819e-14  1.0609383867919365e+10
  1.4481409001956947e-14  1.1260190160206371e+10
  1.4637964774951074e-14  1.1240422947621984e+10
  1.4794520547945201e-14  1.0549692953802860e+10
  1.4951076320939335e-14  9.9422275185305557e+09
  1.5107632093933463e-14  9.8353706801711807e+09
  1.5264187866927590e-14  9.9519717384816170e+09
  1.5420743639921724e-14  9.8789542923820095e+09
  1.5577299412915851e-14  9.5821085466420517e+09
  1.5733855185909978e-14  9.2884652867596149e+09
  1.5890410958904106e-14  9.1187747508002148e+09
  1.6046966731898239e-14  9.0109604584633827e+09
  1.6203522504892367e-14  8.8909297669893646e+09
  1.6360078277886494e-14  8.7526201470323105e+09
  1.6516634050880628e-14  8.5977422355371971e+09
  1.6673189823874755e-14  8.4197350168109875e+09
  1.6829745596868883e-14  8.2516228249042034e+09
  1.6986301369863010e-14  8.1400903866725473e+09
  1.7142857142857137e-14  8.0615528202504187e+09
  1.7299412915851265e-14  7.9404412731814976e+09
  1.7455968688845405e-14  7.7661292226165857e+09
  1.7612524461839532e-14  7.6166244987578392e+09
  1.7769080234833660e-14  7.5371324734953814e+09
  1.7925636007827787e-14  7.4674884351497364e+09
  1.8082191780821914e-14  7.3395497235050974e+09
  1.8238747553816042e-14  7.1858425461291933e+09
  1.8395303326810169e-14  7.0825522699904404e+09
  1.8551859099804309e-14  7.0244994603646698e+09
  1.8708414872798436e-14  6.9381657698397856e+09
  1.8864970645792564e-14  6.8053111066333752e+09
  1.9021526418786691e-14  6.6895130485897560e+09
  1.9178082191780819e-14  6.6267165941816273e+09
  1.9334637964774946e-14  6.5669191046820736e+09
  1.9491193737769073e-14  6.4612548508989220e+09
  1.9647749510763213e-14  6.3434359588481503e+09
  1.9804305283757341e-14  6.2700457870269613e+09
  1.9960861056751468e-14  6.2247544244923477e+09
  2.0117416829745596e-14  6.1479585088748627e+09
  2.0273972602739723e-14  6.0380352335856705e+09
  2.0430528375733850e-14  5.9522923533816500e+09
  2.0587084148727978e-14  5.9090479594863558e+09
  2.0743639921722118e-14  5.8578617430863371e+09
  2.0900195694716245e-14  5.7658868367997074e+09
  2.1056751467710372e-14  5.6723879680861816e+09
  2.1213307240704500e-14  5.6209324163941994e+09
  2.1369863013698627e-14  5.5861801684862156e+09
  2.1526418786692755e-14  5.5180745564654675e+09
  2.1682974559686882e-14  5.4262844168147888e+09
  2.1839530332681022e-14  5.3623802114394560e+09
  2.1996086105675149e-14  5.3322753722407179e+09
  2.2152641878669277e-14  5.2874178704887228e+09
  2.2309197651663404e-14  5.2074649566788578e+09
  2.2465753424657531e-14  5.1336041879857950e+09
  2.2622309197651659e-14  5.0979354387875185e+09
  2.2778864970645786e-14  5.0698307690864935e+09
  2.2935420743639926e-14  5.0087407223432846e+09
  2.3091976516634054e-14  4.9323575077062292e+09
  2.3248532289628181e-14  4.8855215394763527e+09
  2.3405088062622308e-14  4.8643494466707115e+09
  2.3561643835616436e-14  4.8238216581202030e+09
  2.3718199608610563e-14  4.7541726627157784e+09
  2.3874755381604690e-14  4.6964300020365896e+09
  2.4031311154598830e-14  4.6724245368193274e+09
  2.4187866927592958e-14  4.6485496281597881e+09
  2.4344422700587085e-14  4.5933003685723228e+09
  2.4500978473581213e-14  4.5300441641476097e+09
  2.4657534246575340e-14  4.4966138678541670e+09
  2.4814090019569467e-14  4.4814865146978178e+09
  2.4970645792563595e-14  4.4441034641231384e+09
  2.5127201565557722e-14  4.3834933766563416e+09
  2.5283757338551862e-14  4.3390705304311666e+09
  2.5440313111545990e-14  4.3236433317830381e+09
  2.5596868884540117e-14  4.3024061722785139e+09
  2.5753424657534244e-14  4.2522615271982083e+09
  2.5909980430528372e-14  4.2003421977246342e+09
  2.6066536203522499e-14  4.1774767011504183e+09
  2.6223091976516626e-14  4.1663292359653630e+09
  2.6379647749510766e-14  4.1313724341885185e+09
  2.6536203522504894e-14  4.0788545687199144e+09
  2.6692759295499021e-14  4.0455284481034470e+09
  2.6849315068493149e-14  4.0363560652421436e+09
  2.7005870841487276e-14  4.0167081463532300e+09
  2.7162426614481403e-14  3.9711974568301830e+09
  2.7318982387475531e-14  3.9291769028953204e+09
  2.7475538160469671e-14  3.9146483138037062e+09
  2.7632093933463798e-14  3.9060032568904347e+09
  2.7788649706457925e-14  3.8730610508135576e+09
  2.7945205479452053e-14  3.8279043342691956e+09
  2.8101761252446180e-14  3.8038780120429554e+09
  2.8258317025440308e-14  3.7991931830644202e+09
  2.8414872798434435e-14  3.7804632389527383e+09
  2.8571428571428575e-14  3.7392919452677345e+09
  2.8727984344422702e-14  3.7059919589055767e+09
  2.8884540117416830e-14  3.6980292152680244e+09
  2.9041095890410957e-14  3.6908312395294476e+09
  2.9197651663405085e-14  3.6596990915985384e+09
  2.9354207436399212e-14  3.6213259625536861e+09
  2.9510763209393339e-14  3.6051254120048547e+09
  2.9667318982387479e-14  3.6035731149157944e+09
  2.9823874755381607e-14  3.5853554939503212e+09
  2.9980430528375734e-14  3.5483481915612502e+09
  3.0136986301369861e-14  3.5227871624133763e+09
  3.0293542074363989e-14  3.5199660717397542e+09
  3.0450097847358116e-14  3.5134690952825236e+09
  3.0606653620352244e-14  3.4840846961797380e+09
  3.0763209393346384e-14  3.4520293653510056e+09
  3.0919765166340511e-14  3.4424293882934132e+09
  3.1076320939334638e-14  3.4429659104663296e+09
  3.1232876712328766e-14  3.4250459623973689e+09
  3.1389432485322893e-14  3.3921095369805202e+09
  3.1545988258317020e-14  3.3734571702706480e+09
  3.1702544031311148e-14  3.3746213279844847e+09
  3.1859099804305288e-14  3.3683105285855198e+09
  3.2015655577299415e-14  3.3407114260476995e+09
  3.2172211350293543e-14  3.3145912641015687e+09
  3.2328767123287670e-14  3.3105613597761369e+09
  3.2485322896281797e-14  3.3123825346103554e+09
  3.2641878669275925e-14  3.2946862696761150e+09
  3.2798434442270052e-14  3.2657857949406219e+09
  3.2954990215264192e-14  3.2533301249618945e+09
  3.3111545988258320e-14  3.2575333409665027e+09
  3.3268101761252447e-14  3.2510707919382358e+09
  3.3424657534246574e-14  3.2253665935963449e+09
  3.3581213307240702e-14  3.2048621441211109e+09
  3.3737769080234829e-14  3.2055264434705129e+09
  3.3894324853228956e-14  3.2080161851793580e+09
  3.4050880626223096e-14  3.1905761904086890e+09
  3.4207436399217224e-14  3.1657190864441147e+09
  3.4363992172211351e-14  3.1588420877606025e+09
  3.4520547945205479e-14  3.1653061172202196e+09
  3.4677103718199606e-14  3.1584927431397080e+09
  3.4833659491193733e-14  3.1348469499236069e+09
  3.4990215264187861e-14  3.1196877712956529e+09
  3.5146771037182001e-14  3.1242951404709425e+09
  3.5303326810176128e-14  3.1269884206384077e+09
  3.5459882583170255e-14  3.1099208895159411e+09
  3.5616438356164383e-14  3.0891465278610473e+09
  3.5772994129158510e-14  3.0873059018182769e+09
  3.5929549902152638e-14  3.0953893492061877e+09
  3.6086105675146765e-14  3.0881384527615247e+09
  3.6242661448140892e-14  3.0667567960126967e+09
  3.6399217221135032e-14  3.0567113178051229e+09
  3.6555772994129160e-14  3.0646129783633690e+09
  3.6712328767123287e-14  3.0671693600703692e+09
  3.6868884540117414e-14  3.0506589551688285e+09
  3.7025440313111542e-14  3.0340319496866174e+09
  3.7181996086105669e-14  3.0367474311406379e+09
  3.7338551859099797e-14  3.0459229904201064e+09
  3.7495107632093937e-14  3.0382422294584899e+09
  3.7651663405088064e-14  3.0193655703758931e+09
  3.7808219178082191e-14  3.0142338207612886e+09
  3.7964774951076319e-14  3.0248666542819829e+09
  3.8121330724070446e-14  3.0270517361178002e+09
  3.8277886497064574e-14  3.0113421550169544e+09
  3.8434442270058701e-14  2.9989482709825935e+09
  3.8590998043052841e-14  3.0057913859974995e+09
  3.8747553816046968e-14  3.0156294875559473e+09
  3.8904109589041096e-14  3.0076092054462028e+09
  3.9060665362035223e-14  2.9915097465989389e+09
  3.9217221135029350e-14  2.9911182438132744e+09
  3.9373776908023478e-14  3.0039925860780892e+09
  3.9530332681017605e-14  3.0056656045601106e+09
  3.9686888454011745e-14  2.9910544500048552e+09
  3.9843444227005873e-14  2.9829984407600961e+09
  4.0000000000000000e-14  2.9935850258820906e+09
