#FileSignature: 0
#legend: No Name
#sim_duration: 0.000200
#title_str: z = 
#tlabel: z
#tscale: 0.007058
#tscale_str: $L_{NL}$
#tunit_str: m
#xcordID: T
#xlabel: t
#xscale: 0.000000
#xscale_str: $t_{p}$
#xunit_str: s
#ycordID: I
#ylabel: I
#yscale: 550000000000000.000000
#yscale_str: $I_{0}$
#yunit_str: W/m$^{2}$
 -4.0000000000000000e-14  3.1542976121293142e+05
 -3.9843444227005873e-14  3.5734242377628456e+05
 -3.9686888454011739e-14  3.7537153686680022e+05
 -3.9530332681017612e-14  3.3915128169923997e+05
 -3.9373776908023484e-14  3.0982744430185645e+05
 -3.9217221135029357e-14  3.3698976760806696e+05
 -3.9060665362035223e-14  3.7503951810268307e+05
 -3.8904109589041096e-14  3.6002336134887050e+05
 -3.8747553816046968e-14  3.1748180364173587e+05
 -3.8590998043052835e-14  3.1945894437134237e+05
 -3.8434442270058707e-14  3.6302781803385983e+05
 -3.8277886497064580e-14  3.7513123278799636e+05
 -3.8121330724070452e-14  3.3573642999629682e+05
 -3.7964774951076319e-14  3.1171936716038379e+05
 -3.7808219178082191e-14  3.4417136559525295e+05
 -3.7651663405088064e-14  3.7900951397414366e+05
 -3.7495107632093930e-14  3.5805539727396285e+05
 -3.7338551859099803e-14  3.1721694316179201e+05
 -3.7181996086105676e-14  3.2609876266058441e+05
 -3.7025440313111548e-14  3.7059244766709785e+05
 -3.6868884540117414e-14  3.7647480618386465e+05
 -3.6712328767123287e-14  3.3455059571483225e+05
 -3.6555772994129160e-14  3.1636728192630748e+05
 -3.6399217221135026e-14  3.5365232444754901e+05
 -3.6242661448140899e-14  3.8460887265139865e+05
 -3.6086105675146771e-14  3.5796432024569937e+05
 -3.5929549902152644e-14  3.1960308934881492e+05
 -3.5772994129158510e-14  3.3542044246734510e+05
 -3.5616438356164383e-14  3.8008921343589114e+05
 -3.5459882583170255e-14  3.7948552293983684e+05
 -3.5303326810176122e-14  3.3571836613889528e+05
 -3.5146771037181994e-14  3.2389078481394646e+05
 -3.4990215264187867e-14  3.6551767639652389e+05
 -3.4833659491193740e-14  3.9192494419509359e+05
 -3.4677103718199612e-14  3.5988523712692864e+05
 -3.4520547945205479e-14  3.2480231948500522e+05
 -3.4363992172211351e-14  3.4755754782453447e+05
 -3.4207436399217224e-14  3.9162368775026733e+05
 -3.4050880626223090e-14  3.8429946712898521e+05
 -3.3894324853228963e-14  3.3942833032293397e+05
 -3.3737769080234835e-14  3.3447815322500060e+05
 -3.3581213307240708e-14  3.7991243793725525e+05
 -3.3424657534246574e-14  4.0109886133249715e+05
 -3.3268101761252447e-14  3.6401552221847547e+05
 -3.3111545988258320e-14  3.3304969154300226e+05
 -3.2954990215264186e-14  3.6271294789489266e+05
 -3.2798434442270058e-14  4.0536019658550771e+05
 -3.2641878669275931e-14  3.9111368785538175e+05
 -3.2485322896281804e-14  3.4594361199722829e+05
 -3.2328767123287670e-14  3.4839630867772276e+05
 -3.2172211350293543e-14  3.9704959502069914e+05
 -3.2015655577299415e-14  4.1233415210899594e+05
 -3.1859099804305282e-14  3.7062650916040741e+05
 -3.1702544031311154e-14  3.4466618966666574e+05
 -3.1545988258317027e-14  3.8116979253704735e+05
 -3.1389432485322899e-14  4.2153160343425046e+05
 -3.1232876712328766e-14  4.0019849834719847e+05
 -3.1076320939334638e-14  3.5561722567131097e+05
 -3.0919765166340511e-14  3.6600553396742174e+05
 -3.0763209393346377e-14  4.1722230616248469e+05
 -3.0606653620352250e-14  4.2590969756202429e+05
 -3.0450097847358122e-14  3.8008039396727039e+05
 -3.0293542074363995e-14  3.6007728402688936e+05
 -3.0136986301369861e-14  4.0330755885245727e+05
 -2.9980430528375734e-14  4.4045381436571997e+05
 -2.9823874755381607e-14  4.1191525110486051e+05
 -2.9667318982387473e-14  3.6891384769992821e+05
 -2.9510763209393346e-14  3.8778042991374730e+05
 -2.9354207436399218e-14  4.4082160301876476e+05
 -2.9197651663405091e-14  4.4219846310328180e+05
 -2.9041095890410957e-14  3.9285416269169661e+05
 -2.8884540117416830e-14  3.7983902652187162e+05
 -2.8727984344422702e-14  4.2962486744294880e+05
 -2.8571428571428569e-14  4.6254666331369180e+05
 -2.8414872798434441e-14  4.2674161823477998e+05
 -2.8258317025440314e-14  3.8644034630295075e+05
 -2.8101761252446183e-14  4.1433932847103389e+05
 -2.7945205479452053e-14  4.6836160800129274e+05
 -2.7788649706457925e-14  4.6169428909842868e+05
 -2.7632093933463798e-14  4.0957332491748693e+05
 -2.7475538160469668e-14  4.0467453247433563e+05
 -2.7318982387475537e-14  4.6077160329552100e+05
 -2.7162426614481410e-14  4.8836375325317640e+05
 -2.7005870841487282e-14  4.4530755380169029e+05
 -2.6849315068493152e-14  4.0898865792718768e+05
 -2.6692759295499021e-14  4.4648547832834499e+05
 -2.6536203522504894e-14  5.0051529276547622e+05
 -2.6379647749510763e-14  4.8505023828453186e+05
 -2.6223091976516633e-14  4.3105974951008655e+05
 -2.6066536203522505e-14  4.3552523437070806e+05
 -2.5909980430528378e-14  4.9759420225430198e+05
 -2.5753424657534247e-14  5.1863514289629494e+05
 -2.5596868884540117e-14  4.6844676079220534e+05
 -2.5440313111545990e-14  4.3759655099029274e+05
 -2.5283757338551859e-14  4.8526523779724259e+05
 -2.5127201565557732e-14  5.3816552954540262e+05
 -2.4970645792563601e-14  5.1313374867336691e+05
 -2.4814090019569471e-14  4.5839993876900768e+05
 -2.4657534246575343e-14  4.7362370685549558e+05
 -2.4500978473581213e-14  5.4120069367229193e+05
 -2.4344422700587085e-14  5.5432952685877681e+05
 -2.4187866927592955e-14  4.9727072033402370e+05
 -2.4031311154598827e-14  4.7363348549486056e+05
 -2.3874755381604697e-14  5.3205099896630424e+05
 -2.3718199608610569e-14  5.8248118791837781e+05
 -2.3561643835616439e-14  5.4711017778820719e+05
 -2.3405088062622308e-14  4.9304316083856166e+05
 -2.3248532289628181e-14  5.2059243234064436e+05
 -2.3091976516634050e-14  5.9305059482919087e+05
 -2.2935420743639923e-14  5.9675247633299872e+05
 -2.2778864970645793e-14  5.3329213052971906e+05
 -2.2622309197651665e-14  5.1892786030570354e+05
 -2.2465753424657535e-14  5.8863710604080418e+05
 -2.2309197651663404e-14  6.3499866698042885e+05
 -2.2152641878669277e-14  5.8857716775208304e+05
 -2.1996086105675146e-14  5.3700718666766223e+05
 -2.1839530332681019e-14  5.7862763011655037e+05
 -2.1682974559686888e-14  6.5501356857446651e+05
 -2.1526418786692761e-14  6.4754123968884198e+05
 -2.1369863013698630e-14  5.7857461102156306e+05
 -2.1213307240704500e-14  5.7617589852838614e+05
 -2.1056751467710372e-14  6.5765665491970803e+05
 -2.0900195694716242e-14  6.9763522353688267e+05
 -2.0743639921722114e-14  6.3918292623918550e+05
 -2.0587084148727984e-14  5.9279709679451596e+05
 -2.0430528375733857e-14  6.5141398239655106e+05
 -2.0273972602739726e-14  7.3082264936808660e+05
 -2.0117416829745599e-14  7.0902771237868047e+05
 -1.9960861056751468e-14  6.3414326715647045e+05
 -1.9804305283757338e-14  6.4729759221824748e+05
 -1.9647749510763210e-14  7.4424988654282212e+05
 -1.9491193737769080e-14  7.7783490824942593e+05
 -1.9334637964774952e-14  7.0375445030877693e+05
 -1.9178082191780822e-14  6.5878889709247567e+05
 -1.9021526418786694e-14  7.3524792325815326e+05
 -1.8864970645792564e-14  8.2581582100950636e+05
 -1.8708414872798436e-14  7.9938605178483843e+05
 -1.8551859099804306e-14  7.1588309817418316e+05
 -1.8395303326810175e-14  7.2454734367378068e+05
 -1.8238747553816048e-14  8.2129790489922033e+05
 -1.8082191780821917e-14  8.6822320690728608e+05
 -1.7925636007827790e-14  8.2510446735181252e+05
 -1.7769080234833660e-14  7.9359649029339163e+05
 -1.7612524461839532e-14  8.2282860763646697e+05
 -1.7455968688845402e-14  8.4430985619718430e+05
 -1.7299412915851271e-14  8.4371102841114765e+05
 -1.7142857142857144e-14  9.0969087098813883e+05
 -1.6986301369863013e-14  1.0168393011989354e+06
 -1.6829745596868886e-14  9.6757270286194689e+05
 -1.6673189823874755e-14  7.4049911914419814e+05
 -1.6516634050880628e-14  7.0023805379650020e+05
 -1.6360078277886497e-14  1.1214787850619759e+06
 -1.6203522504892367e-14  1.5906753055333344e+06
 -1.6046966731898239e-14  1.3734421887560838e+06
 -1.5890410958904109e-14  5.6307572160864924e+05
 -1.5733855185909982e-14  3.5046284947587503e+05
 -1.5577299412915851e-14  1.5602735463590755e+06
 -1.5420743639921724e-14  3.1432853810775466e+06
 -1.5264187866927593e-14  3.0553963400997529e+06
 -1.5107632093933466e-14  1.1033880523485304e+06
 -1.4951076320939335e-14  1.0391149729844529e+05
 -1.4794520547945205e-14  2.8819859141533682e+06
 -1.4637964774951077e-14  8.0113202443077993e+06
 -1.4481409001956947e-14  1.0288383414915761e+07
 -1.4324853228962819e-14  7.2543837923012441e+06
 -1.4168297455968689e-14  4.4722695239590174e+06
 -1.4011741682974561e-14  1.0979026659277122e+07
 -1.3855185909980431e-14  2.7524021686122414e+07
 -1.3698630136986304e-14  4.2458157102694727e+07
 -1.3542074363992173e-14  4.5144060879144251e+07
 -1.3385518590998042e-14  4.4234223396679327e+07
 -1.3228962818003915e-14  6.4919044384991907e+07
 -1.3072407045009785e-14  1.2017718327523434e+08
 -1.2915851272015657e-14  1.8917698269351944e+08
 -1.2759295499021527e-14  2.3960854761148846e+08
 -1.2602739726027399e-14  2.7887813242465365e+08
 -1.2446183953033269e-14  3.6817959939381146e+08
 -1.2289628180039138e-14  5.6294365639126837e+08
 -1.2133072407045011e-14  8.4136595527821398e+08
 -1.1976516634050880e-14  1.1264940841385541e+09
 -1.1819960861056753e-14  1.4070852393195996e+09
 -1.1663405088062622e-14  1.8142467497193530e+09
 -1.1506849315068495e-14  2.5226453568292365e+09
 -1.1350293542074368e-14  3.5611120061965284e+09
 -1.1193737769080234e-14  4.7874190840517931e+09
 -1.1037181996086107e-14  6.1306490656762314e+09
 -1.0880626223091979e-14  7.8411432049737635e+09
 -1.0724070450097845e-14  1.0382893653172356e+10
 -1.0567514677103718e-14  1.4008429812882113e+10
 -1.0410958904109591e-14  1.8546359853311234e+10
 -1.0254403131115463e-14  2.3802755692616806e+10
 -1.0097847358121330e-14  3.0205901755465977e+10
 -9.9412915851272022e-15  3.8838402207337357e+10
 -9.7847358121330748e-15  5.0621241377365280e+10
 -9.6281800391389412e-15  6.5591959742183914e+10
 -9.4716242661448138e-15  8.3393834010717514e+10
 -9.3150684931506864e-15  1.0467733664116138e+11
 -9.1585127201565590e-15  1.3168322660032507e+11
 -9.0019569471624253e-15  1.6693234946550797e+11
 -8.8454011741682979e-15  2.1138571931430634e+11
 -8.6888454011741706e-15  2.6463764953172107e+11
 -8.5322896281800369e-15  3.2752780032376489e+11
 -8.3757338551859095e-15  4.0416157181864459e+11
 -8.2191780821917821e-15  5.0029888713498132e+11
 -8.0626223091976547e-15  6.1944307973925818e+11
 -7.9060665362035210e-15  7.6166431563899878e+11
 -7.7495107632093937e-15  9.2766865954660461e+11
 -7.5929549902152663e-15  1.1237687600493708e+12
 -7.4363992172211389e-15  1.3609216942374507e+12
 -7.2798434442270052e-15  1.6476713456550247e+12
 -7.1232876712328778e-15  1.9855612651459915e+12
 -6.9667318982387504e-15  2.3743791764884424e+12
 -6.8101761252446168e-15  2.8225214554677349e+12
 -6.6536203522504894e-15  3.3491968276313730e+12
 -6.4970645792563620e-15  3.9732050689851680e+12
 -6.3405088062622346e-15  4.7004341323046787e+12
 -6.1839530332681009e-15  5.5267392827955088e+12
 -6.0273972602739735e-15  6.4551014034142070e+12
 -5.8708414872798462e-15  7.5058327759235293e+12
 -5.7142857142857125e-15  8.7040810331211807e+12
 -5.5577299412915851e-15  1.0058209100906852e+13
 -5.4011741682974577e-15  1.1559688172998105e+13
 -5.2446183953033303e-15  1.3212387270878145e+13
 -5.0880626223091966e-15  1.5058529097942529e+13
 -4.9315068493150693e-15  1.7162486356490834e+13
 -4.7749510763209419e-15  1.9558937553312152e+13
 -4.6183953033268082e-15  2.2218985791285371e+13
 -4.4618395303326808e-15  2.5074515188737980e+13
 -4.3052837573385534e-15  2.8074933060011578e+13
 -4.1487279843444261e-15  3.1211417458229586e+13
 -3.9921722113502924e-15  3.4487813197444781e+13
 -3.8356164383561650e-15  3.7895026352997758e+13
 -3.6790606653620376e-15  4.1451101484978773e+13
 -3.5225048923679039e-15  4.5276334296716508e+13
 -3.3659491193737765e-15  4.9590208716712836e+13
 -3.2093933463796492e-15  5.4567561199695070e+13
 -3.0528375733855218e-15  6.0147739988754867e+13
 -2.8962818003913881e-15  6.5978612050552594e+13
 -2.7397260273972607e-15  7.1574580318408922e+13
 -2.5831702544031333e-15  7.6567844888210266e+13
 -2.4266144814089996e-15  8.0855824076089516e+13
 -2.2700587084148723e-15  8.4581251984287672e+13
 -2.1135029354207449e-15  8.8058419048720297e+13
 -1.9569471624266175e-15  9.1754706598982297e+13
 -1.8003913894324838e-15  9.6258017729907516e+13
 -1.6438356164383564e-15  1.0206238598612048e+14
 -1.4872798434442290e-15  1.0917457517427450e+14
 -1.3307240704501017e-15  1.1683350894268898e+14
 -1.1741682974559680e-15  1.2368418890802592e+14
 -1.0176125244618406e-15  1.2841715174917197e+14
 -8.6105675146771321e-16  1.3046396918548295e+14
 -7.0450097847357952e-16  1.3026332337010911e+14
 -5.4794520547945214e-16  1.2897102020652050e+14
 -3.9138943248532476e-16  1.2791117535219111e+14
 -2.3483365949119738e-16  1.2813831213530600e+14
 -7.8277886497063690e-17  1.3020533089485086e+14
  7.8277886497063690e-17  1.3400152866986814e+14
  2.3483365949119107e-16  1.3862266652034281e+14
  3.9138943248532476e-16  1.4248566218405841e+14
  5.4794520547945214e-16  1.4389222860914575e+14
  7.0450097847357952e-16  1.4186777545907669e+14
  8.6105675146770690e-16  1.3673157767115366e+14
  1.0176125244618406e-15  1.2994370871702256e+14
  1.1741682974559680e-15  1.2331068936037681e+14
  1.3307240704500954e-15  1.1811470946092881e+14
  1.4872798434442290e-15  1.1470766068613409e+14
  1.6438356164383564e-15  1.1265612415348650e+14
  1.8003913894324838e-15  1.1112468844772656e+14
  1.9569471624266112e-15  1.0919003393727217e+14
  2.1135029354207449e-15  1.0605073157409364e+14
  2.2700587084148723e-15  1.0124811086629434e+14
  2.4266144814089996e-15  9.4884312081930516e+13
  2.5831702544031270e-15  8.7644157427320109e+13
  2.7397260273972607e-15  8.0489536248367281e+13
  2.8962818003913881e-15  7.4175575603352078e+13
  3.0528375733855155e-15  6.8925989053930898e+13
  3.2093933463796492e-15  6.4477985951671344e+13
  3.3659491193737765e-15  6.0391473165597164e+13
  3.5225048923679039e-15  5.6335283890182508e+13
  3.6790606653620313e-15  5.2169052608402961e+13
  3.8356164383561650e-15  4.7873961425224250e+13
  3.9921722113502924e-15  4.3489634792725609e+13
  4.1487279843444197e-15  3.9120411595808125e+13
  4.3052837573385534e-15  3.4942279082452465e+13
  4.4618395303326808e-15  3.1138003053915387e+13
  4.6183953033268082e-15  2.7794186712392641e+13
  4.7749510763209356e-15  2.4860229588893801e+13
  4.9315068493150693e-15  2.2211538632986898e+13
  5.0880626223091966e-15  1.9752040042561965e+13
  5.2446183953033240e-15  1.7460534145213312e+13
  5.4011741682974577e-15  1.5357279348877906e+13
  5.5577299412915851e-15  1.3449502704020709e+13
  5.7142857142857125e-15  1.1718073973328307e+13
  5.8708414872798399e-15  1.0144889762349598e+13
  6.0273972602739735e-15  8.7343546832376475e+12
  6.1839530332681009e-15  7.5004391198625791e+12
  6.3405088062622283e-15  6.4388359128889404e+12
  6.4970645792563620e-15  5.5199626603427881e+12
  6.6536203522504894e-15  4.7095540529959326e+12
  6.8101761252446168e-15  3.9908433157412129e+12
  6.9667318982387441e-15  3.3644660214402954e+12
  7.1232876712328778e-15  2.8309595170824199e+12
  7.2798434442270052e-15  2.3787745059554888e+12
  7.4363992172211326e-15  1.9897063866482153e+12
  7.5929549902152663e-15  1.6516300120867983e+12
  7.7495107632093937e-15  1.3623832727426948e+12
  7.9060665362035210e-15  1.1221295481710513e+12
  8.0626223091976484e-15  9.2523648753746045e+11
  8.2191780821917821e-15  7.6102595536387732e+11
  8.3757338551859095e-15  6.2075985035943579e+11
  8.5322896281800369e-15  5.0168644923127948e+11
  8.6888454011741642e-15  4.0418182456140076e+11
  8.8454011741682979e-15  3.2662156262460065e+11
  9.0019569471624253e-15  2.6416321198568106e+11
  9.1585127201565527e-15  2.1187708284995135e+11
  9.3150684931506864e-15  1.6769157076714078e+11
  9.4716242661448138e-15  1.3184851422200369e+11
  9.6281800391389412e-15  1.0422825195444225e+11
  9.7847358121330685e-15  8.2983412884769592e+10
  9.9412915851272022e-15  6.5666588418670753e+10
  1.0097847358121330e-14  5.0976815897694435e+10
  1.0254403131115457e-14  3.9003155937272789e+10
  1.0410958904109591e-14  3.0026818570788479e+10
  1.0567514677103718e-14  2.3536746147881046e+10
  1.0724070450097845e-14  1.8477200744612339e+10
  1.0880626223091973e-14  1.4130175743189228e+10
  1.1037181996086107e-14  1.0481891077149445e+10
  1.1193737769080234e-14  7.7850440937326622e+09
  1.1350293542074361e-14  5.9935052782577868e+09
  1.1506849315068495e-14  4.7157351225914440e+09
  1.1663405088062622e-14  3.5952349778775206e+09
  1.1819960861056750e-14  2.5809971732584682e+09
  1.1976516634050877e-14  1.8146961096884682e+09
  1.2133072407045011e-14  1.3562358171444716e+09
  1.2289628180039138e-14  1.0879332008825574e+09
  1.2446183953033266e-14  8.5032943858039832e+08
  1.2602739726027393e-14  5.9527131435198438e+08
  1.2759295499021527e-14  3.8262584741956723e+08
  1.2915851272015654e-14  2.6628307465618286e+08
  1.3072407045009781e-14  2.2330403168331656e+08
  1.3228962818003915e-14  1.8995977526467684e+08
  1.3385518590998042e-14  1.3424777210242876e+08
  1.3542074363992170e-14  7.5123364466304883e+07
  1.3698630136986297e-14  4.2529101542766780e+07
  1.3855185909980431e-14  3.8422658510489300e+07
  1.4011741682974558e-14  4.0466876436887704e+07
  1.4168297455968686e-14  3.1551991012288470e+07
  1.4324853228962819e-14  1.5274647722715296e+07
  1.4481409001956947e-14  4.6882362973739691e+06
  1.4637964774951074e-14  4.5645424941699449e+06
  1.4794520547945201e-14  8.3346453896597456e+06
  1.4951076320939335e-14  8.3837099207706330e+06
  1.5107632093933463e-14  4.2633554035409214e+06
  1.5264187866927590e-14  5.8674278251585469e+05
  1.5420743639921724e-14  2.7118458442206332e+05
  1.5577299412915851e-14  1.9457617678036471e+06
  1.5733855185909978e-14  2.8268619532358996e+06
  1.5890410958904106e-14  2.0528273657578942e+06
  1.6046966731898239e-14  8.2143377769825060e+05
  1.6203522504892367e-14  4.0350434890295571e+05
  1.6360078277886494e-14  8.5288185932904459e+05
  1.6516634050880628e-14  1.3861293967070603e+06
  1.6673189823874755e-14  1.4059968716666643e+06
  1.6829745596868883e-14  1.0004029674361808e+06
  1.6986301369863010e-14  6.6729234114270646e+05
  1.7142857142857137e-14  7.2298348026939156e+05
  1.7299412915851265e-14  1.0003214293189797e+06
  1.7455968688845405e-14  1.1093779072920457e+06
  1.7612524461839532e-14  9.2935678220631939e+05
  1.7769080234833660e-14  7.2197663101433229e+05
  1.7925636007827787e-14  7.4131906915809668e+05
  1.8082191780821914e-14  8.9623624936653231e+05
  1.8238747553816042e-14  9.2693008708015643e+05
  1.8395303326810169e-14  7.9687524443534226e+05
  1.8551859099804309e-14  7.1035762857951655e+05
  1.8708414872798436e-14  7.7186522208031500e+05
  1.8864970645792564e-14  8.4181793152195134e+05
  1.9021526418786691e-14  7.8798080029332568e+05
  1.9178082191780819e-14  6.9597325219993503e+05
  1.9334637964774946e-14  7.0725777796162490e+05
  1.9491193737769073e-14  7.7964147819362266e+05
  1.9647749510763213e-14  7.6940571798034676e+05
  1.9804305283757341e-14  6.7915841290197277e+05
  1.9960861056751468e-14  6.4877714999873098e+05
  2.0117416829745596e-14  7.1451585255185363e+05
  2.0273972602739723e-14  7.4915456006794120e+05
  2.0430528375733850e-14  6.7967118283891457e+05
  2.0587084148727978e-14  6.0986560431657208e+05
  2.0743639921722118e-14  6.4324961559520813e+05
  2.0900195694716245e-14  7.0912126633850613e+05
  2.1056751467710372e-14  6.8373174123004416e+05
  2.1213307240704500e-14  5.9833952821890172e+05
  2.1369863013698627e-14  5.8421737227039295e+05
  2.1526418786692755e-14  6.5140769295322895e+05
  2.1682974559686882e-14  6.7425929968102451e+05
  2.1839530332681022e-14  6.0395177134244039e+05
  2.1996086105675149e-14  5.4849328183019860e+05
  2.2152641878669277e-14  5.8916380845259537e+05
  2.2309197651663404e-14  6.4526716000717029e+05
  2.2465753424657531e-14  6.1217924817351729e+05
  2.2622309197651659e-14  5.3664843818172079e+05
  2.2778864970645786e-14  5.3569887220245716e+05
  2.2935420743639926e-14  5.9964578581749147e+05
  2.3091976516634054e-14  6.1068917586480209e+05
  2.3248532289628181e-14  5.4191147989706451e+05
  2.3405088062622308e-14  5.0060925003855984e+05
  2.3561643835616436e-14  5.4638701142016263e+05
  2.3718199608610563e-14  5.9230774676272215e+05
  2.3874755381604690e-14  5.5291659675243648e+05
  2.4031311154598830e-14  4.8717560009019572e+05
  2.4187866927592958e-14  4.9731521128779592e+05
  2.4344422700587085e-14  5.5703379366442049e+05
  2.4500978473581213e-14  5.5766869116677961e+05
  2.4657534246575340e-14  4.9140968226653204e+05
  2.4814090019569467e-14  4.6271158417086228e+05
  2.4970645792563595e-14  5.1163698468843021e+05
  2.5127201565557722e-14  5.4782159615281143e+05
  2.5283757338551862e-14  5.0380397702181351e+05
  2.5440313111545990e-14  4.4760603051931353e+05
  2.5596868884540117e-14  4.6675442801689362e+05
  2.5753424657534244e-14  5.2142416780679073e+05
  2.5909980430528372e-14  5.1303530147677002e+05
  2.6066536203522499e-14  4.5020964212206332e+05
  2.6223091976516626e-14  4.3276072548798664e+05
  2.6379647749510766e-14  4.8319416477977962e+05
  2.6536203522504894e-14  5.1010672622776352e+05
  2.6692759295499021e-14  4.6290091938361345e+05
  2.6849315068493149e-14  4.1598383589684201e+05
  2.7005870841487276e-14  4.4239125593366293e+05
  2.7162426614481403e-14  4.9142682561292016e+05
  2.7318982387475531e-14  4.7525601583313796e+05
  2.7475538160469671e-14  4.1658573560977372e+05
  2.7632093933463798e-14  4.0917772115710058e+05
  2.7788649706457925e-14  4.5978914426596212e+05
  2.7945205479452053e-14  4.7793672401450772e+05
  2.8101761252446180e-14  4.2877777305977972e+05
  2.8258317025440308e-14  3.9084139723862102e+05
  2.8414872798434435e-14  4.2300372653285309e+05
  2.8571428571428575e-14  4.6600111459677207e+05
  2.8727984344422702e-14  4.4318112196203147e+05
  2.8884540117416830e-14  3.8924254688395833e+05
  2.9041095890410957e-14  3.9078131621542864e+05
  2.9197651663405085e-14  4.4047239698211302e+05
  2.9354207436399212e-14  4.5038465189691051e+05
  2.9510763209393339e-14  4.0034856346052710e+05
  2.9667318982387479e-14  3.7107031011091848e+05
  2.9823874755381607e-14  4.0767619286137790e+05
  2.9980430528375734e-14  4.4436385439138190e+05
  3.0136986301369861e-14  4.1593450160664896e+05
  3.0293542074363989e-14  3.6719230379192811e+05
  3.0450097847358116e-14  3.7667818391487293e+05
  3.0606653620352244e-14  4.2452953633777780e+05
  3.0763209393346384e-14  4.2674618362978328e+05
  3.0919765166340511e-14  3.7678161184742436e+05
  3.1076320939334638e-14  3.5582496871447877e+05
  3.1232876712328766e-14  3.9571599530417379e+05
  3.1389432485322893e-14  4.2592199350255687e+05
  3.1545988258317020e-14  3.9284546117998863e+05
  3.1702544031311148e-14  3.4967722076245525e+05
  3.1859099804305288e-14  3.6618757802844816e+05
  3.2015655577299415e-14  4.1141962860093161e+05
  3.2172211350293543e-14  4.0648435353261459e+05
  3.2328767123287670e-14  3.5743796045710123e+05
  3.2485322896281797e-14  3.4445711578213592e+05
  3.2641878669275925e-14  3.8659647641111846e+05
  3.2798434442270052e-14  4.1022553705444100e+05
  3.2954990215264192e-14  3.7340042140461231e+05
  3.3111545988258320e-14  3.3611490925949748e+05
  3.3268101761252447e-14  3.5878910200913314e+05
  3.3424657534246574e-14  4.0073266422256397e+05
  3.3581213307240702e-14  3.8919090785751853e+05
  3.3737769080234829e-14  3.4182773999884096e+05
  3.3894324853228956e-14  3.3646967275394173e+05
  3.4050880626223096e-14  3.7991724059497158e+05
  3.4207436399217224e-14  3.9693476389796712e+05
  3.4363992172211351e-14  3.5720878106096707e+05
  3.4520547945205479e-14  3.2605958579214296e+05
  3.4677103718199606e-14  3.5408586567414092e+05
  3.4833659491193733e-14  3.9215982849540660e+05
  3.4990215264187861e-14  3.7455911512781633e+05
  3.5146771037182001e-14  3.2957910023259325e+05
  3.5303326810176128e-14  3.3148389249397145e+05
  3.5459882583170255e-14  3.7537617004045658e+05
  3.5616438356164383e-14  3.8579725766036101e+05
  3.5772994129158510e-14  3.4397871498563548e+05
  3.5929549902152638e-14  3.1917436105119262e+05
  3.6086105675146765e-14  3.5177831922262226e+05
  3.6242661448140892e-14  3.8547264470986894e+05
  3.6399217221135032e-14  3.6236467020923528e+05
  3.6555772994129160e-14  3.2041609787080548e+05
  3.6712328767123287e-14  3.2921591720391804e+05
  3.6868884540117414e-14  3.7274966443016712e+05
  3.7025440313111542e-14  3.7663188356147695e+05
  3.7181996086105669e-14  3.3350014904122200e+05
  3.7338551859099797e-14  3.1521152062377147e+05
  3.7495107632093937e-14  3.5164568880559376e+05
  3.7651663405088064e-14  3.8050842433603189e+05
  3.7808219178082191e-14  3.5245246896931570e+05
  3.7964774951076319e-14  3.1414315390721656e+05
  3.8121330724070446e-14  3.2946018295968499e+05
  3.8277886497064574e-14  3.7187882799857738e+05
  3.8434442270058701e-14  3.6931784493887221e+05
  3.8590998043052841e-14  3.2563306523742317e+05
  3.8747553816046968e-14  3.1399872762318334e+05
  3.8904109589041096e-14  3.5353301290877012e+05
  3.9060665362035223e-14  3.7716040592143429e+05
  3.9217221135029350e-14  3.4472782770447317e+05
  3.9373776908023478e-14  3.1063447575298336e+05
  3.9530332681017605e-14  3.3207794214567746e+05
  3.9686888454011745e-14  3.7266012523794069e+05
  3.9843444227005873e-14  3.6378766514981660e+05
  4.0000000000000000e-14  3.2029996718243626e+05
