#FileSignature: 0
#legend: No Name
#sim_duration: 0.003648
#title_str: z = 
#tlabel: z
#tscale: 0.007058
#tscale_str: $L_{NL}$
#tunit_str: m
#xcordID: T
#xlabel: t
#xscale: 0.000000
#xscale_str: $t_{p}$
#xunit_str: s
#ycordID: I
#ylabel: I
#yscale: 550000000000000.000000
#yscale_str: $I_{0}$
#yunit_str: W/m$^{2}$
 -4.0000000000000000e-14  2.6417685650760102e+09
 -3.9843444227005873e-14  2.6483332508602872e+09
 -3.9686888454011739e-14  2.6471265311349206e+09
 -3.9530332681017612e-14  2.6401330797015281e+09
 -3.9373776908023484e-14  2.6392924255459385e+09
 -3.9217221135029357e-14  2.6463829891879277e+09
 -3.9060665362035223e-14  2.6502478631286502e+09
 -3.8904109589041096e-14  2.6456610933894558e+09
 -3.8747553816046968e-14  2.6419352259724903e+09
 -3.8590998043052835e-14  2.6471030228209672e+09
 -3.8434442270058707e-14  2.6545394866393185e+09
 -3.8277886497064580e-14  2.6542996080550966e+09
 -3.8121330724070452e-14  2.6497754970253119e+09
 -3.7964774951076319e-14  2.6517783721076050e+09
 -3.7808219178082191e-14  2.6603596783043094e+09
 -3.7651663405088064e-14  2.6649380215930948e+09
 -3.7495107632093930e-14  2.6621590971655831e+09
 -3.7338551859099803e-14  2.6613474495131483e+09
 -3.7181996086105676e-14  2.6687048389131961e+09
 -3.7025440313111548e-14  2.6770334850021834e+09
 -3.6868884540117414e-14  2.6780096008899074e+09
 -3.6712328767123287e-14  2.6760847001547794e+09
 -3.6555772994129160e-14  2.6808049226192718e+09
 -3.6399217221135026e-14  2.6907967866448135e+09
 -3.6242661448140899e-14  2.6962857630652251e+09
 -3.6086105675146771e-14  2.6955624637767181e+09
 -3.5929549902152644e-14  2.6976620199086447e+09
 -3.5772994129158510e-14  2.7070854426054316e+09
 -3.5616438356164383e-14  2.7164030901984973e+09
 -3.5459882583170255e-14  2.7188904341779771e+09
 -3.5303326810176122e-14  2.7197122106368456e+09
 -3.5146771037181994e-14  2.7270623885652285e+09
 -3.4990215264187867e-14  2.7384601784117284e+09
 -3.4833659491193740e-14  2.7451248025921044e+09
 -3.4677103718199612e-14  2.7467338840337043e+09
 -3.4520547945205479e-14  2.7517657024136376e+09
 -3.4363992172211351e-14  2.7631941635961199e+09
 -3.4207436399217224e-14  2.7736795976390595e+09
 -3.4050880626223090e-14  2.7780242849575605e+09
 -3.3894324853228963e-14  2.7817617473331518e+09
 -3.3737769080234835e-14  2.7916985154128842e+09
 -3.3581213307240708e-14  2.8045804985915222e+09
 -3.3424657534246574e-14  2.8127607266351376e+09
 -3.3268101761252447e-14  2.8170130054994760e+09
 -3.3111545988258320e-14  2.8250275571187224e+09
 -3.2954990215264186e-14  2.8384710456771536e+09
 -3.2798434442270058e-14  2.8503948454627471e+09
 -3.2641878669275931e-14  2.8570012922435555e+09
 -3.2485322896281804e-14  2.8638506474486256e+09
 -3.2328767123287670e-14  2.8763831513497300e+09
 -3.2172211350293543e-14  2.8909226471310940e+09
 -3.2015655577299415e-14  2.9010443213532515e+09
 -3.1859099804305282e-14  2.9082918366293702e+09
 -3.1702544031311154e-14  2.9193769856944985e+09
 -3.1545988258317027e-14  2.9349297319212813e+09
 -3.1389432485322899e-14  2.9486692245486684e+09
 -3.1232876712328766e-14  2.9580106611229939e+09
 -3.1076320939334638e-14  2.9682032884325118e+09
 -3.0919765166340511e-14  2.9834060666358933e+09
 -3.0763209393346377e-14  2.9998897051591997e+09
 -3.0606653620352250e-14  3.0124801913023214e+09
 -3.0450097847358122e-14  3.0231260069752703e+09
 -3.0293542074363995e-14  3.0374186807874136e+09
 -3.0136986301369861e-14  3.0552788701790843e+09
 -2.9980430528375734e-14  3.0713396164766512e+09
 -2.9823874755381607e-14  3.0839725012233858e+09
 -2.9667318982387473e-14  3.0977861497821350e+09
 -2.9510763209393346e-14  3.1158181015628204e+09
 -2.9354207436399218e-14  3.1346721624963050e+09
 -2.9197651663405091e-14  3.1503820287446599e+09
 -2.9041095890410957e-14  3.1648936275964522e+09
 -2.8884540117416830e-14  3.1825967862925630e+09
 -2.8727984344422702e-14  3.2030951302064695e+09
 -2.8571428571428569e-14  3.2221410356544523e+09
 -2.8414872798434441e-14  3.2387246474146028e+09
 -2.8258317025440314e-14  3.2564993517453241e+09
 -2.8101761252446183e-14  3.2776314089585395e+09
 -2.7945205479452053e-14  3.2994591616002722e+09
 -2.7788649706457925e-14  3.3190918586899133e+09
 -2.7632093933463798e-14  3.3380196051890903e+09
 -2.7475538160469668e-14  3.3594270845477095e+09
 -2.7318982387475537e-14  3.3830679394852591e+09
 -2.7162426614481410e-14  3.4059630729752545e+09
 -2.7005870841487282e-14  3.4272861343823767e+09
 -2.6849315068493152e-14  3.4494471730188732e+09
 -2.6692759295499021e-14  3.4741027762806954e+09
 -2.6536203522504894e-14  3.4997372944487519e+09
 -2.6379647749510763e-14  3.5242897645530705e+09
 -2.6223091976516633e-14  3.5482926938649917e+09
 -2.6066536203522505e-14  3.5738259357066660e+09
 -2.5909980430528378e-14  3.6013466545026608e+09
 -2.5753424657534247e-14  3.6292134538064337e+09
 -2.5596868884540117e-14  3.6562306413054276e+09
 -2.5440313111545990e-14  3.6833222292365727e+09
 -2.5283757338551859e-14  3.7121369702205868e+09
 -2.5127201565557732e-14  3.7427162045562110e+09
 -2.4970645792563601e-14  3.7734348695587158e+09
 -2.4814090019569471e-14  3.8033174703616114e+09
 -2.4657534246575343e-14  3.8335805854256244e+09
 -2.4500978473581213e-14  3.8660378415306954e+09
 -2.4344422700587085e-14  3.9003386991357336e+09
 -2.4187866927592955e-14  3.9342215161988339e+09
 -2.4031311154598827e-14  3.9669574606103053e+09
 -2.3874755381604697e-14  4.0008681730166802e+09
 -2.3718199608610569e-14  4.0379426048025069e+09
 -2.3561643835616439e-14  4.0764011740126448e+09
 -2.3405088062622308e-14  4.1131670130298309e+09
 -2.3248532289628181e-14  4.1490312057794943e+09
 -2.3091976516634050e-14  4.1879288773977680e+09
 -2.2935420743639923e-14  4.2305818876849613e+09
 -2.2778864970645793e-14  4.2727897367846484e+09
 -2.2622309197651665e-14  4.3121301145280504e+09
 -2.2465753424657535e-14  4.3525110103220100e+09
 -2.2309197651663404e-14  4.3982034727930164e+09
 -2.2152641878669277e-14  4.4464146057551165e+09
 -2.1996086105675146e-14  4.4913427521393251e+09
 -2.1839530332681019e-14  4.5340711042477970e+09
 -2.1682974559686888e-14  4.5815525338411407e+09
 -2.1526418786692761e-14  4.6351108078098507e+09
 -2.1369863013698630e-14  4.6875059076231089e+09
 -2.1213307240704500e-14  4.7347679881135654e+09
 -2.1056751467710372e-14  4.7836111462760696e+09
 -2.0900195694716242e-14  4.8408411724635849e+09
 -2.0743639921722114e-14  4.9014574405960770e+09
 -2.0587084148727984e-14  4.9562819131498499e+09
 -2.0430528375733857e-14  5.0077220029337673e+09
 -2.0273972602739726e-14  5.0667537116210337e+09
 -2.0117416829745599e-14  5.1345717654961853e+09
 -1.9960861056751468e-14  5.1996812180358953e+09
 -1.9804305283757338e-14  5.2569745196712484e+09
 -1.9647749510763210e-14  5.3172781056424274e+09
 -1.9491193737769080e-14  5.3897762809752722e+09
 -1.9334637964774952e-14  5.4659008870273533e+09
 -1.9178082191780822e-14  5.5331528516346130e+09
 -1.9021526418786694e-14  5.5969214243955002e+09
 -1.8864970645792564e-14  5.6723416589149437e+09
 -1.8708414872798436e-14  5.7581397928999643e+09
 -1.8551859099804306e-14  5.8376489813844814e+09
 -1.8395303326810175e-14  5.9078181839065247e+09
 -1.8238747553816048e-14  5.9865900655559473e+09
 -1.8082191780821917e-14  6.0824687628771095e+09
 -1.7925636007827790e-14  6.1769722427144804e+09
 -1.7769080234833660e-14  6.2544471115818052e+09
 -1.7612524461839532e-14  6.3325225356949844e+09
 -1.7455968688845402e-14  6.4373072250117378e+09
 -1.7299412915851271e-14  6.5574030154946871e+09
 -1.7142857142857144e-14  6.6549958278277178e+09
 -1.6986301369863013e-14  6.7261541038780298e+09
 -1.6829745596868886e-14  6.8161266698079338e+09
 -1.6673189823874755e-14  6.9555754990118504e+09
 -1.6516634050880628e-14  7.1081514905120525e+09
 -1.6360078277886497e-14  7.2136523638093805e+09
 -1.6203522504892367e-14  7.2738363800470381e+09
 -1.6046966731898239e-14  7.3611828990465498e+09
 -1.5890410958904109e-14  7.5315061527530708e+09
 -1.5733855185909982e-14  7.7464519858320713e+09
 -1.5577299412915851e-14  7.9021942637022858e+09
 -1.5420743639921724e-14  7.9450801117692976e+09
 -1.5264187866927593e-14  7.9602070939900007e+09
 -1.5107632093933466e-14  8.1167213895754528e+09
 -1.4951076320939335e-14  8.4696033346315022e+09
 -1.4794520547945205e-14  8.8149958880246811e+09
 -1.4637964774951077e-14  8.8559376337397480e+09
 -1.4481409001956947e-14  8.6173977944663181e+09
 -1.4324853228962819e-14  8.5905930244436970e+09
 -1.4168297455968689e-14  9.2020709910892029e+09
 -1.4011741682974561e-14  1.0092354343183414e+10
 -1.3855185909980431e-14  1.0287874085982828e+10
 -1.3698630136986304e-14  9.4552002187967567e+09
 -1.3542074363992173e-14  8.7431461825528641e+09
 -1.3385518590998042e-14  9.6571180393743496e+09
 -1.3228962818003915e-14  1.1853346042240793e+10
 -1.3072407045009785e-14  1.2865401660295902e+10
 -1.2915851272015657e-14  1.1030998996501204e+10
 -1.2759295499021527e-14  8.4042186570594835e+09
 -1.2602739726027399e-14  9.1357957761619682e+09
 -1.2446183953033269e-14  1.3983380767733543e+10
 -1.2289628180039138e-14  1.7818323018403378e+10
 -1.2133072407045011e-14  1.5102974072356895e+10
 -1.1976516634050880e-14  8.1182366926878405e+09
 -1.1819960861056753e-14  6.5604702689433241e+09
 -1.1663405088062622e-14  1.5835382419038897e+10
 -1.1506849315068495e-14  2.7385384655748112e+10
 -1.1350293542074368e-14  2.6325164697159138e+10
 -1.1193737769080234e-14  1.1387136195770006e+10
 -1.1037181996086107e-14  1.8992249638956010e+09
 -1.0880626223091979e-14  1.6639033120154985e+10
 -1.0724070450097845e-14  4.5904012797300636e+10
 -1.0567514677103718e-14  5.5958394008647949e+10
 -1.0410958904109591e-14  3.0758628525266922e+10
 -1.0254403131115463e-14  2.1102830113377841e+09
 -1.0097847358121330e-14  1.9541161978702381e+10
 -9.9412915851272022e-15  8.3829944949344879e+10
 -9.7847358121330748e-15  1.3012917477521255e+11
 -9.6281800391389412e-15  1.0214664544445056e+11
 -9.4716242661448138e-15  3.8178143844376389e+10
 -9.3150684931506864e-15  4.6480222199110359e+10
 -9.1585127201565590e-15  1.7074185933552347e+11
 -9.0019569471624253e-15  3.0784764069229260e+11
 -8.8454011741682979e-15  3.1421399250320306e+11
 -8.6888454011741706e-15  2.0355525796912408e+11
 -8.5322896281800369e-15  1.7636952838655988e+11
 -8.3757338551859095e-15  3.8855571608470209e+11
 -8.2191780821917821e-15  7.1759471053646155e+11
 -8.0626223091976547e-15  8.6302401594356067e+11
 -7.9060665362035210e-15  7.3144019872592224e+11
 -7.7495107632093937e-15  6.3242124394968884e+11
 -7.5929549902152663e-15  9.5209280368333496e+11
 -7.4363992172211389e-15  1.6290178638369153e+12
 -7.2798434442270052e-15  2.1277093925919602e+12
 -7.1232876712328778e-15  2.0797807817139097e+12
 -6.9667318982387504e-15  1.8565711345904053e+12
 -6.8101761252446168e-15  2.2448993686315303e+12
 -6.6536203522504894e-15  3.4593748912510977e+12
 -6.4970645792563620e-15  4.7211850830829775e+12
 -6.3405088062622346e-15  5.1328509224249463e+12
 -6.1839530332681009e-15  4.9236075916740586e+12
 -6.0273972602739735e-15  5.3952616842136289e+12
 -5.8708414872798462e-15  7.3349000072110518e+12
 -5.7142857142857125e-15  9.7657459839012949e+12
 -5.5577299412915851e-15  1.0870971652485650e+13
 -5.4011741682974577e-15  1.0309425033934785e+13
 -5.2446183953033303e-15  1.0035482619665758e+13
 -5.0880626223091966e-15  1.2191400067900896e+13
 -4.9315068493150693e-15  1.6383323848297812e+13
 -4.7749510763209419e-15  1.9941520553493336e+13
 -4.6183953033268082e-15  2.1311523068510742e+13
 -4.4618395303326808e-15  2.2394379865988543e+13
 -4.3052837573385534e-15  2.6317539927049996e+13
 -4.1487279843444261e-15  3.2841259350740805e+13
 -3.9921722113502924e-15  3.7413458985447516e+13
 -3.8356164383561650e-15  3.6095333419697141e+13
 -3.6790606653620376e-15  3.0945058484261949e+13
 -3.5225048923679039e-15  2.8748985741435133e+13
 -3.3659491193737765e-15  3.3652551430090211e+13
 -3.2093933463796492e-15  4.2473028619714297e+13
 -3.0528375733855218e-15  4.9168323448449000e+13
 -2.8962818003913881e-15  5.3467885222609859e+13
 -2.7397260273972607e-15  6.2141185825025102e+13
 -2.5831702544031333e-15  7.9541904627390109e+13
 -2.4266144814089996e-15  9.8376687374500922e+13
 -2.2700587084148723e-15  1.0380401684453283e+14
 -2.1135029354207449e-15  8.8917003948510031e+13
 -1.9569471624266175e-15  6.4400402158430195e+13
 -1.8003913894324838e-15  4.9571164910285367e+13
 -1.6438356164383564e-15  5.3284011563979492e+13
 -1.4872798434442290e-15  6.6439809816498312e+13
 -1.3307240704501017e-15  7.5453144976329906e+13
 -1.1741682974559680e-15  8.0908958839519734e+13
 -1.0176125244618406e-15  9.7952424725747297e+13
 -8.6105675146771321e-16  1.3584310964235527e+14
 -7.0450097847357952e-16  1.8012556400793759e+14
 -5.4794520547945214e-16  2.0042255890455428e+14
 -3.9138943248532476e-16  1.7848365442327556e+14
 -2.3483365949119738e-16  1.2704004774463053e+14
 -7.8277886497063690e-17  7.8838717919224891e+13
  7.8277886497063690e-17  5.7644694466083484e+13
  2.3483365949119107e-16  6.1990563882252773e+13
  3.9138943248532476e-16  7.6570158259569422e+13
  5.4794520547945214e-16  9.4524853456836328e+13
  7.0450097847357952e-16  1.2322530442874927e+14
  8.6105675146770690e-16  1.6778825957125509e+14
  1.0176125244618406e-15  2.1400557778524403e+14
  1.1741682974559680e-15  2.3344024581516309e+14
  1.3307240704500954e-15  2.0772733626298556e+14
  1.4872798434442290e-15  1.4694181908518234e+14
  1.6438356164383564e-15  8.3099025655743469e+13
  1.8003913894324838e-15  4.5998399572642492e+13
  1.9569471624266112e-15  4.4926217112199656e+13
  2.1135029354207449e-15  7.0095854353510047e+13
  2.2700587084148723e-15  1.0606563482440677e+14
  2.4266144814089996e-15  1.4066967341040764e+14
  2.5831702544031270e-15  1.6396546730852644e+14
  2.7397260273972607e-15  1.6586552385539225e+14
  2.8962818003913881e-15  1.4093936663085238e+14
  3.0528375733855155e-15  9.6467679407963062e+13
  3.2093933463796492e-15  5.2329824226769000e+13
  3.3659491193737765e-15  2.8817571394532996e+13
  3.5225048923679039e-15  3.2187653126785738e+13
  3.6790606653620313e-15  5.1374510208570586e+13
  3.8356164383561650e-15  6.8483511274413000e+13
  3.9921722113502924e-15  7.2564946173895656e+13
  4.1487279843444197e-15  6.4599512830606398e+13
  4.3052837573385534e-15  5.1886808726479430e+13
  4.4618395303326808e-15  3.9997247646016461e+13
  4.6183953033268082e-15  3.0198516119767734e+13
  4.7749510763209356e-15  2.2299902704279582e+13
  4.9315068493150693e-15  1.7283192422863701e+13
  5.0880626223091966e-15  1.6295352481127346e+13
  5.2446183953033240e-15  1.8217147830271211e+13
  5.4011741682974577e-15  1.9738240562205738e+13
  5.5577299412915851e-15  1.8268229541512152e+13
  5.7142857142857125e-15  1.4273150551863225e+13
  5.8708414872798399e-15  1.0372765422527783e+13
  6.0273972602739735e-15  8.4266606075423691e+12
  6.1839530332681009e-15  7.9499082336367930e+12
  6.3405088062622283e-15  7.2851166200988428e+12
  6.4970645792563620e-15  5.7251848275460322e+12
  6.6536203522504894e-15  4.0761206427453218e+12
  6.8101761252446168e-15  3.3624831796198496e+12
  6.9667318982387441e-15  3.5218281588552090e+12
  7.1232876712328778e-15  3.5978077313639302e+12
  7.2798434442270052e-15  2.9492005449123579e+12
  7.4363992172211326e-15  1.9111930687938103e+12
  7.5929549902152663e-15  1.2459567825381006e+12
  7.7495107632093937e-15  1.2158088624560315e+12
  7.9060665362035210e-15  1.3888917175367546e+12
  8.0626223091976484e-15  1.2542543170412998e+12
  8.2191780821917821e-15  7.9908285700814807e+11
  8.3757338551859095e-15  4.1120095093144525e+11
  8.5322896281800369e-15  3.5510971017269922e+11
  8.6888454011741642e-15  4.9664393369316650e+11
  8.8454011741682979e-15  5.3210342705983954e+11
  9.0019569471624253e-15  3.5876936190028015e+11
  9.1585127201565527e-15  1.4261664682559848e+11
  9.3150684931506864e-15  7.2971033893762939e+10
  9.4716242661448138e-15  1.4567565245595618e+11
  9.6281800391389412e-15  2.0954079715567795e+11
  9.7847358121330685e-15  1.6542276685924875e+11
  9.9412915851272022e-15  6.2328067365448433e+10
  1.0097847358121330e-14  7.5689147197667255e+09
  1.0254403131115457e-14  3.3683878068210636e+10
  1.0410958904109591e-14  7.9662659886042618e+10
  1.0567514677103718e-14  8.0115381794183807e+10
  1.0724070450097845e-14  3.7793751730904839e+10
  1.0880626223091973e-14  3.2939513361851025e+09
  1.1037181996086107e-14  7.1676915521042213e+09
  1.1193737769080234e-14  3.1228258498099606e+10
  1.1350293542074361e-14  4.0796510808144646e+10
  1.1506849315068495e-14  2.6761532684234715e+10
  1.1663405088062622e-14  8.6322752008328381e+09
  1.1819960861056750e-14  5.4991220451044941e+09
  1.1976516634050877e-14  1.5304075967913839e+10
  1.2133072407045011e-14  2.2821431554875362e+10
  1.2289628180039138e-14  1.9734869907673435e+10
  1.2446183953033266e-14  1.1613390765594721e+10
  1.2602739726027393e-14  7.9450642283020611e+09
  1.2759295499021527e-14  1.0829246242838114e+10
  1.2915851272015654e-14  1.4849650929149918e+10
  1.3072407045009781e-14  1.4997711373263020e+10
  1.3228962818003915e-14  1.1858251894464878e+10
  1.3385518590998042e-14  9.3671510376545067e+09
  1.3542074363992170e-14  9.6757914866956310e+09
  1.3698630136986297e-14  1.1370693153736143e+10
  1.3855185909980431e-14  1.1971829231305466e+10
  1.4011741682974558e-14  1.0876638546932371e+10
  1.4168297455968686e-14  9.4959312698972664e+09
  1.4324853228962819e-14  9.1768929030450344e+09
  1.4481409001956947e-14  9.7392286249107971e+09
  1.4637964774951074e-14  1.0082518761625349e+10
  1.4794520547945201e-14  9.6694583191427803e+09
  1.4951076320939335e-14  8.9816232257643509e+09
  1.5107632093933463e-14  8.6794542139765339e+09
  1.5264187866927590e-14  8.7829489788780155e+09
  1.5420743639921724e-14  8.8419592476434822e+09
  1.5577299412915851e-14  8.6187071625011215e+09
  1.5733855185909978e-14  8.3000279949942303e+09
  1.5890410958904106e-14  8.1181092894019890e+09
  1.6046966731898239e-14  8.0479669326459961e+09
  1.6203522504892367e-14  7.9461749679532690e+09
  1.6360078277886494e-14  7.7902210611999111e+09
  1.6516634050880628e-14  7.6507600501611357e+09
  1.6673189823874755e-14  7.5356789295399408e+09
  1.6829745596868883e-14  7.3974597502604160e+09
  1.6986301369863010e-14  7.2477333730119963e+09
  1.7142857142857137e-14  7.1441410096709957e+09
  1.7299412915851265e-14  7.0762059404867363e+09
  1.7455968688845405e-14  6.9695367661140842e+09
  1.7612524461839532e-14  6.8124636721569901e+09
  1.7769080234833660e-14  6.6832584237462635e+09
  1.7925636007827787e-14  6.6225345121522713e+09
  1.8082191780821914e-14  6.5642190083135605e+09
  1.8238747553816042e-14  6.4434886100106192e+09
  1.8395303326810169e-14  6.3023736563669500e+09
  1.8551859099804309e-14  6.2183005926002550e+09
  1.8708414872798436e-14  6.1769187312630672e+09
  1.8864970645792564e-14  6.0994022461175241e+09
  1.9021526418786691e-14  5.9737573933672199e+09
  1.9178082191780819e-14  5.8708285185450974e+09
  1.9334637964774946e-14  5.8239632087323303e+09
  1.9491193737769073e-14  5.7760982588910189e+09
  1.9647749510763213e-14  5.6780597063862867e+09
  1.9804305283757341e-14  5.5691841892177734e+09
  1.9960861056751468e-14  5.5081157467132158e+09
  2.0117416829745596e-14  5.4747766301445580e+09
  2.0273972602739723e-14  5.4068822525747509e+09
  2.0430528375733850e-14  5.3048773247426968e+09
  2.0587084148727978e-14  5.2286322868403320e+09
  2.0743639921722118e-14  5.1956911477265091e+09
  2.0900195694716245e-14  5.1536525951222401e+09
  2.1056751467710372e-14  5.0696750504926996e+09
  2.1213307240704500e-14  4.9842141587295618e+09
  2.1369863013698627e-14  4.9411442457829647e+09
  2.1526418786692755e-14  4.9147289761107483e+09
  2.1682974559686882e-14  4.8547461528699188e+09
  2.1839530332681022e-14  4.7706564932290020e+09
  2.1996086105675149e-14  4.7137465046067371e+09
  2.2152641878669277e-14  4.6904714997356272e+09
  2.2309197651663404e-14  4.6532290947778158e+09
  2.2465753424657531e-14  4.5811933427601948e+09
  2.2622309197651659e-14  4.5139287827217121e+09
  2.2778864970645786e-14  4.4835946574236612e+09
  2.2935420743639926e-14  4.4617341894723015e+09
  2.3091976516634054e-14  4.4085092160924482e+09
  2.3248532289628181e-14  4.3392041718884573e+09
  2.3405088062622308e-14  4.2969828685975533e+09
  2.3561643835616436e-14  4.2802250307435727e+09
  2.3718199608610563e-14  4.2466203132856421e+09
  2.3874755381604690e-14  4.1847380184157610e+09
  2.4031311154598830e-14  4.1320047089950485e+09
  2.4187866927592958e-14  4.1109233574120722e+09
  2.4344422700587085e-14  4.0920977791089754e+09
  2.4500978473581213e-14  4.0446715219264374e+09
  2.4657534246575340e-14  3.9876373408114223e+09
  2.4814090019569467e-14  3.9567057603677073e+09
  2.4970645792563595e-14  3.9443879228573551e+09
  2.5127201565557722e-14  3.9137146566170120e+09
  2.5283757338551862e-14  3.8605669181736279e+09
  2.5440313111545990e-14  3.8195264502038856e+09
  2.5596868884540117e-14  3.8051908083363433e+09
  2.5753424657534244e-14  3.7884450124175558e+09
  2.5909980430528372e-14  3.7461342479909954e+09
  2.6066536203522499e-14  3.6993911404059210e+09
  2.6223091976516626e-14  3.6771882226961503e+09
  2.6379647749510766e-14  3.6678817978979778e+09
  2.6536203522504894e-14  3.6397043762095284e+09
  2.6692759295499021e-14  3.5941718394671340e+09
  2.6849315068493149e-14  3.5626187909523005e+09
  2.7005870841487276e-14  3.5532023937685094e+09
  2.7162426614481403e-14  3.5379343347610188e+09
  2.7318982387475531e-14  3.5002320713016038e+09
  2.7475538160469671e-14  3.4622012481257086e+09
  2.7632093933463798e-14  3.4467798436475735e+09
  2.7788649706457925e-14  3.4395035842966065e+09
  2.7945205479452053e-14  3.4135576741259928e+09
  2.8101761252446180e-14  3.3747379464115229e+09
  2.8258317025440308e-14  3.3509363968871865e+09
  2.8414872798434435e-14  3.3451002780841179e+09
  2.8571428571428575e-14  3.3309449298149295e+09
  2.8727984344422702e-14  3.2974655059894557e+09
  2.8884540117416830e-14  3.2668699541461778e+09
  2.9041095890410957e-14  3.2567343544754086e+09
  2.9197651663405085e-14  3.2508206196235423e+09
  2.9354207436399212e-14  3.2269548498831296e+09
  2.9510763209393339e-14  3.1941087565131569e+09
  2.9667318982387479e-14  3.1766767545598221e+09
  2.9823874755381607e-14  3.1734362506130028e+09
  2.9980430528375734e-14  3.1601900351503425e+09
  3.0136986301369861e-14  3.1306340649573298e+09
  3.0293542074363989e-14  3.1064285504418368e+09
  3.0450097847358116e-14  3.1004211003124418e+09
  3.0606653620352244e-14  3.0954260737134786e+09
  3.0763209393346384e-14  3.0735647966472092e+09
  3.0919765166340511e-14  3.0460785423853564e+09
  3.1076320939334638e-14  3.0339056906015668e+09
  3.1232876712328766e-14  3.0325385825573282e+09
  3.1389432485322893e-14  3.0201099190340190e+09
  3.1545988258317020e-14  2.9942409544026475e+09
  3.1702544031311148e-14  2.9755612422558780e+09
  3.1859099804305288e-14  2.9727820239463291e+09
  3.2015655577299415e-14  2.9684248612191548e+09
  3.2172211350293543e-14  2.9485442108642082e+09
  3.2328767123287670e-14  2.9259021785200348e+09
  3.2485322896281797e-14  2.9180899595994258e+09
  3.2641878669275925e-14  2.9180722799812927e+09
  3.2798434442270052e-14  2.9064489098055511e+09
  3.2954990215264192e-14  2.8840776481756921e+09
  3.3111545988258320e-14  2.8702032077316127e+09
  3.3268101761252447e-14  2.8699525049152851e+09
  3.3424657534246574e-14  2.8660736669093947e+09
  3.3581213307240702e-14  2.8481860577152500e+09
  3.3737769080234829e-14  2.8299509795806751e+09
  3.3894324853228956e-14  2.8257691326438589e+09
  3.4050880626223096e-14  2.8267298994607263e+09
  3.4207436399217224e-14  2.8159571906968751e+09
  3.4363992172211351e-14  2.7969306706469140e+09
  3.4520547945205479e-14  2.7872570633365545e+09
  3.4677103718199606e-14  2.7889938296623707e+09
  3.4833659491193733e-14  2.7855263876592555e+09
  3.4990215264187861e-14  2.7696704940079508e+09
  3.5146771037182001e-14  2.7554689105003300e+09
  3.5303326810176128e-14  2.7543233982257743e+09
  3.5459882583170255e-14  2.7560125550707130e+09
  3.5616438356164383e-14  2.7461791106394253e+09
  3.5772994129158510e-14  2.7303733020231037e+09
  3.5929549902152638e-14  2.7243917248435178e+09
  3.6086105675146765e-14  2.7277035861279969e+09
  3.6242661448140892e-14  2.7246534938382878e+09
  3.6399217221135032e-14  2.7108878453112807e+09
  3.6555772994129160e-14  2.7003994477527614e+09
  3.6712328767123287e-14  2.7018090079402351e+09
  3.6868884540117414e-14  2.7040748340200090e+09
  3.7025440313111542e-14  2.6953030913211350e+09
  3.7181996086105669e-14  2.6826178563596201e+09
  3.7338551859099797e-14  2.6799000784278975e+09
  3.7495107632093937e-14  2.6844818481109328e+09
  3.7651663405088064e-14  2.6819146038322811e+09
  3.7808219178082191e-14  2.6703136743838782e+09
  3.7964774951076319e-14  2.6632636026261101e+09
  3.8121330724070446e-14  2.6668427970568390e+09
  3.8277886497064574e-14  2.6696162723719769e+09
  3.8434442270058701e-14  2.6620566404849768e+09
  3.8590998043052841e-14  2.6524124788040018e+09
  3.8747553816046968e-14  2.6525999983531284e+09
  3.8904109589041096e-14  2.6582386379996243e+09
  3.9060665362035223e-14  2.6562706098506618e+09
  3.9217221135029350e-14  2.6469227145379963e+09
  3.9373776908023478e-14  2.6430762564376655e+09
  3.9530332681017605e-14  2.6485236429288201e+09
  3.9686888454011745e-14  2.6518080786467085e+09
  3.9843444227005873e-14  2.6456356480696507e+09
  4.0000000000000000e-14  2.6389718727812099e+09
