#FileSignature: 0
#legend: No Name
#sim_duration: 0.017581
#title_str: z = 
#tlabel: z
#tscale: 0.007058
#tscale_str: $L_{NL}$
#tunit_str: m
#xcordID: T
#xlabel: t
#xscale: 0.000000
#xscale_str: $t_{p}$
#xunit_str: s
#ycordID: I
#ylabel: I
#yscale: 550000000000000.000000
#yscale_str: $I_{0}$
#yunit_str: W/m$^{2}$
 -4.0000000000000000e-14  8.2809346049445047e+09
 -3.9843444227005873e-14  8.3274414484397106e+09
 -3.9686888454011739e-14  8.9408846143186951e+09
 -3.9530332681017612e-14  9.0390112609951363e+09
 -3.9373776908023484e-14  8.4101306472521601e+09
 -3.9217221135029357e-14  8.0647144874215965e+09
 -3.9060665362035223e-14  8.5349650472435369e+09
 -3.8904109589041096e-14  8.9834906738881187e+09
 -3.8747553816046968e-14  8.6136471445026360e+09
 -3.8590998043052835e-14  8.0064944171779051e+09
 -3.8434442270058707e-14  8.1408775141539011e+09
 -3.8277886497064580e-14  8.7489698593150883e+09
 -3.8121330724070452e-14  8.7696248269459190e+09
 -3.7964774951076319e-14  8.1322472233532305e+09
 -3.7808219178082191e-14  7.8726705986215038e+09
 -3.7651663405088064e-14  8.3909450230412607e+09
 -3.7495107632093930e-14  8.7809882627587776e+09
 -3.7338551859099803e-14  8.3552250627227983e+09
 -3.7181996086105676e-14  7.7990152030325069e+09
 -3.7025440313111548e-14  8.0168010696608810e+09
 -3.6868884540117414e-14  8.6123319643389301e+09
 -3.6712328767123287e-14  8.5564180320235109e+09
 -3.6555772994129160e-14  7.9170440194029636e+09
 -3.6399217221135026e-14  7.7437466070282698e+09
 -3.6242661448140899e-14  8.3028324947116690e+09
 -3.6086105675146771e-14  8.6305584148611908e+09
 -3.5929549902152644e-14  8.1538707180544767e+09
 -3.5772994129158510e-14  7.6533697211703072e+09
 -3.5616438356164383e-14  7.9504867251104126e+09
 -3.5459882583170255e-14  8.5265437507281103e+09
 -3.5303326810176122e-14  8.3949892772907305e+09
 -3.5146771037181994e-14  7.7601639524114161e+09
 -3.4990215264187867e-14  7.6738754446152105e+09
 -3.4833659491193740e-14  8.2668867225644293e+09
 -3.4677103718199612e-14  8.5285686077675943e+09
 -3.4520547945205479e-14  8.0059750607686005e+09
 -3.4363992172211351e-14  7.5661489673818693e+09
 -3.4207436399217224e-14  7.9388335319326153e+09
 -3.4050880626223090e-14  8.4886653893971319e+09
 -3.3894324853228963e-14  8.2824296262274828e+09
 -3.3737769080234835e-14  7.6588428788592672e+09
 -3.3581213307240708e-14  7.6605778127774038e+09
 -3.3424657534246574e-14  8.2808203058777256e+09
 -3.3268101761252447e-14  8.4727660351711235e+09
 -3.3111545988258320e-14  7.9093865455196342e+09
 -3.2954990215264186e-14  7.5354739022657862e+09
 -3.2798434442270058e-14  7.9801923667726612e+09
 -3.2641878669275931e-14  8.4970848838950443e+09
 -3.2485322896281804e-14  8.2171696364988098e+09
 -3.2328767123287670e-14  7.6117627396830473e+09
 -3.2172211350293543e-14  7.7028263621072111e+09
 -3.2015655577299415e-14  8.3436749944521360e+09
 -3.1859099804305282e-14  8.4621619003347321e+09
 -3.1702544031311154e-14  7.8633035955945320e+09
 -3.1545988258317027e-14  7.5608978244191179e+09
 -3.1389432485322899e-14  8.0742766011626625e+09
 -3.1232876712328766e-14  8.5514345522434130e+09
 -3.1076320939334638e-14  8.1989046646633520e+09
 -3.0919765166340511e-14  7.6189902892608786e+09
 -3.0763209393346377e-14  7.8009945203315544e+09
 -3.0606653620352250e-14  8.4557727413918314e+09
 -3.0450097847358122e-14  8.4969859416765556e+09
 -3.0293542074363995e-14  7.8682429899321976e+09
 -3.0136986301369861e-14  7.6433911476779432e+09
 -2.9980430528375734e-14  8.2221519542231894e+09
 -2.9823874755381607e-14  8.6525787305345535e+09
 -2.9667318982387473e-14  8.2285905693360834e+09
 -2.9510763209393346e-14  7.6819925925643110e+09
 -2.9354207436399218e-14  7.9568848095731869e+09
 -2.9197651663405091e-14  8.6187415589322929e+09
 -2.9041095890410957e-14  8.5787123414390516e+09
 -2.8884540117416830e-14  7.9260834110077305e+09
 -2.8727984344422702e-14  7.7854057586609650e+09
 -2.8571428571428569e-14  8.4263036981826172e+09
 -2.8414872798434441e-14  8.8026747697920704e+09
 -2.8258317025440314e-14  8.3085154479829044e+09
 -2.8101761252446183e-14  7.8037350788387146e+09
 -2.7945205479452053e-14  8.1738397278521376e+09
 -2.7788649706457925e-14  8.8356177678568611e+09
 -2.7632093933463798e-14  8.7101614895616360e+09
 -2.7475538160469668e-14  8.0401937464089012e+09
 -2.7318982387475537e-14  7.9910304881176109e+09
 -2.7162426614481410e-14  8.6907897692265968e+09
 -2.7005870841487282e-14  9.0053128166142292e+09
 -2.6849315068493152e-14  8.4424551077811975e+09
 -2.6692759295499021e-14  7.9888757923402872e+09
 -2.6536203522504894e-14  8.4569519182247763e+09
 -2.6379647749510763e-14  9.1110389700608940e+09
 -2.6223091976516633e-14  8.8956888838900146e+09
 -2.6066536203522505e-14  8.2156590041975861e+09
 -2.5909980430528378e-14  8.2662553669544249e+09
 -2.5753424657534247e-14  9.0215002231329975e+09
 -2.5596868884540117e-14  9.2657541052183723e+09
 -2.5440313111545990e-14  8.6359311997274723e+09
 -2.5283757338551859e-14  8.2440761699946356e+09
 -2.5127201565557732e-14  8.8133960465285206e+09
 -2.4970645792563601e-14  9.4515515538867455e+09
 -2.4814090019569471e-14  9.1414868646750546e+09
 -2.4657534246575343e-14  8.4596323556712885e+09
 -2.4500978473581213e-14  8.6193744640959988e+09
 -2.4344422700587085e-14  9.4265516507512512e+09
 -2.4187866927592955e-14  9.5912966982256660e+09
 -2.4031311154598827e-14  8.8966061486203480e+09
 -2.3874755381604697e-14  8.5784685656904249e+09
 -2.3718199608610569e-14  9.2529228566631355e+09
 -2.3561643835616439e-14  9.8660691310266285e+09
 -2.3405088062622308e-14  9.4560364700016174e+09
 -2.3248532289628181e-14  8.7818596449195786e+09
 -2.3091976516634050e-14  9.0615815818199863e+09
 -2.2935420743639923e-14  9.9168689607959404e+09
 -2.2778864970645793e-14  9.9918155490818653e+09
 -2.2622309197651665e-14  9.2348658713723698e+09
 -2.2465753424657535e-14  9.0043454454584179e+09
 -2.2309197651663404e-14  9.7885886365525990e+09
 -2.2152641878669277e-14  1.0366548519554459e+10
 -2.1996086105675146e-14  9.8507671070014591e+09
 -2.1839530332681019e-14  9.1954428414704552e+09
 -2.1682974559686888e-14  9.6078509890545177e+09
 -2.1526418786692761e-14  1.0507063118352364e+10
 -2.1369863013698630e-14  1.0480570288542767e+10
 -2.1213307240704500e-14  9.6646519365377827e+09
 -2.1056751467710372e-14  9.5381318700923519e+09
 -2.0900195694716242e-14  1.0437841946368950e+10
 -2.0743639921722114e-14  1.0969078368443623e+10
 -2.0587084148727984e-14  1.0341105246177734e+10
 -2.0430528375733857e-14  9.7178950972718163e+09
 -2.0273972602739726e-14  1.0278057426281954e+10
 -2.0117416829745599e-14  1.1216690211369213e+10
 -1.9960861056751468e-14  1.1075679669372656e+10
 -1.9804305283757338e-14  1.0205044798792675e+10
 -1.9647749510763210e-14  1.0201722136340288e+10
 -1.9491193737769080e-14  1.1223464865357506e+10
 -1.9334637964774952e-14  1.1695013286825600e+10
 -1.9178082191780822e-14  1.0948654352488911e+10
 -1.9021526418786694e-14  1.0374089058588928e+10
 -1.8864970645792564e-14  1.1098941047795296e+10
 -1.8708414872798436e-14  1.2070112399408531e+10
 -1.8551859099804306e-14  1.1799790385700918e+10
 -1.8395303326810175e-14  1.0883334959199701e+10
 -1.8238747553816048e-14  1.1029160138625263e+10
 -1.8082191780821917e-14  1.2178307139216049e+10
 -1.7925636007827790e-14  1.2568325191293056e+10
 -1.7769080234833660e-14  1.1694937274939117e+10
 -1.7612524461839532e-14  1.1198521245077545e+10
 -1.7455968688845402e-14  1.2120413313629774e+10
 -1.7299412915851271e-14  1.3113157273062510e+10
 -1.7142857142857144e-14  1.2675672236210037e+10
 -1.6986301369863013e-14  1.1710709365961424e+10
 -1.6829745596868886e-14  1.2056853573573355e+10
 -1.6673189823874755e-14  1.3380937611895929e+10
 -1.6516634050880628e-14  1.3672821850854019e+10
 -1.6360078277886497e-14  1.2609964475812353e+10
 -1.6203522504892367e-14  1.2165466573294170e+10
 -1.6046966731898239e-14  1.3346713726575558e+10
 -1.5890410958904109e-14  1.4465489586596771e+10
 -1.5733855185909982e-14  1.3891610018096333e+10
 -1.5577299412915851e-14  1.2769610912971775e+10
 -1.5420743639921724e-14  1.3164957370438015e+10
 -1.5264187866927593e-14  1.4681031953815693e+10
 -1.5107632093933466e-14  1.5135055496391884e+10
 -1.4951076320939335e-14  1.4126014323477367e+10
 -1.4794520547945205e-14  1.3577431895772760e+10
 -1.4637964774951077e-14  1.4502044430441326e+10
 -1.4481409001956947e-14  1.5505938300919790e+10
 -1.4324853228962819e-14  1.5360259185272308e+10
 -1.4168297455968689e-14  1.4971459664632650e+10
 -1.4011741682974561e-14  1.5401774785376856e+10
 -1.3855185909980431e-14  1.5801981820369957e+10
 -1.3698630136986304e-14  1.5281091109003773e+10
 -1.3542074363992173e-14  1.5231773638205950e+10
 -1.3385518590998042e-14  1.7074765867161003e+10
 -1.3228962818003915e-14  1.8742723403481674e+10
 -1.3072407045009785e-14  1.7054473587387020e+10
 -1.2915851272015657e-14  1.3722073158949093e+10
 -1.2759295499021527e-14  1.4609999161295927e+10
 -1.2602739726027399e-14  2.0820800430843243e+10
 -1.2446183953033269e-14  2.4708027689455322e+10
 -1.2289628180039138e-14  1.9591227160691967e+10
 -1.2133072407045011e-14  1.1202564770563906e+10
 -1.1976516634050880e-14  1.2552076114144060e+10
 -1.1819960861056753e-14  2.5725774861434116e+10
 -1.1663405088062622e-14  3.5523597321107307e+10
 -1.1506849315068495e-14  2.7595163065223305e+10
 -1.1350293542074368e-14  9.9657379780547600e+09
 -1.1193737769080234e-14  7.3215077561842909e+09
 -1.1037181996086107e-14  2.9937967209174881e+10
 -1.0880626223091979e-14  5.5294969102418617e+10
 -1.0724070450097845e-14  5.1208329550919724e+10
 -1.0567514677103718e-14  1.8729408792132599e+10
 -1.0410958904109591e-14  4.5099244970306891e+08
 -1.0254403131115463e-14  3.2993010312372932e+10
 -1.0097847358121330e-14  9.3695229589828018e+10
 -9.9412915851272022e-15  1.1480204175050017e+11
 -9.7847358121330748e-15  6.6505496762219612e+10
 -9.6281800391389412e-15  1.2577646749557938e+10
 -9.4716242661448138e-15  4.9517294437216545e+10
 -9.3150684931506864e-15  1.7878657641950250e+11
 -9.1585127201565590e-15  2.7579558308467578e+11
 -9.0019569471624253e-15  2.3229501306714908e+11
 -8.8454011741682979e-15  1.1992141670347105e+11
 -8.6888454011741706e-15  1.4293727102095007e+11
 -8.5322896281800369e-15  3.8460355231340375e+11
 -8.3757338551859095e-15  6.5484940062609790e+11
 -8.2191780821917821e-15  6.9005333816518677e+11
 -8.0626223091976547e-15  5.1527317879471350e+11
 -7.9060665362035210e-15  4.9031885046917389e+11
 -7.7495107632093937e-15  8.8794441408069116e+11
 -7.5929549902152663e-15  1.4866057248485984e+12
 -7.4363992172211389e-15  1.7640437348334319e+12
 -7.2798434442270052e-15  1.5659650704597578e+12
 -7.1232876712328778e-15  1.4159942384102620e+12
 -6.9667318982387504e-15  1.9434586075500938e+12
 -6.8101761252446168e-15  3.0335952271708774e+12
 -6.6536203522504894e-15  3.8361751623511650e+12
 -6.4970645792563620e-15  3.8129756915811133e+12
 -6.3405088062622346e-15  3.5795607675174834e+12
 -6.1839530332681009e-15  4.3097270682252212e+12
 -6.0273972602739735e-15  6.2173095280253359e+12
 -5.8708414872798462e-15  8.0303004197512979e+12
 -5.7142857142857125e-15  8.3942799593971367e+12
 -5.5577299412915851e-15  7.6624182830171865e+12
 -5.4011741682974577e-15  7.6979617853500908e+12
 -5.2446183953033303e-15  9.6081408030468203e+12
 -5.0880626223091966e-15  1.2162317295117574e+13
 -4.9315068493150693e-15  1.3199471004416223e+13
 -4.7749510763209419e-15  1.2617839467698066e+13
 -4.6183953033268082e-15  1.3094381816087488e+13
 -4.4618395303326808e-15  1.7086606051590938e+13
 -4.3052837573385534e-15  2.3462559122101660e+13
 -4.1487279843444261e-15  2.8164157362201684e+13
 -3.9921722113502924e-15  2.8636886732825625e+13
 -3.8356164383561650e-15  2.6803990606303348e+13
 -3.6790606653620376e-15  2.6681980552347074e+13
 -3.5225048923679039e-15  2.9310129597973773e+13
 -3.3659491193737765e-15  3.1377293591983676e+13
 -3.2093933463796492e-15  2.9617002549615844e+13
 -3.0528375733855218e-15  2.5665682090791098e+13
 -2.8962818003913881e-15  2.5053887470794926e+13
 -2.7397260273972607e-15  3.1124379240547562e+13
 -2.5831702544031333e-15  4.1206110433583594e+13
 -2.4266144814089996e-15  4.9830285078126328e+13
 -2.2700587084148723e-15  5.5018519984003195e+13
 -2.1135029354207449e-15  5.9734118916481250e+13
 -1.9569471624266175e-15  6.6679652666082352e+13
 -1.8003913894324838e-15  7.3212728257641438e+13
 -1.6438356164383564e-15  7.3302327529113047e+13
 -1.4872798434442290e-15  6.4740876412686922e+13
 -1.3307240704501017e-15  5.3033779689483102e+13
 -1.1741682974559680e-15  4.6988927445403281e+13
 -1.0176125244618406e-15  5.0686036305144094e+13
 -8.6105675146771321e-16  6.0598376060098969e+13
 -7.0450097847357952e-16  7.0526077317570234e+13
 -5.4794520547945214e-16  7.8218295797157281e+13
 -3.9138943248532476e-16  8.6255740181148953e+13
 -2.3483365949119738e-16  9.6819360552849812e+13
 -7.8277886497063690e-17  1.0687222623821539e+14
  7.8277886497063690e-17  1.0953423986656233e+14
  2.3483365949119107e-16  1.0050840811017656e+14
  3.9138943248532476e-16  8.3039535655350875e+13
  5.4794520547945214e-16  6.6345517950740211e+13
  7.0450097847357952e-16  5.8849679668908820e+13
  8.6105675146770690e-16  6.2493928141625633e+13
  1.0176125244618406e-15  7.3280858191697578e+13
  1.1741682974559680e-15  8.7020224801647172e+13
  1.3307240704500954e-15  1.0388937281096389e+14
  1.4872798434442290e-15  1.2645445431838355e+14
  1.6438356164383564e-15  1.5292452894941272e+14
  1.8003913894324838e-15  1.7355170996484966e+14
  1.9569471624266112e-15  1.7594611621822372e+14
  2.1135029354207449e-15  1.5565249838101006e+14
  2.2700587084148723e-15  1.2151105553223122e+14
  2.4266144814089996e-15  8.9568456604537891e+13
  2.5831702544031270e-15  7.1105866100911328e+13
  2.7397260273972607e-15  6.6718927232241445e+13
  2.8962818003913881e-15  7.1499342357063703e+13
  3.0528375733855155e-15  8.3649065671317266e+13
  3.2093933463796492e-15  1.0524876138645119e+14
  3.3659491193737765e-15  1.3416334416149411e+14
  3.5225048923679039e-15  1.5823694348996122e+14
  3.6790606653620313e-15  1.6187403914769866e+14
  3.8356164383561650e-15  1.4080951404892309e+14
  3.9921722113502924e-15  1.0946831614951119e+14
  4.1487279843444197e-15  9.0826516839364109e+13
  4.3052837573385534e-15  9.6467598004002391e+13
  4.4618395303326808e-15  1.1574044599638875e+14
  4.6183953033268082e-15  1.2509927228545908e+14
  4.7749510763209356e-15  1.0934470778960058e+14
  4.9315068493150693e-15  7.5044369963410703e+13
  5.0880626223091966e-15  4.4050603405188398e+13
  5.2446183953033240e-15  3.3809786087355371e+13
  5.4011741682974577e-15  4.2845712402527031e+13
  5.5577299412915851e-15  5.3967648947754289e+13
  5.7142857142857125e-15  5.0922662334958203e+13
  5.8708414872798399e-15  3.2494440860836938e+13
  6.0273972602739735e-15  1.1710945456590691e+13
  6.1839530332681009e-15  2.4005978374569868e+12
  6.3405088062622283e-15  6.6854536370874326e+12
  6.4970645792563620e-15  1.4828955757916490e+13
  6.6536203522504894e-15  1.6133472019265340e+13
  6.8101761252446168e-15  9.1809248702825586e+12
  6.9667318982387441e-15  1.5751259011307322e+12
  7.1232876712328778e-15  7.6023371373369238e+11
  7.2798434442270052e-15  6.2757929718817705e+12
  7.4363992172211326e-15  1.1207025164345295e+13
  7.5929549902152663e-15  1.0229998874973172e+13
  7.7495107632093937e-15  5.0476361930380430e+12
  7.9060665362035210e-15  1.7841581346367661e+12
  8.0626223091976484e-15  4.0178233377714399e+12
  8.2191780821917821e-15  9.3001987534780430e+12
  8.3757338551859095e-15  1.2350236555958971e+13
  8.5322896281800369e-15  1.0693160536718078e+13
  8.6888454011741642e-15  6.6039752382178750e+12
  8.8454011741682979e-15  4.0198440746507534e+12
  9.0019569471624253e-15  4.4550829001057490e+12
  9.1585127201565527e-15  6.1680761995076572e+12
  9.3150684931506864e-15  6.6623313554010723e+12
  9.4716242661448138e-15  5.2702590685482129e+12
  9.6281800391389412e-15  3.2915892001607305e+12
  9.7847358121330685e-15  2.2194493235020757e+12
  9.9412915851272022e-15  2.2990761274524863e+12
  1.0097847358121330e-14  2.6912053211814160e+12
  1.0254403131115457e-14  2.5940307993256392e+12
  1.0410958904109591e-14  1.9716516915588577e+12
  1.0567514677103718e-14  1.3367268755913176e+12
  1.0724070450097845e-14  1.0910197021287471e+12
  1.0880626223091973e-14  1.1736338494005464e+12
  1.1037181996086107e-14  1.2501431097038838e+12
  1.1193737769080234e-14  1.1091068821280610e+12
  1.1350293542074361e-14  8.3316786755628381e+11
  1.1506849315068495e-14  6.3624954149635376e+11
  1.1663405088062622e-14  6.0826878249182861e+11
  1.1819960861056750e-14  6.4954996051235657e+11
  1.1976516634050877e-14  6.2279257638735840e+11
  1.2133072407045011e-14  5.1116862032799115e+11
  1.2289628180039138e-14  4.0531869807214899e+11
  1.2446183953033266e-14  3.7150968627562561e+11
  1.2602739726027393e-14  3.8079087753651605e+11
  1.2759295499021527e-14  3.6837641382786176e+11
  1.2915851272015654e-14  3.1989622267324677e+11
  1.3072407045009781e-14  2.7256010955512103e+11
  1.3228962818003915e-14  2.5288810438718881e+11
  1.3385518590998042e-14  2.4718260974864062e+11
  1.3542074363992170e-14  2.3266054265412921e+11
  1.3698630136986297e-14  2.0982103924423080e+11
  1.3855185909980431e-14  1.9233939179107306e+11
  1.4011741682974558e-14  1.8226743423076605e+11
  1.4168297455968686e-14  1.7105958451731787e+11
  1.4324853228962819e-14  1.5710957585115677e+11
  1.4481409001956947e-14  1.4716917573300970e+11
  1.4637964774951074e-14  1.4231020878787015e+11
  1.4794520547945201e-14  1.3526238938390485e+11
  1.4951076320939335e-14  1.2335297397844057e+11
  1.5107632093933463e-14  1.1357824165519202e+11
  1.5264187866927590e-14  1.1078980607415822e+11
  1.5420743639921724e-14  1.0931148133632040e+11
  1.5577299412915851e-14  1.0219316230440695e+11
  1.5733855185909978e-14  9.2473166098645844e+10
  1.5890410958904106e-14  8.7879838954917923e+10
  1.6046966731898239e-14  8.8169666541955002e+10
  1.6203522504892367e-14  8.5905956041499298e+10
  1.6360078277886494e-14  7.8727069486059494e+10
  1.6516634050880628e-14  7.2722448766653061e+10
  1.6673189823874755e-14  7.2049148712573074e+10
  1.6829745596868883e-14  7.2370885991154114e+10
  1.6986301369863010e-14  6.8417468619213615e+10
  1.7142857142857137e-14  6.2525007948441818e+10
  1.7299412915851265e-14  6.0296168188469711e+10
  1.7455968688845405e-14  6.1259607589413269e+10
  1.7612524461839532e-14  6.0008120126276466e+10
  1.7769080234833660e-14  5.5306032836302765e+10
  1.7925636007827787e-14  5.1843399170308250e+10
  1.8082191780821914e-14  5.2205603263518074e+10
  1.8238747553816042e-14  5.2736227073936264e+10
  1.8395303326810169e-14  4.9849171696639763e+10
  1.8551859099804309e-14  4.5898817189975357e+10
  1.8708414872798436e-14  4.5009215753437424e+10
  1.8864970645792564e-14  4.6203922060067085e+10
  1.9021526418786691e-14  4.5241378719797104e+10
  1.9178082191780819e-14  4.1729046955689713e+10
  1.9334637964774946e-14  3.9587005437220879e+10
  1.9491193737769073e-14  4.0402369194867203e+10
  1.9647749510763213e-14  4.0914194381933258e+10
  1.9804305283757341e-14  3.8582119556085754e+10
  1.9960861056751468e-14  3.5731772510187851e+10
  2.0117416829745596e-14  3.5517957889142242e+10
  2.0273972602739723e-14  3.6690408440900856e+10
  2.0430528375733850e-14  3.5827447676574646e+10
  2.0587084148727978e-14  3.3057335167519196e+10
  2.0743639921722118e-14  3.1704365939699131e+10
  2.0900195694716245e-14  3.2680858557216537e+10
  2.1056751467710372e-14  3.3070804052807476e+10
  2.1213307240704500e-14  3.1081234558941383e+10
  2.1369863013698627e-14  2.8957545411393234e+10
  2.1526418786692755e-14  2.9128217894225231e+10
  2.1682974559686882e-14  3.0185911408928829e+10
  2.1839530332681022e-14  2.9344480681673016e+10
  2.1996086105675149e-14  2.7087849586555599e+10
  2.2152641878669277e-14  2.6257261222790298e+10
  2.2309197651663404e-14  2.7274108459540741e+10
  2.2465753424657531e-14  2.7521576216068470e+10
  2.2622309197651659e-14  2.5769598713755802e+10
  2.2778864970645786e-14  2.4163674268380569e+10
  2.2935420743639926e-14  2.4567157511625347e+10
  2.3091976516634054e-14  2.5485297603673378e+10
  2.3248532289628181e-14  2.4641414723601044e+10
  2.3405088062622308e-14  2.2768653114727776e+10
  2.3561643835616436e-14  2.2305019767703987e+10
  2.3718199608610563e-14  2.3304329271050365e+10
  2.3874755381604690e-14  2.3415473566289814e+10
  2.4031311154598830e-14  2.1845999212841885e+10
  2.4187866927592958e-14  2.0630453448827534e+10
  2.4344422700587085e-14  2.1178484017547218e+10
  2.4500978473581213e-14  2.1954400804125732e+10
  2.4657534246575340e-14  2.1102830926024368e+10
  2.4814090019569467e-14  1.9533605300823620e+10
  2.4970645792563595e-14  1.9338886191738918e+10
  2.5127201565557722e-14  2.0290841448474155e+10
  2.5283757338551862e-14  2.0278852612407047e+10
  2.5440313111545990e-14  1.8859535082033157e+10
  2.5596868884540117e-14  1.7950388853018402e+10
  2.5753424657534244e-14  1.8587615642401531e+10
  2.5909980430528372e-14  1.9226666453884640e+10
  2.6066536203522499e-14  1.8368971767347488e+10
  2.6223091976516626e-14  1.7049459095143011e+10
  2.6379647749510766e-14  1.7057477821894436e+10
  2.6536203522504894e-14  1.7946013489327641e+10
  2.6692759295499021e-14  1.7825252175829830e+10
  2.6849315068493149e-14  1.6535592913452885e+10
  2.7005870841487276e-14  1.5874083896789827e+10
  2.7162426614481403e-14  1.6563573700340496e+10
  2.7318982387475531e-14  1.7073809894434387e+10
  2.7475538160469671e-14  1.6214107328972336e+10
  2.7632093933463798e-14  1.5106235503564142e+10
  2.7788649706457925e-14  1.5269959195564472e+10
  2.7945205479452053e-14  1.6086211410360258e+10
  2.8101761252446180e-14  1.5870328433755152e+10
  2.8258317025440308e-14  1.4696652548975830e+10
  2.8414872798434435e-14  1.4239796635349497e+10
  2.8571428571428575e-14  1.4955681524343969e+10
  2.8727984344422702e-14  1.5345765661377546e+10
  2.8884540117416830e-14  1.4489066210763952e+10
  2.9041095890410957e-14  1.3564795144748915e+10
  2.9197651663405085e-14  1.3849413510929523e+10
  2.9354207436399212e-14  1.4588515507100924e+10
  2.9510763209393339e-14  1.4289952994655525e+10
  2.9667318982387479e-14  1.3222816884989859e+10
  2.9823874755381607e-14  1.2938042598550987e+10
  2.9980430528375734e-14  1.3661470760554956e+10
  3.0136986301369861e-14  1.3939866800113214e+10
  3.0293542074363989e-14  1.3091404003152407e+10
  3.0450097847358116e-14  1.2329415426138426e+10
  3.0606653620352244e-14  1.2708281403008289e+10
  3.0763209393346384e-14  1.3367678632432886e+10
  3.0919765166340511e-14  1.2997646069052700e+10
  3.1076320939334638e-14  1.2030382201941126e+10
  3.1232876712328766e-14  1.1892268915508152e+10
  3.1389432485322893e-14  1.2609021686027260e+10
  3.1545988258317020e-14  1.2783702172331720e+10
  3.1702544031311148e-14  1.1948662412567694e+10
  3.1859099804305288e-14  1.1332317849315823e+10
  3.2015655577299415e-14  1.1784427191663549e+10
  3.2172211350293543e-14  1.2362939989337128e+10
  3.2328767123287670e-14  1.1931543240547594e+10
  3.2485322896281797e-14  1.1059387119059711e+10
  3.2641878669275925e-14  1.1047577956355137e+10
  3.2798434442270052e-14  1.1746594114877089e+10
  3.2954990215264192e-14  1.1824966233039711e+10
  3.3111545988258320e-14  1.1008391156745131e+10
  3.3268101761252447e-14  1.0524407990047005e+10
  3.3424657534246574e-14  1.1032762287719971e+10
  3.3581213307240702e-14  1.1530042923570440e+10
  3.3737769080234829e-14  1.1046452626187178e+10
  3.3894324853228956e-14  1.0265992136697428e+10
  3.4050880626223096e-14  1.0363802012821016e+10
  3.4207436399217224e-14  1.1036224783768942e+10
  3.4363992172211351e-14  1.1025150472517923e+10
  3.4520547945205479e-14  1.0231917944901520e+10
  3.4677103718199606e-14  9.8694777888110237e+09
  3.4833659491193733e-14  1.0419980776186434e+10
  3.4990215264187861e-14  1.0836188505956896e+10
  3.5146771037182001e-14  1.0308807076412910e+10
  3.5303326810176128e-14  9.6176231915375938e+09
  3.5459882583170255e-14  9.8110798163531475e+09
  3.5616438356164383e-14  1.0449619814352430e+10
  3.5772994129158510e-14  1.0355473801182470e+10
  3.5929549902152638e-14  9.5903146456590538e+09
  3.6086105675146765e-14  9.3404443498370132e+09
  3.6242661448140892e-14  9.9211352459240379e+09
  3.6399217221135032e-14  1.0256738455378847e+10
  3.6555772994129160e-14  9.6933524100971680e+09
  3.6712328767123287e-14  9.0897775273662968e+09
  3.6868884540117414e-14  9.3669410260053139e+09
  3.7025440313111542e-14  9.9654382317390747e+09
  3.7181996086105669e-14  9.7941809536259460e+09
  3.7338551859099797e-14  9.0617129452538872e+09
  3.7495107632093937e-14  8.9168426500853043e+09
  3.7651663405088064e-14  9.5173474879162865e+09
  3.7808219178082191e-14  9.7730020649531555e+09
  3.7964774951076319e-14  9.1809187133309593e+09
  3.8121330724070446e-14  8.6638720823987350e+09
  3.8277886497064574e-14  9.0143391525667248e+09
  3.8434442270058701e-14  9.5674521327907200e+09
  3.8590998043052841e-14  9.3247055994223480e+09
  3.8747553816046968e-14  8.6294765924094582e+09
  3.8904109589041096e-14  8.5831181445889177e+09
  3.9060665362035223e-14  9.1942468240278816e+09
  3.9217221135029350e-14  9.3707203333111267e+09
  3.9373776908023478e-14  8.7568886305975819e+09
  3.9530332681017605e-14  8.3257632995228872e+09
  3.9686888454011745e-14  8.7402980935098171e+09
  3.9843444227005873e-14  9.2432786863035469e+09
  4.0000000000000000e-14  8.9344004938019485e+09
