#FileSignature: 0
#legend: No Name
#sim_duration: 0.007947
#title_str: z = 
#tlabel: z
#tscale: 0.007058
#tscale_str: $L_{NL}$
#tunit_str: m
#xcordID: T
#xlabel: t
#xscale: 0.000000
#xscale_str: $t_{p}$
#xunit_str: s
#ycordID: I
#ylabel: I
#yscale: 550000000000000.000000
#yscale_str: $I_{0}$
#yunit_str: W/m$^{2}$
 -4.0000000000000000e-14  6.0335305398950827e+08
 -3.9843444227005873e-14  5.5990324155258274e+08
 -3.9686888454011739e-14  5.2293329091164321e+08
 -3.9530332681017612e-14  5.5478191599959660e+08
 -3.9373776908023484e-14  6.0198497204243529e+08
 -3.9217221135029357e-14  5.8533712989532244e+08
 -3.9060665362035223e-14  5.3322023585594594e+08
 -3.8904109589041096e-14  5.3378766400931555e+08
 -3.8747553816046968e-14  5.8655310958370388e+08
 -3.8590998043052835e-14  6.0321605090042436e+08
 -3.8434442270058707e-14  5.5632266372069287e+08
 -3.8277886497064580e-14  5.2550660800998187e+08
 -3.8121330724070452e-14  5.6343490109633648e+08
 -3.7964774951076319e-14  6.0710014962198234e+08
 -3.7808219178082191e-14  5.8385492510987508e+08
 -3.7651663405088064e-14  5.3376353468275386e+08
 -3.7495107632093930e-14  5.4223078644508183e+08
 -3.7338551859099803e-14  5.9618622268657064e+08
 -3.7181996086105676e-14  6.0597406826476896e+08
 -3.7025440313111548e-14  5.5629362240656948e+08
 -3.6868884540117414e-14  5.3210166575940067e+08
 -3.6712328767123287e-14  5.7563387719171703e+08
 -3.6555772994129160e-14  6.1514671423597312e+08
 -3.6399217221135026e-14  5.8559022722026396e+08
 -3.6242661448140899e-14  5.3826279912790692e+08
 -3.6086105675146771e-14  5.5462410625021648e+08
 -3.5929549902152644e-14  6.0905461746517110e+08
 -3.5772994129158510e-14  6.1175509861735821e+08
 -3.5616438356164383e-14  5.5996255361561000e+08
 -3.5459882583170255e-14  5.4287424112239027e+08
 -3.5303326810176122e-14  5.9153330511095512e+08
 -3.5146771037181994e-14  6.2628346047333860e+08
 -3.4990215264187867e-14  5.9072244803507686e+08
 -3.4833659491193740e-14  5.4691933250706685e+08
 -3.4677103718199612e-14  5.7117200555834365e+08
 -3.4520547945205479e-14  6.2535599015534806e+08
 -3.4363992172211351e-14  6.2076827567223871e+08
 -3.4207436399217224e-14  5.6756934993679106e+08
 -3.4050880626223090e-14  5.5808231064370763e+08
 -3.3894324853228963e-14  6.1138218185834014e+08
 -3.3737769080234835e-14  6.4075426722103953e+08
 -3.3581213307240708e-14  5.9952280698765910e+08
 -3.3424657534246574e-14  5.6004034894556332e+08
 -3.3268101761252447e-14  5.9218500784839749e+08
 -3.3111545988258320e-14  6.4538231831558359e+08
 -3.2954990215264186e-14  6.3331535380449951e+08
 -3.2798434442270058e-14  5.7946079179702258e+08
 -3.2641878669275931e-14  5.7810008049538040e+08
 -3.2485322896281804e-14  6.3553721793319714e+08
 -3.2328767123287670e-14  6.5890134720259702e+08
 -3.2172211350293543e-14  6.1236966329222882e+08
 -3.2015655577299415e-14  5.7805620805398548e+08
 -3.1859099804305282e-14  6.1809665591004276e+08
 -3.1702544031311154e-14  6.6953571589816940e+08
 -3.1545988258317027e-14  6.4980779745025790e+08
 -3.1389432485322899e-14  5.9611052233629155e+08
 -3.1232876712328766e-14  6.0343905087272727e+08
 -3.1076320939334638e-14  6.6448252825080121e+08
 -3.0919765166340511e-14  6.8118462134338748e+08
 -3.0763209393346377e-14  6.2977070628237963e+08
 -3.0606653620352250e-14  6.0154550189956903e+08
 -3.0450097847358122e-14  6.4948816327034605e+08
 -3.0293542074363995e-14  6.9835135909944522e+08
 -3.0136986301369861e-14  6.7079116740633941e+08
 -2.9980430528375734e-14  6.1814752976460624e+08
 -2.9823874755381607e-14  6.3477817264715028e+08
 -2.9667318982387473e-14  6.9885777704077923e+08
 -2.9510763209393346e-14  7.0820918376206934e+08
 -2.9354207436399218e-14  6.5239427908013713e+08
 -2.9197651663405091e-14  6.3127051726957166e+08
 -2.9041095890410957e-14  6.8712328376756215e+08
 -2.8884540117416830e-14  7.3252982822123671e+08
 -2.8727984344422702e-14  6.9697943059590471e+08
 -2.8571428571428569e-14  6.4639621193753684e+08
 -2.8414872798434441e-14  6.7300624518962908e+08
 -2.8258317025440314e-14  7.3949767351491928e+08
 -2.8101761252446183e-14  7.4076381645430338e+08
 -2.7945205479452053e-14  6.8111336308255506e+08
 -2.7788649706457925e-14  6.6822701793710935e+08
 -2.7632093933463798e-14  7.3199713045905113e+08
 -2.7475538160469668e-14  7.7298230198368871e+08
 -2.7318982387475537e-14  7.2930301509560835e+08
 -2.7162426614481410e-14  6.8193261453821993e+08
 -2.7005870841487282e-14  7.1928135287308681e+08
 -2.6849315068493152e-14  7.8748720881431913e+08
 -2.6692759295499021e-14  7.7987492625053072e+08
 -2.6536203522504894e-14  7.1706739777149439e+08
 -2.6379647749510763e-14  7.1371423136610687e+08
 -2.6223091976516633e-14  7.8540465993531990e+08
 -2.6066536203522505e-14  8.2089397192256236e+08
 -2.5909980430528378e-14  7.6897652991601396e+08
 -2.5753424657534247e-14  7.2616382458366871e+08
 -2.5596868884540117e-14  7.7511459202960491e+08
 -2.5440313111545990e-14  8.4423935645012438e+08
 -2.5283757338551859e-14  8.2688272697809565e+08
 -2.5127201565557732e-14  7.6174998162985837e+08
 -2.4970645792563601e-14  7.6943401793334341e+08
 -2.4814090019569471e-14  8.4903742065671265e+08
 -2.4657534246575343e-14  8.7781381477134609e+08
 -2.4500978473581213e-14  8.1759531384389567e+08
 -2.4344422700587085e-14  7.8094136124773788e+08
 -2.4187866927592955e-14  8.4248919922306454e+08
 -2.4031311154598827e-14  9.1160541834019637e+08
 -2.3874755381604697e-14  8.8355013683709717e+08
 -2.3718199608610569e-14  8.1713509118502617e+08
 -2.3561643835616439e-14  8.3763342311198306e+08
 -2.3405088062622308e-14  9.2512200221853685e+08
 -2.3248532289628181e-14  9.4578316234830213e+08
 -2.3091976516634050e-14  8.7727481127352214e+08
 -2.2935420743639923e-14  8.4872558518391609e+08
 -2.2778864970645793e-14  9.2403314231932318e+08
 -2.2622309197651665e-14  9.9203474383018160e+08
 -2.2465753424657535e-14  9.5222064654210258e+08
 -2.2309197651663404e-14  8.8586025945200300e+08
 -2.2152641878669277e-14  9.2131197425636566e+08
 -2.1996086105675146e-14  1.0166232228697954e+09
 -2.1839530332681019e-14  1.0275268634632536e+09
 -2.1682974559686888e-14  9.5085637992813551e+08
 -2.1526418786692761e-14  9.3282280383730733e+08
 -2.1369863013698630e-14  1.0232666095926784e+09
 -2.1213307240704500e-14  1.0888132033223245e+09
 -2.1056751467710372e-14  1.0360672254540546e+09
 -2.0900195694716242e-14  9.7150817564606345e+08
 -2.0743639921722114e-14  1.0245124799243242e+09
 -2.0587084148727984e-14  1.1275130422266366e+09
 -2.0430528375733857e-14  1.1267352528539832e+09
 -2.0273972602739726e-14  1.0422675356424714e+09
 -2.0117416829745599e-14  1.0377948426040821e+09
 -1.9960861056751468e-14  1.1449359561088221e+09
 -1.9804305283757338e-14  1.2062912134767714e+09
 -1.9647749510763210e-14  1.1393970904209404e+09
 -1.9491193737769080e-14  1.0791735701483812e+09
 -1.9334637964774952e-14  1.1530111254814796e+09
 -1.9178082191780822e-14  1.2631864074320683e+09
 -1.9021526418786694e-14  1.2480858454962130e+09
 -1.8864970645792564e-14  1.1566565945341096e+09
 -1.8708414872798436e-14  1.1703508128853416e+09
 -1.8551859099804306e-14  1.2964841966727293e+09
 -1.8395303326810175e-14  1.3507786006772866e+09
 -1.8238747553816048e-14  1.2671507946356494e+09
 -1.8082191780821917e-14  1.2145830954198678e+09
 -1.7925636007827790e-14  1.3153479156307564e+09
 -1.7769080234833660e-14  1.4340498089478326e+09
 -1.7612524461839532e-14  1.4004004071357360e+09
 -1.7455968688845402e-14  1.2991580590077798e+09
 -1.7299412915851271e-14  1.3346007871655302e+09
 -1.7142857142857144e-14  1.4869427021639805e+09
 -1.6986301369863013e-14  1.5386031738988061e+09
 -1.6829745596868886e-14  1.4361176022419951e+09
 -1.6673189823874755e-14  1.3839055761355093e+09
 -1.6516634050880628e-14  1.5066624507599180e+09
 -1.6360078277886497e-14  1.6417603016011498e+09
 -1.6203522504892367e-14  1.6098377512099643e+09
 -1.6046966731898239e-14  1.5097215547882540e+09
 -1.5890410958904109e-14  1.5454354746864166e+09
 -1.5733855185909982e-14  1.6862739941975114e+09
 -1.5577299412915851e-14  1.7367445380178480e+09
 -1.5420743639921724e-14  1.6799830765841413e+09
 -1.5264187866927593e-14  1.6878378072094920e+09
 -1.5107632093933466e-14  1.7893237368285351e+09
 -1.4951076320939335e-14  1.8136080222167242e+09
 -1.4794520547945205e-14  1.7385626535378103e+09
 -1.4637964774951077e-14  1.7947861452934446e+09
 -1.4481409001956947e-14  2.0428834215532949e+09
 -1.4324853228962819e-14  2.1421827664070680e+09
 -1.4168297455968689e-14  1.8643258656748912e+09
 -1.4011741682974561e-14  1.6151615010434599e+09
 -1.3855185909980431e-14  1.9583695869277856e+09
 -1.3698630136986304e-14  2.6516481104856501e+09
 -1.3542074363992173e-14  2.7494712233840289e+09
 -1.3385518590998042e-14  1.9494885292040617e+09
 -1.3228962818003915e-14  1.3167834846519172e+09
 -1.3072407045009785e-14  2.0294717079295335e+09
 -1.2915851272015657e-14  3.5775971314284525e+09
 -1.2759295499021527e-14  4.0363279925934749e+09
 -1.2602739726027399e-14  2.5351078287539425e+09
 -1.2446183953033269e-14  8.5825713508828139e+08
 -1.2289628180039138e-14  1.6496335933030946e+09
 -1.2133072407045011e-14  4.8744497811049423e+09
 -1.1976516634050880e-14  7.0409523921573973e+09
 -1.1819960861056753e-14  5.0993191987669754e+09
 -1.1663405088062622e-14  1.0120310246134659e+09
 -1.1506849315068495e-14  7.3623912535950255e+08
 -1.1350293542074368e-14  7.0776133349318647e+09
 -1.1193737769080234e-14  1.4489486353256462e+10
 -1.1037181996086107e-14  1.4185622693985128e+10
 -1.0880626223091979e-14  6.0297310260037498e+09
 -1.0724070450097845e-14  2.1584141954486632e+09
 -1.0567514677103718e-14  1.3717875702590092e+10
 -1.0410958904109591e-14  3.4149044130223671e+10
 -1.0254403131115463e-14  4.2837310491136528e+10
 -1.0097847358121330e-14  3.1162662078390041e+10
 -9.9412915851272022e-15  1.9962005028323078e+10
 -9.7847358121330748e-15  3.9276601004881828e+10
 -9.6281800391389412e-15  8.7706206216232803e+10
 -9.4716242661448138e-15  1.2502182054839685e+11
 -9.3150684931506864e-15  1.1984233693338914e+11
 -9.1585127201565590e-15  9.9549109241917877e+10
 -9.0019569471624253e-15  1.2976300538263022e+11
 -8.8454011741682979e-15  2.3202331090950854e+11
 -8.6888454011741706e-15  3.4142609929079053e+11
 -8.5322896281800369e-15  3.7765088048261163e+11
 -8.3757338551859095e-15  3.5919849567071143e+11
 -8.2191780821917821e-15  4.0807033871548468e+11
 -8.0626223091976547e-15  6.0754898831365698e+11
 -7.9060665362035210e-15  8.7698559239266797e+11
 -7.7495107632093937e-15  1.0475927112974198e+12
 -7.5929549902152663e-15  1.0843162754075543e+12
 -7.4363992172211389e-15  1.1751083193553992e+12
 -7.2798434442270052e-15  1.5255690954989412e+12
 -7.1232876712328778e-15  2.0761772984740496e+12
 -6.9667318982387504e-15  2.5264049742473511e+12
 -6.8101761252446168e-15  2.7110944456518794e+12
 -6.6536203522504894e-15  2.8845319672976313e+12
 -6.4970645792563620e-15  3.4873232292505879e+12
 -6.3405088062622346e-15  4.5980572109678076e+12
 -6.1839530332681009e-15  5.7613800320322090e+12
 -6.0273972602739735e-15  6.5092490592158311e+12
 -5.8708414872798462e-15  6.9863981718548984e+12
 -5.7142857142857125e-15  7.8216356769053604e+12
 -5.5577299412915851e-15  9.2786272254360781e+12
 -5.4011741682974577e-15  1.0759092640059059e+13
 -5.2446183953033303e-15  1.1468703539804539e+13
 -5.0880626223091966e-15  1.1581321094978547e+13
 -4.9315068493150693e-15  1.2383356408862133e+13
 -4.7749510763209419e-15  1.4978901078877301e+13
 -4.6183953033268082e-15  1.9023011521214910e+13
 -4.4618395303326808e-15  2.3125596260711656e+13
 -4.3052837573385534e-15  2.6494384500355840e+13
 -4.1487279843444261e-15  2.9620636410424789e+13
 -3.9921722113502924e-15  3.2928696295716891e+13
 -3.8356164383561650e-15  3.5205288236322156e+13
 -3.6790606653620376e-15  3.4400225862773027e+13
 -3.5225048923679039e-15  3.0446909633776957e+13
 -3.3659491193737765e-15  2.6576036109997730e+13
 -3.2093933463796492e-15  2.6781098407857461e+13
 -3.0528375733855218e-15  3.1939814208081934e+13
 -2.8962818003913881e-15  3.9481994657387117e+13
 -2.7397260273972607e-15  4.7473953186318375e+13
 -2.5831702544031333e-15  5.7868012871603164e+13
 -2.4266144814089996e-15  7.3672317280836500e+13
 -2.2700587084148723e-15  9.2351024254415422e+13
 -2.1135029354207449e-15  1.0404983512491281e+14
 -1.9569471624266175e-15  9.9225241179838953e+13
 -1.8003913894324838e-15  7.8968480492534297e+13
 -1.6438356164383564e-15  5.6146147859501031e+13
 -1.4872798434442290e-15  4.4359075234446070e+13
 -1.3307240704501017e-15  4.5835818037538234e+13
 -1.1741682974559680e-15  5.1880625637180039e+13
 -1.0176125244618406e-15  5.5764228983740031e+13
 -8.6105675146771321e-16  6.2942711380099891e+13
 -7.0450097847357952e-16  8.5403590077397625e+13
 -5.4794520547945214e-16  1.2510669901081950e+14
 -3.9138943248532476e-16  1.6548201096454894e+14
 -2.3483365949119738e-16  1.8268078743605494e+14
 -7.8277886497063690e-17  1.6668721398440122e+14
  7.8277886497063690e-17  1.3061101332633312e+14
  2.3483365949119107e-16  9.8347078548383438e+13
  3.9138943248532476e-16  8.3567048165956422e+13
  5.4794520547945214e-16  8.1554533564470141e+13
  7.0450097847357952e-16  8.0617786443691141e+13
  8.6105675146770690e-16  7.8608326936343312e+13
  1.0176125244618406e-15  8.5761105056436141e+13
  1.1741682974559680e-15  1.1136892866580734e+14
  1.3307240704500954e-15  1.4981002065125644e+14
  1.4872798434442290e-15  1.8168321180545669e+14
  1.6438356164383564e-15  1.8927437231782869e+14
  1.8003913894324838e-15  1.7091842064115700e+14
  1.9569471624266112e-15  1.4090745821648231e+14
  2.1135029354207449e-15  1.1651758358328512e+14
  2.2700587084148723e-15  1.0523230044357100e+14
  2.4266144814089996e-15  1.0286903433345264e+14
  2.5831702544031270e-15  1.0170091362486589e+14
  2.7397260273972607e-15  9.9188995541213562e+13
  2.8962818003913881e-15  9.9441260643291469e+13
  3.0528375733855155e-15  1.0739794440600025e+14
  3.2093933463796492e-15  1.2194787652252623e+14
  3.3659491193737765e-15  1.3426010384946416e+14
  3.5225048923679039e-15  1.3297261532064264e+14
  3.6790606653620313e-15  1.1260893314090756e+14
  3.8356164383561650e-15  7.9034758429854219e+13
  3.9921722113502924e-15  4.7345793271532352e+13
  4.1487279843444197e-15  3.2630369038251285e+13
  4.3052837573385534e-15  3.9594752147147961e+13
  4.4618395303326808e-15  5.8820456260343125e+13
  4.6183953033268082e-15  7.3135716187453734e+13
  4.7749510763209356e-15  6.9806657486193961e+13
  4.9315068493150693e-15  4.9300232718047969e+13
  5.0880626223091966e-15  2.3894476536028113e+13
  5.2446183953033240e-15  7.6623072893242148e+12
  5.4011741682974577e-15  6.2434599665676123e+12
  5.5577299412915851e-15  1.4347667595678584e+13
  5.7142857142857125e-15  2.1836767853028375e+13
  5.8708414872798399e-15  2.2175215105451754e+13
  6.0273972602739735e-15  1.6147221606417721e+13
  6.1839530332681009e-15  8.9871333011634277e+12
  6.3405088062622283e-15  4.9138417792598281e+12
  6.4970645792563620e-15  4.2497559084040356e+12
  6.6536203522504894e-15  4.7198958014452188e+12
  6.8101761252446168e-15  4.4451800436534863e+12
  6.9667318982387441e-15  3.4049878927920264e+12
  7.1232876712328778e-15  2.5792032880944844e+12
  7.2798434442270052e-15  2.4349871359964336e+12
  7.4363992172211326e-15  2.5188218686964785e+12
  7.5929549902152663e-15  2.2215632871013809e+12
  7.7495107632093937e-15  1.5260689991633098e+12
  7.9060665362035210e-15  9.0647894759924670e+11
  8.0626223091976484e-15  7.0142429627072705e+11
  8.2191780821917821e-15  7.8040119135581775e+11
  8.3757338551859095e-15  7.9615674014344006e+11
  8.5322896281800369e-15  6.0309396178939771e+11
  8.6888454011741642e-15  3.4853789342782092e+11
  8.8454011741682979e-15  2.2622242488456003e+11
  9.0019569471624253e-15  2.4940016511077661e+11
  9.1585127201565527e-15  2.8333501569806891e+11
  9.3150684931506864e-15  2.3049873594125839e+11
  9.4716242661448138e-15  1.2506393794188744e+11
  9.6281800391389412e-15  5.8399239000004112e+10
  9.7847358121330685e-15  6.2545084337631187e+10
  9.9412915851272022e-15  8.9920646363445572e+10
  1.0097847358121330e-14  8.5412828501467667e+10
  1.0254403131115457e-14  4.7526133855769554e+10
  1.0410958904109591e-14  1.4847209066878740e+10
  1.0567514677103718e-14  1.2414165316215435e+10
  1.0724070450097845e-14  2.7249441209822227e+10
  1.0880626223091973e-14  3.2290671677723469e+10
  1.1037181996086107e-14  1.9750032922626465e+10
  1.1193737769080234e-14  4.4762374689813080e+09
  1.1350293542074361e-14  1.2382627811638527e+09
  1.1506849315068495e-14  8.0295777803763552e+09
  1.1663405088062622e-14  1.2641239765006035e+10
  1.1819960861056750e-14  9.0567381913686085e+09
  1.1976516634050877e-14  2.4665599481017141e+09
  1.2133072407045011e-14  2.0610827601747888e+08
  1.2289628180039138e-14  2.8077503910531301e+09
  1.2446183953033266e-14  5.3747995365738811e+09
  1.2602739726027393e-14  4.7038801262145281e+09
  1.2759295499021527e-14  2.2816716307354660e+09
  1.2915851272015654e-14  1.0575647551785508e+09
  1.3072407045009781e-14  1.7135095545036077e+09
  1.3228962818003915e-14  2.7662997437562218e+09
  1.3385518590998042e-14  2.9324800452171197e+09
  1.3542074363992170e-14  2.3059498267567406e+09
  1.3698630136986297e-14  1.6757387629737344e+09
  1.3855185909980431e-14  1.5512736737988143e+09
  1.4011741682974558e-14  1.8764808655921762e+09
  1.4168297455968686e-14  2.2268383114429131e+09
  1.4324853228962819e-14  2.1929632550410876e+09
  1.4481409001956947e-14  1.7910155493887811e+09
  1.4637964774951074e-14  1.4817516413572094e+09
  1.4794520547945201e-14  1.6110504347184305e+09
  1.4951076320939335e-14  1.9357687993519137e+09
  1.5107632093933463e-14  1.9570149640407054e+09
  1.5264187866927590e-14  1.6340750785240035e+09
  1.5420743639921724e-14  1.4196928281840243e+09
  1.5577299412915851e-14  1.5648463294818177e+09
  1.5733855185909978e-14  1.7672543820970829e+09
  1.5890410958904106e-14  1.6792459610385656e+09
  1.6046966731898239e-14  1.4381101575321190e+09
  1.6203522504892367e-14  1.3994099632399218e+09
  1.6360078277886494e-14  1.5584415787531056e+09
  1.6516634050880628e-14  1.5978058234005344e+09
  1.6673189823874755e-14  1.4289246997421687e+09
  1.6829745596868883e-14  1.3146815674645064e+09
  1.6986301369863010e-14  1.4079902377296023e+09
  1.7142857142857137e-14  1.5050269842725759e+09
  1.7299412915851265e-14  1.4065718987335708e+09
  1.7455968688845405e-14  1.2527308578625195e+09
  1.7612524461839532e-14  1.2739126586868985e+09
  1.7769080234833660e-14  1.3995152950714362e+09
  1.7925636007827787e-14  1.3852103835598235e+09
  1.8082191780821914e-14  1.2282013141264019e+09
  1.8238747553816042e-14  1.1659404749214842e+09
  1.8395303326810169e-14  1.2724855357881985e+09
  1.8551859099804309e-14  1.3387173702684410e+09
  1.8708414872798436e-14  1.2286870483984551e+09
  1.8864970645792564e-14  1.1043575095915146e+09
  1.9021526418786691e-14  1.1476873136553464e+09
  1.9178082191780819e-14  1.2571191025429718e+09
  1.9334637964774946e-14  1.2245797139337959e+09
  1.9491193737769073e-14  1.0847155450837708e+09
  1.9647749510763213e-14  1.0502768207835590e+09
  1.9804305283757341e-14  1.1530055448371110e+09
  1.9960861056751468e-14  1.1959599951391561e+09
  2.0117416829745596e-14  1.0877539486792612e+09
  2.0273972602739723e-14  9.9171734886937606e+08
  2.0430528375733850e-14  1.0469004525534451e+09
  2.0587084148727978e-14  1.1371670037920809e+09
  2.0743639921722118e-14  1.0914746605051682e+09
  2.0900195694716245e-14  9.7023814076908517e+08
  2.1056751467710372e-14  9.5861731711126757e+08
  2.1213307240704500e-14  1.0547792675392816e+09
  2.1369863013698627e-14  1.0776950528076749e+09
  2.1526418786692755e-14  9.7331270574249208e+08
  2.1682974559686882e-14  9.0149119782200170e+08
  2.1839530332681022e-14  9.6430879284364605e+08
  2.1996086105675149e-14  1.0372889381052442e+09
  2.2152641878669277e-14  9.8230298867169607e+08
  2.2309197651663404e-14  8.7817274088309622e+08
  2.2465753424657531e-14  8.8419342719739795e+08
  2.2622309197651659e-14  9.7265492862413299e+08
  2.2778864970645786e-14  9.7928833712206244e+08
  2.2935420743639926e-14  8.8028077439882016e+08
  2.3091976516634054e-14  8.2887377965134430e+08
  2.3248532289628181e-14  8.9586899767219234e+08
  2.3405088062622308e-14  9.5329381898645902e+08
  2.3561643835616436e-14  8.9213889617227876e+08
  2.3718199608610563e-14  8.0382961614917731e+08
  2.3874755381604690e-14  8.2349022951450086e+08
  2.4031311154598830e-14  9.0354954477954614e+08
  2.4187866927592958e-14  8.9683998317202747e+08
  2.4344422700587085e-14  8.0421983511079967e+08
  2.4500978473581213e-14  7.7020004753440964e+08
  2.4657534246575340e-14  8.3888965455076635e+08
  2.4814090019569467e-14  8.8229297978483331e+08
  2.4970645792563595e-14  8.1729444968230367e+08
  2.5127201565557722e-14  7.4359058008195090e+08
  2.5283757338551862e-14  7.7379803398372126e+08
  2.5440313111545990e-14  8.4513604379185462e+08
  2.5596868884540117e-14  8.2746079689446020e+08
  2.5753424657534244e-14  7.4185172570503199e+08
  2.5909980430528372e-14  7.2271980290560246e+08
  2.6066536203522499e-14  7.9127476178058887e+08
  2.6223091976516626e-14  8.2203537555369544e+08
  2.6379647749510766e-14  7.5498806596516371e+08
  2.6536203522504894e-14  6.9476958819913268e+08
  2.6692759295499021e-14  7.3306744268161869e+08
  2.6849315068493149e-14  7.9558767978717971e+08
  2.7005870841487276e-14  7.6890940693759310e+08
  2.7162426614481403e-14  6.9070009164673972e+08
  2.7318982387475531e-14  6.8436870090086567e+08
  2.7475538160469671e-14  7.5140727560076487e+08
  2.7632093933463798e-14  7.7075619897698760e+08
  2.7788649706457925e-14  7.0308119376800048e+08
  2.7945205479452053e-14  6.5533457238246167e+08
  2.8101761252446180e-14  6.9973496328370297e+08
  2.8258317025440308e-14  7.5347439753830671e+08
  2.8414872798434435e-14  7.1944060270964170e+08
  2.8571428571428575e-14  6.4887123546363306e+08
  2.8727984344422702e-14  6.5357540549798453e+08
  2.8884540117416830e-14  7.1803162898056078e+08
  2.9041095890410957e-14  7.2707055242598772e+08
  2.9197651663405085e-14  6.5992003167915535e+08
  2.9354207436399212e-14  6.2373269079484212e+08
  2.9510763209393339e-14  6.7259708745805013e+08
  2.9667318982387479e-14  7.1767368995442402e+08
  2.9823874755381607e-14  6.7769121777831209e+08
  2.9980430528375734e-14  6.1490709633062446e+08
  3.0136986301369861e-14  6.2913441298781884e+08
  3.0293542074363989e-14  6.9016912202321196e+08
  3.0450097847358116e-14  6.8989026358468366e+08
  3.0606653620352244e-14  6.2422029615475881e+08
  3.0763209393346384e-14  5.9876989786409092e+08
  3.0919765166340511e-14  6.5072322033581793e+08
  3.1076320939334638e-14  6.8730420281301522e+08
  3.1232876712328766e-14  6.4259506974877417e+08
  3.1389432485322893e-14  5.8768054281039464e+08
  3.1545988258317020e-14  6.1011708247431719e+08
  3.1702544031311148e-14  6.6705654278016186e+08
  3.1859099804305288e-14  6.5836134785023975e+08
  3.2015655577299415e-14  5.9498345229359996e+08
  3.2172211350293543e-14  5.7952570880260408e+08
  3.2328767123287670e-14  6.3339342521346593e+08
  3.2485322896281797e-14  6.6167596374400437e+08
  3.2641878669275925e-14  6.1331982875123405e+08
  3.2798434442270052e-14  5.6632016815557206e+08
  3.2954990215264192e-14  5.9580832840614915e+08
  3.3111545988258320e-14  6.4810106880984855e+08
  3.3268101761252447e-14  6.3181700892412066e+08
  3.3424657534246574e-14  5.7143549820426548e+08
  3.3581213307240702e-14  5.6529220637420189e+08
  3.3737769080234829e-14  6.2005347556819999e+08
  3.3894324853228956e-14  6.4025315494604659e+08
  3.4050880626223096e-14  5.8922019065994954e+08
  3.4207436399217224e-14  5.5015588557809901e+08
  3.4363992172211351e-14  5.8566114763310385e+08
  3.4520547945205479e-14  6.3284707913827395e+08
  3.4677103718199606e-14  6.0974251613176775e+08
  3.4833659491193733e-14  5.5298216194951415e+08
  3.4990215264187861e-14  5.5553009910190785e+08
  3.5146771037182001e-14  6.1028224547935212e+08
  3.5303326810176128e-14  6.2262642174694288e+08
  3.5459882583170255e-14  5.6980330807266724e+08
  3.5616438356164383e-14  5.3867952975637698e+08
  3.5772994129158510e-14  5.7926387951910663e+08
  3.5929549902152638e-14  6.2095183174766791e+08
  3.6086105675146765e-14  5.9174919697468829e+08
  3.6242661448140892e-14  5.3917626336887217e+08
  3.6399217221135032e-14  5.4983714225071788e+08
  3.6555772994129160e-14  6.0376820568650246e+08
  3.6712328767123287e-14  6.0849255148514378e+08
  3.6868884540117414e-14  5.5470351859912872e+08
  3.7025440313111542e-14  5.3151647603919768e+08
  3.7181996086105669e-14  5.7631681088018429e+08
  3.7338551859099797e-14  6.1216794946869159e+08
  3.7495107632093937e-14  5.7755555407077610e+08
  3.7651663405088064e-14  5.2969422130924135e+08
  3.7808219178082191e-14  5.4792566091047597e+08
  3.7964774951076319e-14  6.0029278498115623e+08
  3.8121330724070446e-14  5.9764001292655003e+08
  3.8277886497064574e-14  5.4366435011456323e+08
  3.8434442270058701e-14  5.2840558406495905e+08
  3.8590998043052841e-14  5.7661581142413974e+08
  3.8747553816046968e-14  6.0633126784503567e+08
  3.8904109589041096e-14  5.6697414648908067e+08
  3.9060665362035223e-14  5.2431973636936784e+08
  3.9217221135029350e-14  5.4960705472796917e+08
  3.9373776908023478e-14  5.9971907926633859e+08
  3.9530332681017605e-14  5.8993926443450606e+08
  3.9686888454011745e-14  5.3652641320066047e+08
  3.9843444227005873e-14  5.2918571515190989e+08
  4.0000000000000000e-14  5.8004151172070265e+08
