#FileSignature: 0
#legend: No Name
#sim_duration: 0.005252
#title_str: z = 
#tlabel: z
#tscale: 0.007058
#tscale_str: $L_{NL}$
#tunit_str: m
#xcordID: T
#xlabel: t
#xscale: 0.000000
#xscale_str: $t_{p}$
#xunit_str: s
#ycordID: I
#ylabel: I
#yscale: 550000000000000.000000
#yscale_str: $I_{0}$
#yunit_str: W/m$^{2}$
 -4.0000000000000000e-14  2.8285974531038523e+08
 -3.9843444227005873e-14  2.7055091343749768e+08
 -3.9686888454011739e-14  2.7913375381365359e+08
 -3.9530332681017612e-14  2.9325859772495049e+08
 -3.9373776908023484e-14  2.8837016637268811e+08
 -3.9217221135029357e-14  2.7191962909599608e+08
 -3.9060665362035223e-14  2.7076797573483706e+08
 -3.8904109589041096e-14  2.8607275466831917e+08
 -3.8747553816046968e-14  2.9141698797862399e+08
 -3.8590998043052835e-14  2.7719881070551723e+08
 -3.8434442270058707e-14  2.6670009749367037e+08
 -3.8277886497064580e-14  2.7694703705831087e+08
 -3.8121330724070452e-14  2.9015272741175812e+08
 -3.7964774951076319e-14  2.8363375308355862e+08
 -3.7808219178082191e-14  2.6788788339784661e+08
 -3.7651663405088064e-14  2.6892082654742855e+08
 -3.7495107632093930e-14  2.8457210080243301e+08
 -3.7338551859099803e-14  2.8817787394211996e+08
 -3.7181996086105676e-14  2.7336132291924906e+08
 -3.7025440313111548e-14  2.6471922464734551e+08
 -3.6868884540117414e-14  2.7649819569227856e+08
 -3.6712328767123287e-14  2.8867866789799535e+08
 -3.6555772994129160e-14  2.8060960943637967e+08
 -3.6399217221135026e-14  2.6569046287109059e+08
 -3.6242661448140899e-14  2.6886135618127632e+08
 -3.6086105675146771e-14  2.8471204811226028e+08
 -3.5929549902152644e-14  2.8656425824413383e+08
 -3.5772994129158510e-14  2.7128169309638268e+08
 -3.5616438356164383e-14  2.6455143451739499e+08
 -3.5459882583170255e-14  2.7774475509240335e+08
 -3.5303326810176122e-14  2.8879771717286205e+08
 -3.5146771037181994e-14  2.7925420306576884e+08
 -3.4990215264187867e-14  2.6528685008350229e+08
 -3.4833659491193740e-14  2.7056266427397615e+08
 -3.4677103718199612e-14  2.8647459609305018e+08
 -3.4520547945205479e-14  2.8655525598069447e+08
 -3.4363992172211351e-14  2.7093744812278849e+08
 -3.4207436399217224e-14  2.6618465465069604e+08
 -3.4050880626223090e-14  2.8068711462271774e+08
 -3.3894324853228963e-14  2.9051139904688591e+08
 -3.3737769080234835e-14  2.7956492296653271e+08
 -3.3581213307240708e-14  2.6668017246543372e+08
 -3.3424657534246574e-14  2.7404167862221384e+08
 -3.3268101761252447e-14  2.8988281559318626e+08
 -3.3111545988258320e-14  2.8816978885709536e+08
 -3.2954990215264186e-14  2.7234822085127997e+08
 -3.2798434442270058e-14  2.6965109871537584e+08
 -3.2641878669275931e-14  2.8536853855921775e+08
 -3.2485322896281804e-14  2.9386149047350204e+08
 -3.2328767123287670e-14  2.8158005062942231e+08
 -3.2172211350293543e-14  2.6991757110044515e+08
 -3.2015655577299415e-14  2.7936013051727223e+08
 -3.1859099804305282e-14  2.9500200309047258e+08
 -3.1702544031311154e-14  2.9146758788251650e+08
 -3.1545988258317027e-14  2.7557697630628598e+08
 -3.1389432485322899e-14  2.7502917803788239e+08
 -3.1232876712328766e-14  2.9187747872515690e+08
 -3.1076320939334638e-14  2.9893217880811775e+08
 -3.0919765166340511e-14  2.8538088586439294e+08
 -3.0763209393346377e-14  2.7509296862315911e+08
 -3.0606653620352250e-14  2.8662803083191228e+08
 -3.0450097847358122e-14  3.0194315885551190e+08
 -3.0293542074363995e-14  2.9655238580503869e+08
 -3.0136986301369861e-14  2.8073359969860619e+08
 -2.9980430528375734e-14  2.8244802184224665e+08
 -2.9823874755381607e-14  3.0035246885683089e+08
 -2.9667318982387473e-14  3.0585457704291427e+08
 -2.9510763209393346e-14  2.9109625163800597e+08
 -2.9354207436399218e-14  2.8235250943769181e+08
 -2.9197651663405091e-14  2.9600996765448916e+08
 -2.9041095890410957e-14  3.1086910552950925e+08
 -2.8884540117416830e-14  3.0357761307718146e+08
 -2.8727984344422702e-14  2.8798122529720509e+08
 -2.8571428571428569e-14  2.9209506638155371e+08
 -2.8414872798434441e-14  3.1099005278857970e+08
 -2.8258317025440314e-14  3.1481401922783786e+08
 -2.8101761252446183e-14  2.9890984869578284e+08
 -2.7945205479452053e-14  2.9190327908128864e+08
 -2.7788649706457925e-14  3.0773489508131933e+08
 -2.7632093933463798e-14  3.2200384248620111e+08
 -2.7475538160469668e-14  3.1275514576140565e+08
 -2.7318982387475537e-14  2.9754597833751529e+08
 -2.7162426614481410e-14  3.0422755228015602e+08
 -2.7005870841487282e-14  3.2405658180320632e+08
 -2.6849315068493152e-14  3.2606084963828492e+08
 -2.6692759295499021e-14  3.0907119205966806e+08
 -2.6536203522504894e-14  3.0402624092644882e+08
 -2.6379647749510763e-14  3.2211048809579152e+08
 -2.6223091976516633e-14  3.3564613088497221e+08
 -2.6066536203522505e-14  3.2436802034119433e+08
 -2.5909980430528378e-14  3.0973119604856575e+08
 -2.5753424657534247e-14  3.1918922733757049e+08
 -2.5596868884540117e-14  3.3990519400996226e+08
 -2.5440313111545990e-14  3.3992588382680959e+08
 -2.5283757338551859e-14  3.2191136136534274e+08
 -2.5127201565557732e-14  3.1909490117465186e+08
 -2.4970645792563601e-14  3.3954372018598855e+08
 -2.4814090019569471e-14  3.5218882675022477e+08
 -2.4657534246575343e-14  3.3878856111746305e+08
 -2.4500978473581213e-14  3.2493785288476765e+08
 -2.4344422700587085e-14  3.3743430079658973e+08
 -2.4187866927592955e-14  3.5899995648220134e+08
 -2.4031311154598827e-14  3.5684228662665612e+08
 -2.3874755381604697e-14  3.3786548616004664e+08
 -2.3718199608610569e-14  3.3760217427157754e+08
 -2.3561643835616439e-14  3.6057034959888649e+08
 -2.3405088062622308e-14  3.7214626244501019e+08
 -2.3248532289628181e-14  3.5650396914130014e+08
 -2.3091976516634050e-14  3.4369379654626411e+08
 -2.2935420743639923e-14  3.5956211784056985e+08
 -2.2778864970645793e-14  3.8195073883549792e+08
 -2.2622309197651665e-14  3.7737669116506070e+08
 -2.2465753424657535e-14  3.5750432644775546e+08
 -2.2309197651663404e-14  3.6019854891183442e+08
 -2.2152641878669277e-14  3.8589793390593487e+08
 -2.1996086105675146e-14  3.9619517555707216e+08
 -2.1839530332681019e-14  3.7815395698199636e+08
 -2.1682974559686888e-14  3.6669412213753259e+08
 -2.1526418786692761e-14  3.8636395066189396e+08
 -2.1369863013698630e-14  4.0956354141409796e+08
 -2.1213307240704500e-14  4.0228033024493426e+08
 -2.1056751467710372e-14  3.8158676949741346e+08
 -2.0900195694716242e-14  3.8774376101153564e+08
 -2.0743639921722114e-14  4.1645291124058354e+08
 -2.0587084148727984e-14  4.2522532305374515e+08
 -2.0430528375733857e-14  4.0460324011587304e+08
 -2.0273972602739726e-14  3.9489271610306257e+08
 -2.0117416829745599e-14  4.1889318522115844e+08
 -1.9960861056751468e-14  4.4285988653892761e+08
 -1.9804305283757338e-14  4.3250603926253301e+08
 -1.9647749510763210e-14  4.1116906191686088e+08
 -1.9491193737769080e-14  4.2150984173536807e+08
 -1.9334637964774952e-14  4.5352109068238890e+08
 -1.9178082191780822e-14  4.6027376399906105e+08
 -1.9021526418786694e-14  4.3679343880077553e+08
 -1.8864970645792564e-14  4.2961971659361917e+08
 -1.8708414872798436e-14  4.5897706134120786e+08
 -1.8551859099804306e-14  4.8355023748375219e+08
 -1.8395303326810175e-14  4.6902824486352098e+08
 -1.8238747553816048e-14  4.4687285026579857e+08
 -1.8082191780821917e-14  4.6297599357064897e+08
 -1.7925636007827790e-14  4.9995363528193706e+08
 -1.7769080234833660e-14  5.0428699521658546e+08
 -1.7612524461839532e-14  4.7582871156963950e+08
 -1.7455968688845402e-14  4.7017811745488209e+08
 -1.7299412915851271e-14  5.0706712178495640e+08
 -1.7142857142857144e-14  5.3607307068682718e+08
 -1.6986301369863013e-14  5.1854265768657595e+08
 -1.6829745596868886e-14  4.9153450118975562e+08
 -1.6673189823874755e-14  5.0776861106387568e+08
 -1.6516634050880628e-14  5.5041723131300437e+08
 -1.6360078277886497e-14  5.6228102004542339e+08
 -1.6203522504892367e-14  5.3825149473133922e+08
 -1.6046966731898239e-14  5.2816115827418470e+08
 -1.5890410958904109e-14  5.5223339820676637e+08
 -1.5733855185909982e-14  5.7568915340675843e+08
 -1.5577299412915851e-14  5.7772238941957009e+08
 -1.5420743639921724e-14  5.8314420002145791e+08
 -1.5264187866927593e-14  6.0049694860625827e+08
 -1.5107632093933466e-14  5.9383876277757406e+08
 -1.4951076320939335e-14  5.6188007812100220e+08
 -1.4794520547945205e-14  5.7882018626471472e+08
 -1.4637964774951077e-14  6.7661944811091185e+08
 -1.4481409001956947e-14  7.4007146405630827e+08
 -1.4324853228962819e-14  6.4459496544321942e+08
 -1.4168297455968689e-14  4.9118280918753803e+08
 -1.4011741682974561e-14  5.4128455251672006e+08
 -1.3855185909980431e-14  8.3497682454888451e+08
 -1.3698630136986304e-14  1.0263783727096233e+09
 -1.3542074363992173e-14  7.9715519256628013e+08
 -1.3385518590998042e-14  3.8067118577753967e+08
 -1.3228962818003915e-14  3.9962754655308896e+08
 -1.3072407045009785e-14  1.0449910909258908e+09
 -1.2915851272015657e-14  1.6397342891808181e+09
 -1.2759295499021527e-14  1.3625413714981027e+09
 -1.2602739726027399e-14  4.2320661923756409e+08
 -1.2446183953033269e-14  1.1263598765029609e+08
 -1.2289628180039138e-14  1.2954249425668116e+09
 -1.2133072407045011e-14  3.0144427472795844e+09
 -1.1976516634050880e-14  3.2610892741809716e+09
 -1.1819960861056753e-14  1.5509439209338186e+09
 -1.1663405088062622e-14  2.1612697565756947e+08
 -1.1506849315068495e-14  2.0701227042017350e+09
 -1.1350293542074368e-14  6.5218893872800961e+09
 -1.1193737769080234e-14  9.2649480128220406e+09
 -1.1037181996086107e-14  7.3347389619760427e+09
 -1.0880626223091979e-14  4.0740913542311521e+09
 -1.0724070450097845e-14  6.6461072842761917e+09
 -1.0567514677103718e-14  1.7064600914311279e+10
 -1.0410958904109591e-14  2.7673861934956520e+10
 -1.0254403131115463e-14  2.9323948458333534e+10
 -1.0097847358121330e-14  2.4607575837344662e+10
 -9.9412915851272022e-15  2.8447430139055901e+10
 -9.7847358121330748e-15  5.0990061460512543e+10
 -9.6281800391389412e-15  8.2043438488381638e+10
 -9.4716242661448138e-15  1.0021221380024837e+11
 -9.3150684931506864e-15  1.0122088465053780e+11
 -9.1585127201565590e-15  1.1041690110379172e+11
 -9.0019569471624253e-15  1.5674424470930695e+11
 -8.8454011741682979e-15  2.3417443617949838e+11
 -8.6888454011741706e-15  3.0209014573016132e+11
 -8.5322896281800369e-15  3.3524457044123279e+11
 -8.3757338551859095e-15  3.6648986010954016e+11
 -8.2191780821917821e-15  4.6006886111133929e+11
 -8.0626223091976547e-15  6.3423460257289404e+11
 -7.9060665362035210e-15  8.2797259938394263e+11
 -7.7495107632093937e-15  9.6961124404098950e+11
 -7.5929549902152663e-15  1.0779869064462305e+12
 -7.4363992172211389e-15  1.2641362066489751e+12
 -7.2798434442270052e-15  1.6063264092921931e+12
 -7.1232876712328778e-15  2.0395363033864219e+12
 -6.9667318982387504e-15  2.4156511299523096e+12
 -6.8101761252446168e-15  2.6955287812522124e+12
 -6.6536203522504894e-15  3.0457722046667432e+12
 -6.4970645792563620e-15  3.6877382037543945e+12
 -6.3405088062622346e-15  4.6406728373249707e+12
 -6.1839530332681009e-15  5.6682368976954141e+12
 -6.0273972602739735e-15  6.5317875661903262e+12
 -5.8708414872798462e-15  7.2755354063075049e+12
 -5.7142857142857125e-15  8.1822272525262061e+12
 -5.5577299412915851e-15  9.4070812121927109e+12
 -5.4011741682974577e-15  1.0722312296067461e+13
 -5.2446183953033303e-15  1.1748053519100621e+13
 -5.0880626223091966e-15  1.2498272344734627e+13
 -4.9315068493150693e-15  1.3633486100718760e+13
 -4.7749510763209419e-15  1.6030646606859363e+13
 -4.6183953033268082e-15  1.9981971209997875e+13
 -4.4618395303326808e-15  2.4775721571245117e+13
 -4.3052837573385534e-15  2.9096541631685098e+13
 -4.1487279843444261e-15  3.1913650128834445e+13
 -3.9921722113502924e-15  3.3075339441734012e+13
 -3.8356164383561650e-15  3.3134158729331582e+13
 -3.6790606653620376e-15  3.2681255152898836e+13
 -3.5225048923679039e-15  3.1956147652152145e+13
 -3.3659491193737765e-15  3.1245907189205898e+13
 -3.2093933463796492e-15  3.1746443577165762e+13
 -3.0528375733855218e-15  3.5831350421012734e+13
 -2.8962818003913881e-15  4.5852702333226805e+13
 -2.7397260273972607e-15  6.1863374642035617e+13
 -2.5831702544031333e-15  8.0086122858355609e+13
 -2.4266144814089996e-15  9.4018078499146609e+13
 -2.2700587084148723e-15  9.8097844656488125e+13
 -2.1135029354207449e-15  9.1320919274138906e+13
 -1.9569471624266175e-15  7.7715913033875953e+13
 -1.8003913894324838e-15  6.3245304986040414e+13
 -1.6438356164383564e-15  5.2154008745727477e+13
 -1.4872798434442290e-15  4.6281731478832969e+13
 -1.3307240704501017e-15  4.7408976155567344e+13
 -1.1741682974559680e-15  5.8917760015767703e+13
 -1.0176125244618406e-15  8.3502661969961828e+13
 -8.6105675146771321e-16  1.1843968586019845e+14
 -7.0450097847357952e-16  1.5375035389667344e+14
 -5.4794520547945214e-16  1.7659259610192706e+14
 -3.9138943248532476e-16  1.7891208235179612e+14
 -2.3483365949119738e-16  1.6168930078541619e+14
 -7.8277886497063690e-17  1.3247759617882042e+14
  7.8277886497063690e-17  9.9799144619452547e+13
  2.3483365949119107e-16  7.0511901192514234e+13
  3.9138943248532476e-16  5.1550856726251211e+13
  5.4794520547945214e-16  5.1239856003329062e+13
  7.0450097847357952e-16  7.5479315539185562e+13
  8.6105675146770690e-16  1.2088670638368836e+14
  1.0176125244618406e-15  1.7239561186666441e+14
  1.1741682974559680e-15  2.0985140459085784e+14
  1.3307240704500954e-15  2.1933272965470697e+14
  1.4872798434442290e-15  1.9994017881121922e+14
  1.6438356164383564e-15  1.6131030068210684e+14
  1.8003913894324838e-15  1.1613032330582358e+14
  1.9569471624266112e-15  7.5449270771454391e+13
  2.1135029354207449e-15  4.9157109429960398e+13
  2.2700587084148723e-15  4.6630981816091758e+13
  2.4266144814089996e-15  7.2356794611540469e+13
  2.5831702544031270e-15  1.1879270683624683e+14
  2.7397260273972607e-15  1.6493406823376994e+14
  2.8962818003913881e-15  1.8587777196345347e+14
  3.0528375733855155e-15  1.6835698064185081e+14
  3.2093933463796492e-15  1.2020162495040647e+14
  3.3659491193737765e-15  6.5582732178814734e+13
  3.5225048923679039e-15  2.9416591577087688e+13
  3.6790606653620313e-15  2.2745404003932117e+13
  3.8356164383561650e-15  3.9016070115377961e+13
  3.9921722113502924e-15  6.1714272313002117e+13
  4.1487279843444197e-15  7.5784473424502938e+13
  4.3052837573385534e-15  7.4782181494217562e+13
  4.4618395303326808e-15  6.1121598638782688e+13
  4.6183953033268082e-15  4.2035756062237320e+13
  4.7749510763209356e-15  2.5064285296963281e+13
  4.9315068493150693e-15  1.5041547655059686e+13
  5.0880626223091966e-15  1.2816248169750002e+13
  5.2446183953033240e-15  1.5620997157402979e+13
  5.4011741682974577e-15  1.9024862016661148e+13
  5.5577299412915851e-15  1.9642157390683434e+13
  5.7142857142857125e-15  1.6910321277637420e+13
  5.8708414872798399e-15  1.2698076266751125e+13
  6.0273972602739735e-15  9.2637694641838105e+12
  6.1839530332681009e-15  7.4562940218260537e+12
  6.3405088062622283e-15  6.5929379617199902e+12
  6.4970645792563620e-15  5.6873757611273164e+12
  6.6536203522504894e-15  4.5236748120508818e+12
  6.8101761252446168e-15  3.5813026147540229e+12
  6.9667318982387441e-15  3.2149087655175508e+12
  7.1232876712328778e-15  3.1733593680478179e+12
  7.2798434442270052e-15  2.9290482333196631e+12
  7.4363992172211326e-15  2.2926332885035854e+12
  7.5929549902152663e-15  1.5669135332735901e+12
  7.7495107632093937e-15  1.1412357415292976e+12
  7.9060665362035210e-15  1.0654874644660527e+12
  8.0626223091976484e-15  1.0673051794197280e+12
  8.2191780821917821e-15  9.0576254983697156e+11
  8.3757338551859095e-15  6.1248317624990588e+11
  8.5322896281800369e-15  3.8684006055463977e+11
  8.6888454011741642e-15  3.3571460982685620e+11
  8.8454011741682979e-15  3.7399332254300433e+11
  9.0019569471624253e-15  3.5679262317436230e+11
  9.1585127201565527e-15  2.4695982559911877e+11
  9.3150684931506864e-15  1.2797219002985550e+11
  9.4716242661448138e-15  8.3817335930769318e+10
  9.6281800391389412e-15  1.0676659116393225e+11
  9.7847358121330685e-15  1.2618144488141460e+11
  9.9412915851272022e-15  9.8460296405750809e+10
  1.0097847358121330e-14  4.6243504768353409e+10
  1.0254403131115457e-14  1.6731244111421989e+10
  1.0410958904109591e-14  2.3892127638932182e+10
  1.0567514677103718e-14  4.1089244608701668e+10
  1.0724070450097845e-14  3.9641090940726440e+10
  1.0880626223091973e-14  1.9980988499940659e+10
  1.1037181996086107e-14  3.3672543021456141e+09
  1.1193737769080234e-14  3.1612763077473392e+09
  1.1350293542074361e-14  1.2220990974235052e+10
  1.1506849315068495e-14  1.5971261916443705e+10
  1.1663405088062622e-14  1.0089887058476969e+10
  1.1819960861056750e-14  2.2399772049448762e+09
  1.1976516634050877e-14  3.1749724982646406e+08
  1.2133072407045011e-14  3.8014869573939981e+09
  1.2289628180039138e-14  6.7341724958772612e+09
  1.2446183953033266e-14  5.6844581026463909e+09
  1.2602739726027393e-14  2.5900635098240638e+09
  1.2759295499021527e-14  1.0086806056716644e+09
  1.2915851272015654e-14  1.8613012255656927e+09
  1.3072407045009781e-14  3.3149769875619988e+09
  1.3228962818003915e-14  3.5424399182682848e+09
  1.3385518590998042e-14  2.5577749683490548e+09
  1.3542074363992170e-14  1.6063455362582355e+09
  1.3698630136986297e-14  1.5456452285233436e+09
  1.3855185909980431e-14  2.1089521021467419e+09
  1.4011741682974558e-14  2.4725916594710908e+09
  1.4168297455968686e-14  2.2243618895799680e+09
  1.4324853228962819e-14  1.7015581870391726e+09
  1.4481409001956947e-14  1.4788587359501638e+09
  1.4637964774951074e-14  1.6815520399021986e+09
  1.4794520547945201e-14  1.9177763941076670e+09
  1.4951076320939335e-14  1.8357825773792403e+09
  1.5107632093933463e-14  1.5487742002873514e+09
  1.5264187866927590e-14  1.4065317847250369e+09
  1.5420743639921724e-14  1.4992003034125352e+09
  1.5577299412915851e-14  1.5913596956069086e+09
  1.5733855185909978e-14  1.5071664645057328e+09
  1.5890410958904106e-14  1.3585659718435090e+09
  1.6046966731898239e-14  1.3229412514589536e+09
  1.6203522504892367e-14  1.3714798888828092e+09
  1.6360078277886494e-14  1.3566521421639931e+09
  1.6516634050880628e-14  1.2637896936592450e+09
  1.6673189823874755e-14  1.2110965478973184e+09
  1.6829745596868883e-14  1.2356052872320440e+09
  1.6986301369863010e-14  1.2391053610503976e+09
  1.7142857142857137e-14  1.1664442538876684e+09
  1.7299412915851265e-14  1.0988481904228957e+09
  1.7455968688845405e-14  1.1100396763001428e+09
  1.7612524461839532e-14  1.1395750317636473e+09
  1.7769080234833660e-14  1.0972473773299425e+09
  1.7925636007827787e-14  1.0159501742453306e+09
  1.8082191780821914e-14  9.9474801795104802e+08
  1.8238747553816042e-14  1.0323694075103883e+09
  1.8395303326810169e-14  1.0314193266702070e+09
  1.8551859099804309e-14  9.6188745580528271e+08
  1.8708414872798436e-14  9.0864163626039398e+08
  1.8864970645792564e-14  9.2791877702831280e+08
  1.9021526418786691e-14  9.5573310660964763e+08
  1.9178082191780819e-14  9.1741188364092362e+08
  1.9334637964774946e-14  8.5079199954295921e+08
  1.9491193737769073e-14  8.3969628501580405e+08
  1.9647749510763213e-14  8.7414746659852779e+08
  1.9804305283757341e-14  8.7028221366724205e+08
  1.9960861056751468e-14  8.1131806756115472e+08
  2.0117416829745596e-14  7.7276489178327739e+08
  2.0273972602739723e-14  7.9444860149756765e+08
  2.0430528375733850e-14  8.1596540795267975e+08
  2.0587084148727978e-14  7.7991346211564589e+08
  2.0743639921722118e-14  7.2664105173796546e+08
  2.0900195694716245e-14  7.2426024448524165e+08
  2.1056751467710372e-14  7.5507371879744339e+08
  2.1213307240704500e-14  7.4759202306912625e+08
  2.1369863013698627e-14  6.9649821701011336e+08
  2.1526418786692755e-14  6.6935399023779166e+08
  2.1682974559686882e-14  6.9251044190427709e+08
  2.1839530332681022e-14  7.0872848246930778e+08
  2.1996086105675149e-14  6.7444516774567425e+08
  2.2152641878669277e-14  6.3148266629737520e+08
  2.2309197651663404e-14  6.3525771425974977e+08
  2.2465753424657531e-14  6.6258162813477659e+08
  2.2622309197651659e-14  6.5232066548805130e+08
  2.2778864970645786e-14  6.0775121237534308e+08
  2.2935420743639926e-14  5.8930813621310592e+08
  2.3091976516634054e-14  6.1282117985310829e+08
  2.3248532289628181e-14  6.2448596687752342e+08
  2.3405088062622308e-14  5.9194286306253326e+08
  2.3561643835616436e-14  5.5734937159628725e+08
  2.3718199608610563e-14  5.6548206742127216e+08
  2.3874755381604690e-14  5.8938759418598402e+08
  2.4031311154598830e-14  5.7693989858812141e+08
  2.4187866927592958e-14  5.3796001655246711e+08
  2.4344422700587085e-14  5.2634716019062132e+08
  2.4500978473581213e-14  5.4951648484714258e+08
  2.4657534246575340e-14  5.5722667188134563e+08
  2.4814090019569467e-14  5.2638248279658467e+08
  2.4970645792563595e-14  4.9872147213538831e+08
  2.5127201565557722e-14  5.0995690180288345e+08
  2.5283757338551862e-14  5.3059758768125194e+08
  2.5440313111545990e-14  5.1643923322273791e+08
  2.5596868884540117e-14  4.8233119770194638e+08
  2.5753424657534244e-14  4.7616166366996109e+08
  2.5909980430528372e-14  4.9853521618870503e+08
  2.6066536203522499e-14  5.0280583963000000e+08
  2.6223091976516626e-14  4.7363556793944991e+08
  2.6379647749510766e-14  4.5181225797297698e+08
  2.6536203522504894e-14  4.6523581028484255e+08
  2.6692759295499021e-14  4.8279138104582089e+08
  2.6849315068493149e-14  4.6731424895000589e+08
  2.7005870841487276e-14  4.3752265064798653e+08
  2.7162426614481403e-14  4.3574489144081092e+08
  2.7318982387475531e-14  4.5702351345014238e+08
  2.7475538160469671e-14  4.5829322340766835e+08
  2.7632093933463798e-14  4.3078242838427353e+08
  2.7788649706457925e-14  4.1394681105791759e+08
  2.7945205479452053e-14  4.2887677034384519e+08
  2.8101761252446180e-14  4.4353064700859791e+08
  2.8258317025440308e-14  4.2705977803049016e+08
  2.8414872798434435e-14  4.0114671486417830e+08
  2.8571428571428575e-14  4.0294676397948337e+08
  2.8727984344422702e-14  4.2293037579656875e+08
  2.8884540117416830e-14  4.2157402826622587e+08
  2.9041095890410957e-14  3.9571536509427464e+08
  2.9197651663405085e-14  3.8319499530450553e+08
  2.9354207436399212e-14  3.9911203924829614e+08
  2.9510763209393339e-14  4.1104115095503157e+08
  2.9667318982387479e-14  3.9384969888216102e+08
  2.9823874755381607e-14  3.7146453140112877e+08
  2.9980430528375734e-14  3.7619992330602980e+08
  3.0136986301369861e-14  3.9475349808401191e+08
  3.0293542074363989e-14  3.9109361061810666e+08
  3.0450097847358116e-14  3.6688532459066063e+08
  3.0606653620352244e-14  3.5813924625528055e+08
  3.0763209393346384e-14  3.7463943231744289e+08
  3.0919765166340511e-14  3.8400968539251596e+08
  3.1076320939334638e-14  3.6633059803944623e+08
  3.1232876712328766e-14  3.4718895297675151e+08
  3.1389432485322893e-14  3.5434332353089589e+08
  3.1545988258317020e-14  3.7137505564528388e+08
  3.1702544031311148e-14  3.6569151755199081e+08
  3.1859099804305288e-14  3.4313672726471579e+08
  3.2015655577299415e-14  3.3772310954036838e+08
  3.2172211350293543e-14  3.5448583994076586e+08
  3.2328767123287670e-14  3.6145057738165021e+08
  3.2485322896281797e-14  3.4348567337809330e+08
  3.2641878669275925e-14  3.2735450038763499e+08
  3.2798434442270052e-14  3.3650569933970219e+08
  3.2954990215264192e-14  3.5195271240429485e+08
  3.3111545988258320e-14  3.4449081958900261e+08
  3.3268101761252447e-14  3.2359720764975286e+08
  3.3424657534246574e-14  3.2115014788737303e+08
  3.3581213307240702e-14  3.3791587454679704e+08
  3.3737769080234829e-14  3.4261586601371926e+08
  3.3894324853228956e-14  3.2454291738846648e+08
  3.4050880626223096e-14  3.1122964921113300e+08
  3.4207436399217224e-14  3.2202689481406599e+08
  3.4363992172211351e-14  3.3584571125915104e+08
  3.4520547945205479e-14  3.2682275992863786e+08
  3.4677103718199606e-14  3.0760249914031869e+08
  3.4833659491193733e-14  3.0781508795908618e+08
  3.4990215264187861e-14  3.2436947140156621e+08
  3.5146771037182001e-14  3.2693365017009252e+08
  3.5303326810176128e-14  3.0891198073747981e+08
  3.5459882583170255e-14  2.9825656497425741e+08
  3.5616438356164383e-14  3.1040376734405464e+08
  3.5772994129158510e-14  3.2256382007934070e+08
  3.5929549902152638e-14  3.1217451318172526e+08
  3.6086105675146765e-14  2.9464436969010603e+08
  3.6242661448140892e-14  2.9725614768680465e+08
  3.6399217221135032e-14  3.1341857688192552e+08
  3.6555772994129160e-14  3.1396508771927309e+08
  3.6712328767123287e-14  2.9614006297918403e+08
  3.6868884540117414e-14  2.8800905837041056e+08
  3.7025440313111542e-14  3.0125244612534678e+08
  3.7181996086105669e-14  3.1173157145108294e+08
  3.7338551859099797e-14  3.0015246547868776e+08
  3.7495107632093937e-14  2.8433403713194764e+08
  3.7651663405088064e-14  2.8912158105454785e+08
  3.7808219178082191e-14  3.0473669698733002e+08
  3.7964774951076319e-14  3.0337404321745706e+08
  3.8121330724070446e-14  2.8588074625781769e+08
  3.8277886497064574e-14  2.8016292425290853e+08
  3.8434442270058701e-14  2.9428170549630779e+08
  3.8590998043052841e-14  3.0306294592078233e+08
  3.8747553816046968e-14  2.9045616195981508e+08
  3.8904109589041096e-14  2.7637625391628617e+08
  3.9060665362035223e-14  2.8314602035318959e+08
  3.9217221135029350e-14  2.9807731363016456e+08
  3.9373776908023478e-14  2.9490549447017926e+08
  3.9530332681017605e-14  2.7787183839524239e+08
  3.9686888454011745e-14  2.7447492918045306e+08
  3.9843444227005873e-14  2.8927411196031916e+08
  4.0000000000000000e-14  2.9634336898700124e+08
