#FileSignature: 0
#legend: No Name
#sim_duration: 0.007555
#title_str: z = 
#tlabel: z
#tscale: 0.007058
#tscale_str: $L_{NL}$
#tunit_str: m
#xcordID: T
#xlabel: t
#xscale: 0.000000
#xscale_str: $t_{p}$
#xunit_str: s
#ycordID: I
#ylabel: I
#yscale: 550000000000000.000000
#yscale_str: $I_{0}$
#yunit_str: W/m$^{2}$
 -4.0000000000000000e-14  5.0494660986736310e+08
 -3.9843444227005873e-14  4.6352798199958825e+08
 -3.9686888454011739e-14  4.4307171807442194e+08
 -3.9530332681017612e-14  4.7831411887106580e+08
 -3.9373776908023484e-14  5.1025943403137386e+08
 -3.9217221135029357e-14  4.8553981907798499e+08
 -3.9060665362035223e-14  4.4627156877247107e+08
 -3.8904109589041096e-14  4.5913215679865766e+08
 -3.8747553816046968e-14  5.0307878838600427e+08
 -3.8590998043052835e-14  5.0476449583836377e+08
 -3.8434442270058707e-14  4.6205092120099199e+08
 -3.8277886497064580e-14  4.4765084061342162e+08
 -3.8121330724070452e-14  4.8669795136124176e+08
 -3.7964774951076319e-14  5.1436428048388267e+08
 -3.7808219178082191e-14  4.8498663634132522e+08
 -3.7651663405088064e-14  4.4902706294294214e+08
 -3.7495107632093930e-14  4.6817344924178267e+08
 -3.7338551859099803e-14  5.1140367315842003e+08
 -3.7181996086105676e-14  5.0711273308620554e+08
 -3.7025440313111548e-14  4.6372283135581529e+08
 -3.6868884540117414e-14  4.5564590127870446e+08
 -3.6712328767123287e-14  4.9799092871607131e+08
 -3.6555772994129160e-14  5.2095789650350338e+08
 -3.6399217221135026e-14  4.8730846770193082e+08
 -3.6242661448140899e-14  4.5523745065140676e+08
 -3.6086105675146771e-14  4.8050912112685692e+08
 -3.5929549902152644e-14  5.2241376181698817e+08
 -3.5772994129158510e-14  5.1212650110819352e+08
 -3.5616438356164383e-14  4.6869654624209219e+08
 -3.5459882583170255e-14  4.6721543381911105e+08
 -3.5303326810176122e-14  5.1234772975606793e+08
 -3.5146771037181994e-14  5.3020080688135034e+08
 -3.4990215264187867e-14  4.9268781080453062e+08
 -3.4833659491193740e-14  4.6510338810174388e+08
 -3.4677103718199612e-14  4.9633769312556469e+08
 -3.4520547945205479e-14  5.3630128937642223e+08
 -3.4363992172211351e-14  5.2001352734834826e+08
 -3.4207436399217224e-14  4.7720927436741418e+08
 -3.4050880626223090e-14  4.8260736995114762e+08
 -3.3894324853228963e-14  5.3000396467136949e+08
 -3.3737769080234835e-14  5.4232849373977900e+08
 -3.3581213307240708e-14  5.0139081946729773e+08
 -3.3424657534246574e-14  4.7892037392537594e+08
 -3.3268101761252447e-14  5.1594967434307665e+08
 -3.3111545988258320e-14  5.5334046465346682e+08
 -3.2954990215264186e-14  5.3106556379079634e+08
 -3.2798434442270058e-14  4.8959581409173256e+08
 -3.2641878669275931e-14  5.0217241965766281e+08
 -3.2485322896281804e-14  5.5128867658463192e+08
 -3.2328767123287670e-14  5.5766435168565118e+08
 -3.2172211350293543e-14  5.1378241883578843e+08
 -3.2015655577299415e-14  4.9709526769693834e+08
 -3.1859099804305282e-14  5.3974334474089384e+08
 -3.1702544031311154e-14  5.7390254030170465e+08
 -3.1545988258317027e-14  5.4567512901353431e+08
 -3.1389432485322899e-14  5.0630789828500980e+08
 -3.1232876712328766e-14  5.2638380805601805e+08
 -3.1076320939334638e-14  5.7664264665025198e+08
 -3.0919765166340511e-14  5.7663831224142492e+08
 -3.0763209393346377e-14  5.3034793598660266e+08
 -3.0606653620352250e-14  5.2017007885104334e+08
 -3.0450097847358122e-14  5.6824751371151388e+08
 -3.0293542074363995e-14  5.9847731726325953e+08
 -3.0136986301369861e-14  5.6435917671676004e+08
 -2.9980430528375734e-14  5.2794158213422066e+08
 -2.9823874755381607e-14  5.5586531117207694e+08
 -2.9667318982387473e-14  6.0664432851627350e+08
 -2.9510763209393346e-14  5.9981305231982565e+08
 -2.9354207436399218e-14  5.5172347883962905e+08
 -2.9197651663405091e-14  5.4885542953396595e+08
 -2.9041095890410957e-14  6.0215353757464182e+08
 -2.8884540117416830e-14  6.2770333177778184e+08
 -2.8727984344422702e-14  5.8779227870997548e+08
 -2.8571428571428569e-14  5.5527564251460207e+08
 -2.8414872798434441e-14  5.9143052976090634e+08
 -2.8258317025440314e-14  6.4204613027937341e+08
 -2.8101761252446183e-14  6.2792068879736066e+08
 -2.7945205479452053e-14  5.7873853190022731e+08
 -2.7788649706457925e-14  5.8407742075673580e+08
 -2.7632093933463798e-14  6.4236003627928412e+08
 -2.7475538160469668e-14  6.6241000566126597e+08
 -2.7318982387475537e-14  6.1685312052964795e+08
 -2.7162426614481410e-14  5.8932545265762961e+08
 -2.7005870841487282e-14  6.3413787256769478e+08
 -2.6849315068493152e-14  6.8382512688713717e+08
 -2.6692759295499021e-14  6.6191422788373590e+08
 -2.6536203522504894e-14  6.1247588019307876e+08
 -2.6379647749510763e-14  6.2704350530025768e+08
 -2.6223091976516633e-14  6.9003560620787764e+08
 -2.6066536203522505e-14  7.0367687276339698e+08
 -2.5909980430528378e-14  6.5269015562667644e+08
 -2.5753424657534247e-14  6.3141909945355690e+08
 -2.5596868884540117e-14  6.8536801919884610e+08
 -2.5440313111545990e-14  7.3325448609595776e+08
 -2.5283757338551859e-14  7.0304043842524838e+08
 -2.5127201565557732e-14  6.5435677883766925e+08
 -2.4970645792563601e-14  6.7933588656546605e+08
 -2.4814090019569471e-14  7.4670750719246185e+08
 -2.4657534246575343e-14  7.5291769110861027e+08
 -2.4500978473581213e-14  6.9681550836289859e+08
 -2.4344422700587085e-14  6.8330623694765699e+08
 -2.4187866927592955e-14  7.4693420639483571e+08
 -2.4031311154598827e-14  7.9200515586256564e+08
 -2.3874755381604697e-14  7.5294448552743423e+08
 -2.3718199608610569e-14  7.0626387631066608e+08
 -2.3561643835616439e-14  7.4304589939789808e+08
 -2.3405088062622308e-14  8.1438871402812767e+08
 -2.3248532289628181e-14  8.1200136843144727e+08
 -2.3091976516634050e-14  7.5124116133315945e+08
 -2.2935420743639923e-14  7.4731636340397382e+08
 -2.2778864970645793e-14  8.2124224015926635e+08
 -2.2622309197651665e-14  8.6229329200301039e+08
 -2.2465753424657535e-14  8.1382206520632243e+08
 -2.2309197651663404e-14  7.7072030496918678e+08
 -2.2152641878669277e-14  8.2097037421587813e+08
 -2.1996086105675146e-14  8.9576535016784298e+08
 -2.1839530332681019e-14  8.8343196428813207e+08
 -2.1682974559686888e-14  8.1867928279195833e+08
 -2.1526418786692761e-14  8.2658718443783271e+08
 -2.1369863013698630e-14  9.1152264035285532e+08
 -2.1213307240704500e-14  9.4710464602673268e+08
 -2.1056751467710372e-14  8.8865936083111155e+08
 -2.0900195694716242e-14  8.5115893135572934e+08
 -2.0743639921722114e-14  9.1688251904324722e+08
 -2.0587084148727984e-14  9.9445125523124766e+08
 -2.0430528375733857e-14  9.7063097833907712e+08
 -2.0273972602739726e-14  9.0289717676932395e+08
 -2.0117416829745599e-14  9.2543732961318588e+08
 -1.9960861056751468e-14  1.0221157805970941e+09
 -1.9804305283757338e-14  1.0504183529451761e+09
 -1.9647749510763210e-14  9.8158644482077312e+08
 -1.9491193737769080e-14  9.5250610758943892e+08
 -1.9334637964774952e-14  1.0361264317756888e+09
 -1.9178082191780822e-14  1.1152610687966411e+09
 -1.9021526418786694e-14  1.0779498558703547e+09
 -1.8864970645792564e-14  1.0090346739992142e+09
 -1.8708414872798436e-14  1.0504064287095858e+09
 -1.8551859099804306e-14  1.1597559898308382e+09
 -1.8395303326810175e-14  1.1776481839398291e+09
 -1.8238747553816048e-14  1.0971880061805151e+09
 -1.8082191780821917e-14  1.0807880264807611e+09
 -1.7925636007827790e-14  1.1873689825166881e+09
 -1.7769080234833660e-14  1.2676755139192317e+09
 -1.7612524461839532e-14  1.2124984281080482e+09
 -1.7455968688845402e-14  1.1412014981504891e+09
 -1.7299412915851271e-14  1.2064151517423227e+09
 -1.7142857142857144e-14  1.3351398324371030e+09
 -1.6986301369863013e-14  1.3448136076263943e+09
 -1.6829745596868886e-14  1.2485243344591308e+09
 -1.6673189823874755e-14  1.2380698800675259e+09
 -1.6516634050880628e-14  1.3667427195408816e+09
 -1.6360078277886497e-14  1.4600119422645538e+09
 -1.6203522504892367e-14  1.4045238189766893e+09
 -1.6046966731898239e-14  1.3319745077731605e+09
 -1.5890410958904109e-14  1.3940835309388189e+09
 -1.5733855185909982e-14  1.5153357436721630e+09
 -1.5577299412915851e-14  1.5373972683245664e+09
 -1.5420743639921724e-14  1.4902821491299028e+09
 -1.5264187866927593e-14  1.5156445620625329e+09
 -1.5107632093933466e-14  1.5951193368275859e+09
 -1.4951076320939335e-14  1.5941119321962943e+09
 -1.4794520547945205e-14  1.5536048064743960e+09
 -1.4637964774951077e-14  1.6590840908346124e+09
 -1.4481409001956947e-14  1.8621896213091722e+09
 -1.4324853228962819e-14  1.8484529158233294e+09
 -1.4168297455968689e-14  1.5667072435276411e+09
 -1.4011741682974561e-14  1.4821810983040562e+09
 -1.3855185909980431e-14  1.9395538113532743e+09
 -1.3698630136986304e-14  2.4724142693999071e+09
 -1.3542074363992173e-14  2.2854104609518700e+09
 -1.3385518590998042e-14  1.4849769036320584e+09
 -1.3228962818003915e-14  1.2345961066366355e+09
 -1.3072407045009785e-14  2.2480158428545623e+09
 -1.2915851272015657e-14  3.5245448536602874e+09
 -1.2759295499021527e-14  3.3499768572665935e+09
 -1.2602739726027399e-14  1.6671609657195580e+09
 -1.2446183953033269e-14  6.7588013650163329e+08
 -1.2289628180039138e-14  2.3117068333231487e+09
 -1.2133072407045011e-14  5.3613626886470566e+09
 -1.1976516634050880e-14  6.2211537890578508e+09
 -1.1819960861056753e-14  3.3332868370982943e+09
 -1.1663405088062622e-14  1.7750618308097383e+08
 -1.1506849315068495e-14  2.0487044743552330e+09
 -1.1350293542074368e-14  9.0483436099715576e+09
 -1.1193737769080234e-14  1.4085983678155638e+10
 -1.1037181996086107e-14  1.0733673597342239e+10
 -1.0880626223091979e-14  3.1155008754337549e+09
 -1.0724070450097845e-14  3.9008760053021445e+09
 -1.0567514677103718e-14  1.8827734082796185e+10
 -1.0410958904109591e-14  3.5848691170090149e+10
 -1.0254403131115463e-14  3.6947710483662766e+10
 -1.0097847358121330e-14  2.3229413024299595e+10
 -9.9412915851272022e-15  2.0427895726629433e+10
 -9.7847358121330748e-15  4.9715008884911751e+10
 -9.6281800391389412e-15  9.5513266654248184e+10
 -9.4716242661448138e-15  1.1726531066899092e+11
 -9.3150684931506864e-15  1.0211468169722420e+11
 -9.1585127201565590e-15  9.3697759427465408e+10
 -9.0019569471624253e-15  1.4714568440698526e+11
 -8.8454011741682979e-15  2.5377535107119650e+11
 -8.6888454011741706e-15  3.3664635842635040e+11
 -8.5322896281800369e-15  3.4450946626706635e+11
 -8.3757338551859095e-15  3.3619358916779413e+11
 -8.2191780821917821e-15  4.3039056255296838e+11
 -8.0626223091976547e-15  6.5558894059156604e+11
 -7.9060665362035210e-15  8.8891542172450525e+11
 -7.7495107632093937e-15  9.9608108288959741e+11
 -7.5929549902152663e-15  1.0252821856676799e+12
 -7.4363992172211389e-15  1.1908663124188650e+12
 -7.2798434442270052e-15  1.6147731355017517e+12
 -7.1232876712328778e-15  2.1335098607711060e+12
 -6.9667318982387504e-15  2.4651698432518740e+12
 -6.8101761252446168e-15  2.5917296788739526e+12
 -6.6536203522504894e-15  2.8672760429972671e+12
 -6.4970645792563620e-15  3.6306704924058506e+12
 -6.3405088062622346e-15  4.7502870269567236e+12
 -6.1839530332681009e-15  5.7232384347500107e+12
 -6.0273972602739735e-15  6.3048296214441328e+12
 -5.8708414872798462e-15  6.8844719118907822e+12
 -5.7142857142857125e-15  8.0160037656980781e+12
 -5.5577299412915851e-15  9.5982989200692227e+12
 -5.4011741682974577e-15  1.0826688632741070e+13
 -5.2446183953033303e-15  1.1189974450215654e+13
 -5.0880626223091966e-15  1.1351408687135059e+13
 -4.9315068493150693e-15  1.2651469448167156e+13
 -4.7749510763209419e-15  1.5635986038945705e+13
 -4.6183953033268082e-15  1.9433240374785129e+13
 -4.4618395303326808e-15  2.2901620847851820e+13
 -4.3052837573385534e-15  2.6091091887192969e+13
 -4.1487279843444261e-15  2.9868634134018309e+13
 -3.9921722113502924e-15  3.3922152891433180e+13
 -3.8356164383561650e-15  3.5962940993452305e+13
 -3.6790606653620376e-15  3.3964555935168691e+13
 -3.5225048923679039e-15  2.9237071846730062e+13
 -3.3659491193737765e-15  2.6190384715812703e+13
 -3.2093933463796492e-15  2.8174023277101656e+13
 -3.0528375733855218e-15  3.4098976637205395e+13
 -2.8962818003913881e-15  4.0498456900629281e+13
 -2.7397260273972607e-15  4.7045651091361531e+13
 -2.5831702544031333e-15  5.8126862780324453e+13
 -2.4266144814089996e-15  7.6804845829765234e+13
 -2.2700587084148723e-15  9.7430494507871172e+13
 -2.1135029354207449e-15  1.0707158222296847e+14
 -1.9569471624266175e-15  9.7043657104167250e+13
 -1.8003913894324838e-15  7.3044979236622234e+13
 -1.6438356164383564e-15  5.1559452455636625e+13
 -1.4872798434442290e-15  4.4631983427774344e+13
 -1.3307240704501017e-15  4.9241165861543516e+13
 -1.1741682974559680e-15  5.3728450873378766e+13
 -1.0176125244618406e-15  5.4429743970060477e+13
 -8.6105675146771321e-16  6.2641464225886648e+13
 -7.0450097847357952e-16  9.1888160956302922e+13
 -5.4794520547945214e-16  1.3852592555352067e+14
 -3.9138943248532476e-16  1.7849138987925197e+14
 -2.3483365949119738e-16  1.8665751975061069e+14
 -7.8277886497063690e-17  1.5997398136169925e+14
  7.8277886497063690e-17  1.2005856524415155e+14
  2.3483365949119107e-16  9.2347863663467484e+13
  3.9138943248532476e-16  8.3897289222364656e+13
  5.4794520547945214e-16  8.2650057387309047e+13
  7.0450097847357952e-16  7.6875794790593891e+13
  8.6105675146770690e-16  7.1646159473398266e+13
  1.0176125244618406e-15  8.3639161438828391e+13
  1.1741682974559680e-15  1.2042398255692272e+14
  1.3307240704500954e-15  1.6760550743473156e+14
  1.4872798434442290e-15  1.9838653749995809e+14
  1.6438356164383564e-15  1.9603439846709700e+14
  1.8003913894324838e-15  1.6685153160765116e+14
  1.9569471624266112e-15  1.3215277628123658e+14
  2.1135029354207449e-15  1.0912768057127944e+14
  2.2700587084148723e-15  9.9636284676773500e+13
  2.4266144814089996e-15  9.5400427994179266e+13
  2.5831702544031270e-15  9.0987343232678906e+13
  2.7397260273972607e-15  9.0118041210833859e+13
  2.8962818003913881e-15  9.9954429235045672e+13
  3.0528375733855155e-15  1.2074298980293741e+14
  3.2093933463796492e-15  1.4185084774354091e+14
  3.3659491193737765e-15  1.4812268297637134e+14
  3.5225048923679039e-15  1.3098045081230592e+14
  3.6790606653620313e-15  9.5273499666443828e+13
  3.8356164383561650e-15  5.6929191069903406e+13
  3.9921722113502924e-15  3.3316108108877359e+13
  4.1487279843444197e-15  3.2780229060050301e+13
  4.3052837573385534e-15  4.9906163202952094e+13
  4.4618395303326808e-15  6.9358144022331406e+13
  4.6183953033268082e-15  7.5830543500235719e+13
  4.7749510763209356e-15  6.3634953797264914e+13
  4.9315068493150693e-15  3.9519560899595859e+13
  5.0880626223091966e-15  1.6973594346462199e+13
  5.2446183953033240e-15  6.4699653940961982e+12
  5.4011741682974577e-15  8.9812460505651602e+12
  5.5577299412915851e-15  1.7151729335091795e+13
  5.7142857142857125e-15  2.2187981608059562e+13
  5.8708414872798399e-15  2.0312957234372637e+13
  6.0273972602739735e-15  1.3951780452665787e+13
  6.1839530332681009e-15  7.9505272705013955e+12
  6.3405088062622283e-15  5.1031448104559580e+12
  6.4970645792563620e-15  4.7915154779754541e+12
  6.6536203522504894e-15  4.8922056612940391e+12
  6.8101761252446168e-15  4.2282458463746357e+12
  6.9667318982387441e-15  3.1924002539755127e+12
  7.1232876712328778e-15  2.6138064386615483e+12
  7.2798434442270052e-15  2.6043008002352222e+12
  7.4363992172211326e-15  2.5888752144243760e+12
  7.5929549902152663e-15  2.1270421219868074e+12
  7.7495107632093937e-15  1.3962338834363157e+12
  7.9060665362035210e-15  8.7616958498827222e+11
  8.0626223091976484e-15  7.6755104394972388e+11
  8.2191780821917821e-15  8.4302201046136426e+11
  8.3757338551859095e-15  7.8965523600228345e+11
  8.5322896281800369e-15  5.5418415207872791e+11
  8.6888454011741642e-15  3.2079127864969348e+11
  8.8454011741682979e-15  2.4203991475048395e+11
  9.0019569471624253e-15  2.7833412878975879e+11
  9.1585127201565527e-15  2.8992944435039807e+11
  9.3150684931506864e-15  2.1357649442450882e+11
  9.4716242661448138e-15  1.0904574250601726e+11
  9.6281800391389412e-15  5.9718447743871117e+10
  9.7847358121330685e-15  7.4262924544058777e+10
  9.9412915851272022e-15  9.5881047298051086e+10
  1.0097847358121330e-14  8.0329537620404343e+10
  1.0254403131115457e-14  3.9630915651971497e+10
  1.0410958904109591e-14  1.3100817944776157e+10
  1.0567514677103718e-14  1.6493728234394848e+10
  1.0724070450097845e-14  3.0505076050968929e+10
  1.0880626223091973e-14  3.0864384887824642e+10
  1.1037181996086107e-14  1.6087093029486389e+10
  1.1193737769080234e-14  2.8461093250254083e+09
  1.1350293542074361e-14  2.4463015649975691e+09
  1.1506849315068495e-14  9.4843523908810329e+09
  1.1663405088062622e-14  1.2231388848037600e+10
  1.1819960861056750e-14  7.3890782563948717e+09
  1.1976516634050877e-14  1.3876853754079497e+09
  1.2133072407045011e-14  3.5746157084647149e+08
  1.2289628180039138e-14  3.2747732023944864e+09
  1.2446183953033266e-14  5.1897054372513952e+09
  1.2602739726027393e-14  3.9260698292418828e+09
  1.2759295499021527e-14  1.5885946680802453e+09
  1.2915851272015654e-14  8.0777257521510267e+08
  1.3072407045009781e-14  1.6860063476759417e+09
  1.3228962818003915e-14  2.5950594427500448e+09
  1.3385518590998042e-14  2.5169443078488441e+09
  1.3542074363992170e-14  1.8108171037812569e+09
  1.3698630136986297e-14  1.2948510715536363e+09
  1.3855185909980431e-14  1.3253321274091527e+09
  1.4011741682974558e-14  1.6850872978706377e+09
  1.4168297455968686e-14  1.9294476820925078e+09
  1.4324853228962819e-14  1.7855556224310324e+09
  1.4481409001956947e-14  1.4054298851649950e+09
  1.4637964774951074e-14  1.2146201389954612e+09
  1.4794520547945201e-14  1.3996335134885709e+09
  1.4951076320939335e-14  1.6537121070388739e+09
  1.5107632093933463e-14  1.5936848023108339e+09
  1.5264187866927590e-14  1.2973607832273383e+09
  1.5420743639921724e-14  1.1685028196903784e+09
  1.5577299412915851e-14  1.3305642166634684e+09
  1.5733855185909978e-14  1.4725349968472080e+09
  1.5890410958904106e-14  1.3549958620321319e+09
  1.6046966731898239e-14  1.1606366868198497e+09
  1.6203522504892367e-14  1.1652491304477661e+09
  1.6360078277886494e-14  1.3001778070807066e+09
  1.6516634050880628e-14  1.3007246584290497e+09
  1.6673189823874755e-14  1.1501736486382892e+09
  1.6829745596868883e-14  1.0819529301877060e+09
  1.6986301369863010e-14  1.1743772285301936e+09
  1.7142857142857137e-14  1.2320427844175580e+09
  1.7299412915851265e-14  1.1294741733561671e+09
  1.7455968688845405e-14  1.0186938390561231e+09
  1.7612524461839532e-14  1.0615556877806665e+09
  1.7769080234833660e-14  1.1561441584896889e+09
  1.7925636007827787e-14  1.1162002190347507e+09
  1.8082191780821914e-14  9.8696144242179573e+08
  1.8238747553816042e-14  9.6342507542979324e+08
  1.8395303326810169e-14  1.0596269201209530e+09
  1.8551859099804309e-14  1.0895615889474695e+09
  1.8708414872798436e-14  9.8306793588470149e+08
  1.8864970645792564e-14  8.9988386441360664e+08
  1.9021526418786691e-14  9.5712559010248888e+08
  1.9178082191780819e-14  1.0353295636664859e+09
  1.9334637964774946e-14  9.8402770189945900e+08
  1.9491193737769073e-14  8.7311745387870944e+08
  1.9647749510763213e-14  8.7017110801889586e+08
  1.9804305283757341e-14  9.5865426357952523e+08
  1.9960861056751468e-14  9.7070123179124367e+08
  2.0117416829745596e-14  8.7092278321731782e+08
  2.0273972602739723e-14  8.1161762071471405e+08
  2.0430528375733850e-14  8.7385680396316004e+08
  2.0587084148727978e-14  9.3434249079574871e+08
  2.0743639921722118e-14  8.7636362573227179e+08
  2.0900195694716245e-14  7.8412861228763306e+08
  2.1056751467710372e-14  7.9713876282923996e+08
  2.1213307240704500e-14  8.7619316262836707e+08
  2.1369863013698627e-14  8.7327177788476908e+08
  2.1526418786692755e-14  7.8106131221443248e+08
  2.1682974559686882e-14  7.4166940649945259e+08
  2.1839530332681022e-14  8.0598331703791165e+08
  2.1996086105675149e-14  8.5098164622308671e+08
  2.2152641878669277e-14  7.8904791339924955e+08
  2.2309197651663404e-14  7.1328670374989760e+08
  2.2465753424657531e-14  7.3801729394282973e+08
  2.2622309197651659e-14  8.0755665339920473e+08
  2.2778864970645786e-14  7.9295282187877023e+08
  2.2935420743639926e-14  7.0878184200713646e+08
  2.3091976516634054e-14  6.8566093062021124e+08
  2.3248532289628181e-14  7.4973639778068054e+08
  2.3405088062622308e-14  7.8127932409329379e+08
  2.3561643835616436e-14  7.1761614564910388e+08
  2.3718199608610563e-14  6.5655104688291812e+08
  2.3874755381604690e-14  6.8976891369281125e+08
  2.4031311154598830e-14  7.4987970860442245e+08
  2.4187866927592958e-14  7.2613760713041019e+08
  2.4344422700587085e-14  6.5022740686427021e+08
  2.4500978473581213e-14  6.4055200700508702e+08
  2.4657534246575340e-14  7.0279934179411399e+08
  2.4814090019569467e-14  7.2259257996641755e+08
  2.4970645792563595e-14  6.5880860657348478e+08
  2.5127201565557722e-14  6.1090750426193178e+08
  2.5283757338551862e-14  6.5017611301546323e+08
  2.5440313111545990e-14  7.0112718479337740e+08
  2.5596868884540117e-14  6.7026178630643368e+08
  2.5753424657534244e-14  6.0263093198832142e+08
  2.5909980430528372e-14  6.0412338217108464e+08
  2.6066536203522499e-14  6.6343386965324080e+08
  2.6223091976516626e-14  6.7294773223945403e+08
  2.6379647749510766e-14  6.1024725848336589e+08
  2.6536203522504894e-14  5.7417742269568384e+08
  2.6692759295499021e-14  6.1760188207881427e+08
  2.6849315068493149e-14  6.5974821912055504e+08
  2.7005870841487276e-14  6.2339517986870658e+08
  2.7162426614481403e-14  5.6395493913876975e+08
  2.7318982387475531e-14  5.7474601374845505e+08
  2.7475538160469671e-14  6.3032697818920565e+08
  2.7632093933463798e-14  6.3083485919184041e+08
  2.7788649706457925e-14  5.7014454371317399e+08
  2.7945205479452053e-14  5.4474522268893862e+08
  2.8101761252446180e-14  5.9081919286859274e+08
  2.8258317025440308e-14  6.2455153609841466e+08
  2.8414872798434435e-14  5.8406427020112479e+08
  2.8571428571428575e-14  5.3266864537938946e+08
  2.8727984344422702e-14  5.5119913577278829e+08
  2.8884540117416830e-14  6.0247367306698167e+08
  2.9041095890410957e-14  5.9508874847780859e+08
  2.9197651663405085e-14  5.3713993056916463e+08
  2.9354207436399212e-14  5.2139376389506590e+08
  2.9510763209393339e-14  5.6889478180844629e+08
  2.9667318982387479e-14  5.9461411742883897e+08
  2.9823874755381607e-14  5.5113438139877033e+08
  2.9980430528375734e-14  5.0760875768144524e+08
  3.0136986301369861e-14  5.3255673628878254e+08
  3.0293542074363989e-14  5.7909828018104851e+08
  3.0450097847358116e-14  5.6480487026914203e+08
  3.0606653620352244e-14  5.1018956582903177e+08
  3.0763209393346384e-14  5.0319732855261332e+08
  3.0919765166340511e-14  5.5111341445560896e+08
  3.1076320939334638e-14  5.6921816255699980e+08
  3.1232876712328766e-14  5.2372775716853392e+08
  3.1389432485322893e-14  4.8788539830407274e+08
  3.1545988258317020e-14  5.1811197320496207e+08
  3.1702544031311148e-14  5.5960064047917497e+08
  3.1859099804305288e-14  5.3928020847218394e+08
  3.2015655577299415e-14  4.8848993965607828e+08
  3.2172211350293543e-14  4.8944896027447003e+08
  3.2328767123287670e-14  5.3692608898403203e+08
  3.2485322896281797e-14  5.4780637823627746e+08
  3.2641878669275925e-14  5.0116567380715090e+08
  3.2798434442270052e-14  4.7281705725165892e+08
  3.2954990215264192e-14  5.0732528293448138e+08
  3.3111545988258320e-14  5.4351818352362084e+08
  3.3268101761252447e-14  5.1797079338348061e+08
  3.3424657534246574e-14  4.7142410508875382e+08
  3.3581213307240702e-14  4.7961007175861031e+08
  3.3737769080234829e-14  5.2591383281068349e+08
  3.3894324853228956e-14  5.2994979981028765e+08
  3.4050880626223096e-14  4.8292699555055451e+08
  3.4207436399217224e-14  4.6188486825038201e+08
  3.4363992172211351e-14  4.9978811312740558e+08
  3.4520547945205479e-14  5.3049885320935822e+08
  3.4677103718199606e-14  5.0046100202020401e+08
  3.4833659491193733e-14  4.5852338510577714e+08
  3.4990215264187861e-14  4.7327501206724864e+08
  3.5146771037182001e-14  5.1776208833366305e+08
  3.5303326810176128e-14  5.1532453980131203e+08
  3.5459882583170255e-14  4.6861839747926039e+08
  3.5616438356164383e-14  4.5470024504664201e+08
  3.5772994129158510e-14  4.9519738360582137e+08
  3.5929549902152638e-14  5.2028174433129454e+08
  3.6086105675146765e-14  4.8644141807711399e+08
  3.6242661448140892e-14  4.4944010498571330e+08
  3.6399217221135032e-14  4.7014613099253333e+08
  3.6555772994129160e-14  5.1224265364881188e+08
  3.6712328767123287e-14  5.0369513551010209e+08
  3.6868884540117414e-14  4.5795309283903438e+08
  3.7025440313111542e-14  4.5098204655145222e+08
  3.7181996086105669e-14  4.9333762882862818e+08
  3.7338551859099797e-14  5.1268349059283882e+08
  3.7495107632093937e-14  4.7569313269142741e+08
  3.7651663405088064e-14  4.4392837319573390e+08
  3.7808219178082191e-14  4.7001640688214546e+08
  3.7964774951076319e-14  5.0920122400390452e+08
  3.8121330724070446e-14  4.9490301419521928e+08
  3.8277886497064574e-14  4.5073603091837400e+08
  3.8434442270058701e-14  4.5054078622786003e+08
  3.8590998043052841e-14  4.9406883310823470e+08
  3.8747553816046968e-14  5.0758913039188975e+08
  3.8904109589041096e-14  4.6807715005093014e+08
  3.9060665362035223e-14  4.4183105359556252e+08
  3.9217221135029350e-14  4.7275778927571392e+08
  3.9373776908023478e-14  5.0854926048817241e+08
  3.9530332681017605e-14  4.8885908185547316e+08
  3.9686888454011745e-14  4.4685425527439827e+08
  3.9843444227005873e-14  4.5326833704684442e+08
  4.0000000000000000e-14  4.9731872030399638e+08
