#FileSignature: 0
#legend: No Name
#sim_duration: 0.011081
#title_str: z = 
#tlabel: z
#tscale: 0.007058
#tscale_str: $L_{NL}$
#tunit_str: m
#xcordID: T
#xlabel: t
#xscale: 0.000000
#xscale_str: $t_{p}$
#xunit_str: s
#ycordID: I
#ylabel: I
#yscale: 550000000000000.000000
#yscale_str: $I_{0}$
#yunit_str: W/m$^{2}$
 -4.0000000000000000e-14  2.8720244124048214e+09
 -3.9843444227005873e-14  2.8675769069532175e+09
 -3.9686888454011739e-14  3.0588715855307679e+09
 -3.9530332681017612e-14  3.1165959483107481e+09
 -3.9373776908023484e-14  2.9373288407890358e+09
 -3.9217221135029357e-14  2.8169118676407819e+09
 -3.9060665362035223e-14  2.9519163822271266e+09
 -3.8904109589041096e-14  3.1092090393845348e+09
 -3.8747553816046968e-14  3.0190055124135680e+09
 -3.8590998043052835e-14  2.8288056714658184e+09
 -3.8434442270058707e-14  2.8545069130371876e+09
 -3.8277886497064580e-14  3.0486133455540996e+09
 -3.8121330724070452e-14  3.0806745204146953e+09
 -3.7964774951076319e-14  2.8937370068816133e+09
 -3.7808219178082191e-14  2.7998871107847309e+09
 -3.7651663405088064e-14  2.9546267099712286e+09
 -3.7495107632093930e-14  3.0952586571280231e+09
 -3.7338551859099803e-14  2.9833688832418747e+09
 -3.7181996086105676e-14  2.8061727084045382e+09
 -3.7025440313111548e-14  2.8611709169249573e+09
 -3.6868884540117414e-14  3.0552236918743353e+09
 -3.6712328767123287e-14  3.0614019477358990e+09
 -3.6555772994129160e-14  2.8694973918096280e+09
 -3.6399217221135026e-14  2.8032949918411484e+09
 -3.6242661448140899e-14  2.9753886466677036e+09
 -3.6086105675146771e-14  3.0974173919993782e+09
 -3.5929549902152644e-14  2.9655116963884206e+09
 -3.5772994129158510e-14  2.8038030914190326e+09
 -3.5616438356164383e-14  2.8872647500038199e+09
 -3.5459882583170255e-14  3.0784862999757557e+09
 -3.5303326810176122e-14  3.0586587793249054e+09
 -3.5146771037181994e-14  2.8645300367698665e+09
 -3.4990215264187867e-14  2.8270595591850233e+09
 -3.4833659491193740e-14  3.0141638786516204e+09
 -3.4677103718199612e-14  3.1157343062162924e+09
 -3.4520547945205479e-14  2.9655662277318220e+09
 -3.4363992172211351e-14  2.8218626282157254e+09
 -3.4207436399217224e-14  2.9329630821457295e+09
 -3.4050880626223090e-14  3.1186206843231239e+09
 -3.3894324853228963e-14  3.0727567514634356e+09
 -3.3737769080234835e-14  2.8792283161492848e+09
 -3.3581213307240708e-14  2.8715979790969620e+09
 -3.3424657534246574e-14  3.0713731919386911e+09
 -3.3268101761252447e-14  3.1506886379840884e+09
 -3.3111545988258320e-14  2.9841222674477320e+09
 -3.2954990215264186e-14  2.8610160641426892e+09
 -3.2798434442270058e-14  2.9989294646915641e+09
 -3.2641878669275931e-14  3.1762943638784099e+09
 -3.2485322896281804e-14  3.1044570024069295e+09
 -3.2328767123287670e-14  2.9144822352003903e+09
 -3.2172211350293543e-14  2.9378443131759949e+09
 -3.2015655577299415e-14  3.1479195712482157e+09
 -3.1859099804305282e-14  3.2032166561116672e+09
 -3.1702544031311154e-14  3.0222611227676663e+09
 -3.1545988258317027e-14  2.9224650712683916e+09
 -3.1389432485322899e-14  3.0863532539957728e+09
 -3.1232876712328766e-14  3.2526599697028584e+09
 -3.1076320939334638e-14  3.1550134957050519e+09
 -3.0919765166340511e-14  2.9717295481615586e+09
 -3.0763209393346377e-14  3.0273023166271420e+09
 -3.0606653620352250e-14  3.2452387370480266e+09
 -3.0450097847358122e-14  3.2747649783575249e+09
 -3.0293542074363995e-14  3.0816182196920686e+09
 -3.0136986301369861e-14  3.0080174016491094e+09
 -2.9980430528375734e-14  3.1970172532389383e+09
 -2.9823874755381607e-14  3.3494212759859757e+09
 -2.9667318982387473e-14  3.2262463284231610e+09
 -2.9510763209393346e-14  3.0530400782956605e+09
 -2.9354207436399218e-14  3.1421327078820133e+09
 -2.9197651663405091e-14  3.3653823811491327e+09
 -2.9041095890410957e-14  3.3673760736546750e+09
 -2.8884540117416830e-14  3.1644810614801817e+09
 -2.8727984344422702e-14  3.1201944859978070e+09
 -2.8571428571428569e-14  3.3334029920945444e+09
 -2.8414872798434441e-14  3.4689349524537230e+09
 -2.8258317025440314e-14  3.3206527694678450e+09
 -2.8101761252446183e-14  3.1612424168028526e+09
 -2.7945205479452053e-14  3.2852842431797695e+09
 -2.7788649706457925e-14  3.5111427541285100e+09
 -2.7632093933463798e-14  3.4838148601402812e+09
 -2.7475538160469668e-14  3.2739330762465038e+09
 -2.7318982387475537e-14  3.2623892660646620e+09
 -2.7162426614481410e-14  3.4988451487357783e+09
 -2.7005870841487282e-14  3.6143590556608319e+09
 -2.6849315068493152e-14  3.4415680984516211e+09
 -2.6692759295499021e-14  3.3001069145912113e+09
 -2.6536203522504894e-14  3.4606830564508810e+09
 -2.6379647749510763e-14  3.6862323918549423e+09
 -2.6223091976516633e-14  3.6277505471970530e+09
 -2.6066536203522505e-14  3.4140595671039963e+09
 -2.5909980430528378e-14  3.4390920286470571e+09
 -2.5753424657534247e-14  3.6977524694540186e+09
 -2.5596868884540117e-14  3.7898652026190367e+09
 -2.5440313111545990e-14  3.5933950641330781e+09
 -2.5283757338551859e-14  3.4746065339580145e+09
 -2.5127201565557732e-14  3.6735023995494637e+09
 -2.4970645792563601e-14  3.8955400281391301e+09
 -2.4814090019569471e-14  3.8040156577907233e+09
 -2.4657534246575343e-14  3.5902412891411061e+09
 -2.4500978473581213e-14  3.6562122053787823e+09
 -2.4344422700587085e-14  3.9359221896744089e+09
 -2.4187866927592955e-14  4.0009405625383158e+09
 -2.4031311154598827e-14  3.7819312081455870e+09
 -2.3874755381604697e-14  3.6912895091551170e+09
 -2.3718199608610569e-14  3.9305477849802480e+09
 -2.3561643835616439e-14  4.1454956679789634e+09
 -2.3405088062622308e-14  4.0189760558632789e+09
 -2.3248532289628181e-14  3.8095749687002683e+09
 -2.3091976516634050e-14  3.9215399910980310e+09
 -2.2935420743639923e-14  4.2209914246630077e+09
 -2.2778864970645793e-14  4.2548219585091987e+09
 -2.2622309197651665e-14  4.0148395969247489e+09
 -2.2465753424657535e-14  3.9588147976294618e+09
 -2.2309197651663404e-14  4.2408112369867620e+09
 -2.2152641878669277e-14  4.4446002005308800e+09
 -2.1996086105675146e-14  4.2810719945468612e+09
 -2.1839530332681019e-14  4.0814842638303962e+09
 -2.1682974559686888e-14  4.2454074809987321e+09
 -2.1526418786692761e-14  4.5630828243196497e+09
 -2.1369863013698630e-14  4.5611349689959927e+09
 -2.1213307240704500e-14  4.3023615911059933e+09
 -2.1056751467710372e-14  4.2887478719872074e+09
 -2.0900195694716242e-14  4.6162512735262928e+09
 -2.0743639921722114e-14  4.8041501318905640e+09
 -2.0587084148727984e-14  4.6016164837822466e+09
 -2.0430528375733857e-14  4.4187096846072378e+09
 -2.0273972602739726e-14  4.6417458901978617e+09
 -2.0117416829745599e-14  4.9756877980730429e+09
 -1.9960861056751468e-14  4.9326340828512650e+09
 -1.9804305283757338e-14  4.6582897731635418e+09
 -1.9647749510763210e-14  4.6970044201751766e+09
 -1.9491193737769080e-14  5.0733577675394630e+09
 -1.9334637964774952e-14  5.2392971977951908e+09
 -1.9178082191780822e-14  4.9953199493669529e+09
 -1.9021526418786694e-14  4.8381950106715555e+09
 -1.8864970645792564e-14  5.1302256017217379e+09
 -1.8708414872798436e-14  5.4785782910352802e+09
 -1.8551859099804306e-14  5.3870540554467335e+09
 -1.8395303326810175e-14  5.0996866165928249e+09
 -1.8238747553816048e-14  5.2032571876348038e+09
 -1.8082191780821917e-14  5.6358006934936666e+09
 -1.7925636007827790e-14  5.7755903814341631e+09
 -1.7769080234833660e-14  5.4856453061086016e+09
 -1.7612524461839532e-14  5.3591588314423809e+09
 -1.7455968688845402e-14  5.7292228219412451e+09
 -1.7299412915851271e-14  6.0975772337223969e+09
 -1.7142857142857144e-14  5.9617120408469391e+09
 -1.6986301369863013e-14  5.6650320028671074e+09
 -1.6829745596868886e-14  5.8290322583810120e+09
 -1.6673189823874755e-14  6.3077107941775942e+09
 -1.6516634050880628e-14  6.4298825886023369e+09
 -1.6360078277886497e-14  6.1314725695157499e+09
 -1.6203522504892367e-14  6.0611505610621147e+09
 -1.6046966731898239e-14  6.4727938198763151e+09
 -1.5890410958904109e-14  6.7943924858181067e+09
 -1.5733855185909982e-14  6.6241019168676462e+09
 -1.5577299412915851e-14  6.4399500954381409e+09
 -1.5420743639921724e-14  6.7619277029713678e+09
 -1.5264187866927593e-14  7.1954295899189758e+09
 -1.5107632093933466e-14  7.0856084739333029e+09
 -1.4951076320939335e-14  6.7380084852367067e+09
 -1.4794520547945205e-14  7.0142849212129545e+09
 -1.4637964774951077e-14  7.7975371092750034e+09
 -1.4481409001956947e-14  7.9619306060143976e+09
 -1.4324853228962819e-14  7.2002724705957975e+09
 -1.4168297455968689e-14  6.8057370332151098e+09
 -1.4011741682974561e-14  7.8160528847116880e+09
 -1.3855185909980431e-14  9.1755342554891834e+09
 -1.3698630136986304e-14  8.9870230695183907e+09
 -1.3542074363992173e-14  7.3700090914991865e+09
 -1.3385518590998042e-14  6.6924987462755270e+09
 -1.3228962818003915e-14  8.4416673492762003e+09
 -1.3072407045009785e-14  1.0891104637612738e+10
 -1.2915851272015657e-14  1.0968336610225445e+10
 -1.2759295499021527e-14  8.2527349094596148e+09
 -1.2602739726027399e-14  6.0798541716316757e+09
 -1.2446183953033269e-14  7.9365869848019447e+09
 -1.2289628180039138e-14  1.2865929165985388e+10
 -1.2133072407045011e-14  1.5441149563465971e+10
 -1.1976516634050880e-14  1.1687480733771229e+10
 -1.1819960861056753e-14  5.2108391977374163e+09
 -1.1663405088062622e-14  5.1218583557837391e+09
 -1.1506849315068495e-14  1.5083858289717337e+10
 -1.1350293542074368e-14  2.5627522414309784e+10
 -1.1193737769080234e-14  2.2871643657766010e+10
 -1.1037181996086107e-14  7.7543423294606819e+09
 -1.0880626223091979e-14  7.9183489955000246e+08
 -1.0724070450097845e-14  1.8890818873098057e+10
 -1.0567514677103718e-14  4.8554341231242859e+10
 -1.0410958904109591e-14  5.5207866658841759e+10
 -1.0254403131115463e-14  2.7950040700037426e+10
 -1.0097847358121330e-14  4.5215738616907463e+09
 -9.9412915851272022e-15  3.1938177926036106e+10
 -9.7847358121330748e-15  1.0032547983978581e+11
 -9.6281800391389412e-15  1.3996469421541095e+11
 -9.4716242661448138e-15  1.0586614444950496e+11
 -9.3150684931506864e-15  5.2082513948290726e+10
 -9.1585127201565590e-15  8.3744539008937820e+10
 -9.0019569471624253e-15  2.2091616085684140e+11
 -8.8454011741682979e-15  3.4665019576638483e+11
 -8.6888454011741706e-15  3.3841585492915790e+11
 -8.5322896281800369e-15  2.4487549726036908e+11
 -8.3757338551859095e-15  2.6645398678270230e+11
 -8.2191780821917821e-15  5.1377699431620355e+11
 -8.0626223091976547e-15  8.2943496617032263e+11
 -7.9060665362035210e-15  9.4483646030608655e+11
 -7.7495107632093937e-15  8.3754603891350452e+11
 -7.5929549902152663e-15  8.3228672107516003e+11
 -7.4363992172211389e-15  1.2342246838466047e+12
 -7.2798434442270052e-15  1.8953264022166184e+12
 -7.1232876712328778e-15  2.3142273590013057e+12
 -6.9667318982387504e-15  2.2642624197979360e+12
 -6.8101761252446168e-15  2.1916222295117485e+12
 -6.6536203522504894e-15  2.7639826331971157e+12
 -6.4970645792563620e-15  4.0042303834746108e+12
 -6.3405088062622346e-15  5.1340222785521377e+12
 -6.1839530332681009e-15  5.5055584177510518e+12
 -6.0273972602739735e-15  5.5420487086817285e+12
 -5.8708414872798462e-15  6.3519854909754463e+12
 -5.7142857142857125e-15  8.2695889847200107e+12
 -5.5577299412915851e-15  1.0158663690977268e+13
 -5.4011741682974577e-15  1.0645022093429148e+13
 -5.2446183953033303e-15  9.9772305835105039e+12
 -5.0880626223091966e-15  1.0065515441397736e+13
 -4.9315068493150693e-15  1.2305109242208682e+13
 -4.7749510763209419e-15  1.5792059548004773e+13
 -4.6183953033268082e-15  1.8444592460470410e+13
 -4.4618395303326808e-15  1.9898845327730355e+13
 -4.3052837573385534e-15  2.2324306032253152e+13
 -4.1487279843444261e-15  2.7523924831472227e+13
 -3.9921722113502924e-15  3.3669705109019191e+13
 -3.8356164383561650e-15  3.6300850784793680e+13
 -3.6790606653620376e-15  3.3272973631246809e+13
 -3.5225048923679039e-15  2.7862461158508078e+13
 -3.3659491193737765e-15  2.5633414017292512e+13
 -3.2093933463796492e-15  2.8242908546018535e+13
 -3.0528375733855218e-15  3.1871752337644457e+13
 -2.8962818003913881e-15  3.2885373811032188e+13
 -2.7397260273972607e-15  3.4012964069471387e+13
 -2.5831702544031333e-15  4.2561600136682156e+13
 -2.4266144814089996e-15  6.1377033782919391e+13
 -2.2700587084148723e-15  8.2916406300645188e+13
 -2.1135029354207449e-15  9.4527945902854844e+13
 -1.9569471624266175e-15  9.0345668314448969e+13
 -1.8003913894324838e-15  7.6879160342969859e+13
 -1.6438356164383564e-15  6.5905139198094500e+13
 -1.4872798434442290e-15  6.2560864105087250e+13
 -1.3307240704501017e-15  6.1871018156362422e+13
 -1.1741682974559680e-15  5.7019594121096117e+13
 -1.0176125244618406e-15  4.9271442762730250e+13
 -8.6105675146771321e-16  4.8103267748575398e+13
 -7.0450097847357952e-16  6.1671506877088164e+13
 -5.4794520547945214e-16  8.8208386960552188e+13
 -3.9138943248532476e-16  1.1685542317371123e+14
 -2.3483365949119738e-16  1.3584427333810139e+14
 -7.8277886497063690e-17  1.3963347387739261e+14
  7.8277886497063690e-17  1.3013391999550342e+14
  2.3483365949119107e-16  1.1388646161988922e+14
  3.9138943248532476e-16  9.8794300396673984e+13
  5.4794520547945214e-16  9.1265432341891500e+13
  7.0450097847357952e-16  9.3462938410599594e+13
  8.6105675146770690e-16  1.0235101211044042e+14
  1.0176125244618406e-15  1.1257376630037517e+14
  1.1741682974559680e-15  1.2124914780890419e+14
  1.3307240704500954e-15  1.2938489776399106e+14
  1.4872798434442290e-15  1.3776874422933139e+14
  1.6438356164383564e-15  1.4234050055492953e+14
  1.8003913894324838e-15  1.3601184653517394e+14
  1.9569471624266112e-15  1.1678494053167241e+14
  2.1135029354207449e-15  9.3600505375853141e+13
  2.2700587084148723e-15  8.2187426564856094e+13
  2.4266144814089996e-15  9.3287573534759797e+13
  2.5831702544031270e-15  1.2379217353565448e+14
  2.7397260273972607e-15  1.5847405282119381e+14
  2.8962818003913881e-15  1.7982089179126425e+14
  3.0528375733855155e-15  1.7735364173509984e+14
  3.2093933463796492e-15  1.5104391361857350e+14
  3.3659491193737765e-15  1.1006410896428920e+14
  3.5225048923679039e-15  6.9834117876781375e+13
  3.6790606653620313e-15  4.7154284291828375e+13
  3.8356164383561650e-15  5.2143032297999078e+13
  3.9921722113502924e-15  8.0187840147332250e+13
  4.1487279843444197e-15  1.1153271177536256e+14
  4.3052837573385534e-15  1.2265856511029545e+14
  4.4618395303326808e-15  1.0307315484028125e+14
  4.6183953033268082e-15  6.3879375733058805e+13
  4.7749510763209356e-15  2.9551494614848328e+13
  4.9315068493150693e-15  1.8697493729285727e+13
  5.0880626223091966e-15  2.9955107306304488e+13
  5.2446183953033240e-15  4.5080267463678742e+13
  5.4011741682974577e-15  4.5950253312484055e+13
  5.5577299412915851e-15  2.9897828619159402e+13
  5.7142857142857125e-15  1.0060167718409783e+13
  5.8708414872798399e-15  1.7964503353112605e+12
  6.0273972602739735e-15  8.7410585701181504e+12
  6.1839530332681009e-15  2.1079579687870645e+13
  6.3405088062622283e-15  2.6071163246864953e+13
  6.4970645792563620e-15  1.9591343317742648e+13
  6.6536203522504894e-15  8.0792091872839092e+12
  6.8101761252446168e-15  7.6206702509658826e+11
  6.9667318982387441e-15  1.0475783131775352e+12
  7.1232876712328778e-15  5.0812061882435713e+12
  7.2798434442270052e-15  7.1606706173903818e+12
  7.4363992172211326e-15  5.3528223238259473e+12
  7.5929549902152663e-15  2.0494091015057827e+12
  7.7495107632093937e-15  3.3209721740724377e+11
  7.9060665362035210e-15  8.0479372046760522e+11
  8.0626223091976484e-15  1.8128008250494043e+12
  8.2191780821917821e-15  1.8144597522340378e+12
  8.3757338551859095e-15  8.9054960368024768e+11
  8.5322896281800369e-15  1.3015982198439435e+11
  8.6888454011741642e-15  1.6497605486998825e+11
  8.8454011741682979e-15  6.2400741018241260e+11
  9.0019569471624253e-15  8.0679199664760107e+11
  9.1585127201565527e-15  5.1472721832926086e+11
  9.3150684931506864e-15  1.1892002729381010e+11
  9.4716242661448138e-15  7.6187573721914930e+09
  9.6281800391389412e-15  1.6957595349659982e+11
  9.7847358121330685e-15  3.1568520488071594e+11
  9.9412915851272022e-15  2.6179414171198831e+11
  1.0097847358121330e-14  9.5018094732051392e+10
  1.0254403131115457e-14  5.0191871606799650e+09
  1.0410958904109591e-14  5.0741439641179794e+10
  1.0567514677103718e-14  1.3088661251498193e+11
  1.0724070450097845e-14  1.3649517764601646e+11
  1.0880626223091973e-14  7.1649718650591568e+10
  1.1037181996086107e-14  1.8163990444470150e+10
  1.1193737769080234e-14  2.4017199339206314e+10
  1.1350293542074361e-14  5.9464436668281044e+10
  1.1506849315068495e-14  7.1672719002752274e+10
  1.1663405088062622e-14  4.9797487114162262e+10
  1.1819960861056750e-14  2.4445074325934856e+10
  1.1976516634050877e-14  2.1032286153627018e+10
  1.2133072407045011e-14  3.3315533259713490e+10
  1.2289628180039138e-14  4.0555259523535606e+10
  1.2446183953033266e-14  3.4898365524644783e+10
  1.2602739726027393e-14  2.5081644837622646e+10
  1.2759295499021527e-14  2.1009660681551117e+10
  1.2915851272015654e-14  2.3223292468959568e+10
  1.3072407045009781e-14  2.6222587383485130e+10
  1.3228962818003915e-14  2.6042215239397816e+10
  1.3385518590998042e-14  2.2940847236473732e+10
  1.3542074363992170e-14  1.9618903426743309e+10
  1.3698630136986297e-14  1.8512364900501675e+10
  1.3855185909980431e-14  1.9725761705813129e+10
  1.4011741682974558e-14  2.0885295361395042e+10
  1.4168297455968686e-14  1.9778058103183891e+10
  1.4324853228962819e-14  1.7167912554886166e+10
  1.4481409001956947e-14  1.5815931234753412e+10
  1.4637964774951074e-14  1.6651699220951244e+10
  1.4794520547945201e-14  1.7551937249983524e+10
  1.4951076320939335e-14  1.6568048878805920e+10
  1.5107632093933463e-14  1.4709191674663416e+10
  1.5264187866927590e-14  1.4149551847869705e+10
  1.5420743639921724e-14  1.4877218277967161e+10
  1.5577299412915851e-14  1.4990638732011393e+10
  1.5733855185909978e-14  1.3835837278244696e+10
  1.5890410958904106e-14  1.2849812291074009e+10
  1.6046966731898239e-14  1.3036087891883125e+10
  1.6203522504892367e-14  1.3411169702784479e+10
  1.6360078277886494e-14  1.2808538386235023e+10
  1.6516634050880628e-14  1.1811671382728849e+10
  1.6673189823874755e-14  1.1647245194785013e+10
  1.6829745596868883e-14  1.2088499947500830e+10
  1.6986301369863010e-14  1.1911223585566965e+10
  1.7142857142857137e-14  1.0999021804469490e+10
  1.7299412915851265e-14  1.0498212599344469e+10
  1.7455968688845405e-14  1.0846538608827888e+10
  1.7612524461839532e-14  1.1057942834111341e+10
  1.7769080234833660e-14  1.0415546926323446e+10
  1.7925636007827787e-14  9.6619051417090702e+09
  1.8082191780821914e-14  9.7160863768835964e+09
  1.8238747553816042e-14  1.0136655491455797e+10
  1.8395303326810169e-14  9.8982243699992313e+09
  1.8551859099804309e-14  9.1139258656355515e+09
  1.8708414872798436e-14  8.8093848335347443e+09
  1.8864970645792564e-14  9.1888387100803051e+09
  1.9021526418786691e-14  9.3235038775967255e+09
  1.9178082191780819e-14  8.7314665242261467e+09
  1.9334637964774946e-14  8.1622191510675087e+09
  1.9491193737769073e-14  8.3102006428001432e+09
  1.9647749510763213e-14  8.6628598504280338e+09
  1.9804305283757341e-14  8.3917158879218283e+09
  1.9960861056751468e-14  7.7391061600740681e+09
  2.0117416829745596e-14  7.5807182037898846e+09
  2.0273972602739723e-14  7.9494287165082798e+09
  2.0430528375733850e-14  8.0066295131161680e+09
  2.0587084148727978e-14  7.4634408729874039e+09
  2.0743639921722118e-14  7.0443681795476379e+09
  2.0900195694716245e-14  7.2515801287995024e+09
  2.1056751467710372e-14  7.5357355651090784e+09
  2.1213307240704500e-14  7.2403954172985525e+09
  2.1369863013698627e-14  6.6973146742754879e+09
  2.1526418786692755e-14  6.6461609033246899e+09
  2.1682974559686882e-14  6.9917842327518854e+09
  2.1839530332681022e-14  6.9854862214143181e+09
  2.1996086105675149e-14  6.4891211876918669e+09
  2.2152641878669277e-14  6.1885068532606449e+09
  2.2309197651663404e-14  6.4293720695634937e+09
  2.2465753424657531e-14  6.6504245686078825e+09
  2.2622309197651659e-14  6.3416062332441578e+09
  2.2778864970645786e-14  5.8922230707434959e+09
  2.2935420743639926e-14  5.9195003387654753e+09
  2.3091976516634054e-14  6.2344757018807230e+09
  2.3248532289628181e-14  6.1766976559165430e+09
  2.3405088062622308e-14  5.7261762205691986e+09
  2.3561643835616436e-14  5.5211080387591677e+09
  2.3718199608610563e-14  5.7784079081550398e+09
  2.3874755381604690e-14  5.9420051835350218e+09
  2.4031311154598830e-14  5.6277409916431675e+09
  2.4187866927592958e-14  5.2597698929789648e+09
  2.4344422700587085e-14  5.3448790094623270e+09
  2.4500978473581213e-14  5.6254965644605026e+09
  2.4657534246575340e-14  5.5261380809838810e+09
  2.4814090019569467e-14  5.1201064693453608e+09
  2.4970645792563595e-14  4.9930838345911207e+09
  2.5127201565557722e-14  5.2550945764317379e+09
  2.5283757338551862e-14  5.3669569594690151e+09
  2.5440313111545990e-14  5.0533916833085632e+09
  2.5596868884540117e-14  4.7568428236190062e+09
  2.5753424657534244e-14  4.8844395954225569e+09
  2.5909980430528372e-14  5.1291851203303261e+09
  2.6066536203522499e-14  4.9965227011971130e+09
  2.6223091976516626e-14  4.6335044286092339e+09
  2.6379647749510766e-14  4.5707912306788378e+09
  2.6536203522504894e-14  4.8292814509719982e+09
  2.6692759295499021e-14  4.8948279227880011e+09
  2.6849315068493149e-14  4.5867560797892351e+09
  2.7005870841487276e-14  4.3533871784302063e+09
  2.7162426614481403e-14  4.5117498822715950e+09
  2.7318982387475531e-14  4.7203671994350214e+09
  2.7475538160469671e-14  4.5613576015310860e+09
  2.7632093933463798e-14  4.2398591792002988e+09
  2.7788649706457925e-14  4.2304511662437983e+09
  2.7945205479452053e-14  4.4795232749520531e+09
  2.8101761252446180e-14  4.5037538018081656e+09
  2.8258317025440308e-14  4.2049786047611923e+09
  2.8414872798434435e-14  4.0278849545070529e+09
  2.8571428571428575e-14  4.2078601491626716e+09
  2.8727984344422702e-14  4.3808318613833513e+09
  2.8884540117416830e-14  4.2013826788039198e+09
  2.9041095890410957e-14  3.9199495847306747e+09
  2.9197651663405085e-14  3.9548619598651676e+09
  2.9354207436399212e-14  4.1902182008897634e+09
  2.9510763209393339e-14  4.1777033029304733e+09
  2.9667318982387479e-14  3.8912974028297744e+09
  2.9823874755381607e-14  3.7646121932476335e+09
  2.9980430528375734e-14  3.9589058765965166e+09
  3.0136986301369861e-14  4.0971495446716976e+09
  3.0293542074363989e-14  3.9023392222781196e+09
  3.0450097847358116e-14  3.6595846871515355e+09
  3.0606653620352244e-14  3.7313507906623869e+09
  3.0763209393346384e-14  3.9498140561810346e+09
  3.0919765166340511e-14  3.9047270002689137e+09
  3.1076320939334638e-14  3.6332204009145684e+09
  3.1232876712328766e-14  3.5518905791790357e+09
  3.1389432485322893e-14  3.7545793242774253e+09
  3.1545988258317020e-14  3.8592671993859930e+09
  3.1702544031311148e-14  3.6535198231812282e+09
  3.1859099804305288e-14  3.4481365313480434e+09
  3.2015655577299415e-14  3.5504464443541527e+09
  3.2172211350293543e-14  3.7496396854246588e+09
  3.2328767123287670e-14  3.6758046869143476e+09
  3.2485322896281797e-14  3.4213214646113286e+09
  3.2641878669275925e-14  3.3809368858753147e+09
  3.2798434442270052e-14  3.5871227525287805e+09
  3.2954990215264192e-14  3.6595744030672750e+09
  3.3111545988258320e-14  3.4467980616676078e+09
  3.3268101761252447e-14  3.2775599313638606e+09
  3.3424657534246574e-14  3.4049945598698287e+09
  3.3581213307240702e-14  3.5831218963190322e+09
  3.3737769080234829e-14  3.4840662291753798e+09
  3.3894324853228956e-14  3.2484252901948624e+09
  3.4050880626223096e-14  3.2450863457335458e+09
  3.4207436399217224e-14  3.4506482991679502e+09
  3.4363992172211351e-14  3.4922674913844824e+09
  3.4520547945205479e-14  3.2759644165756226e+09
  3.4677103718199606e-14  3.1417228434963889e+09
  3.4833659491193733e-14  3.2895545310787554e+09
  3.4990215264187861e-14  3.4452492781784911e+09
  3.5146771037182001e-14  3.3242541515742874e+09
  3.5303326810176128e-14  3.1090446924551754e+09
  3.5459882583170255e-14  3.1392581292427692e+09
  3.5616438356164383e-14  3.3406695705770168e+09
  3.5772994129158510e-14  3.3529086226384392e+09
  3.5929549902152638e-14  3.1362638915614471e+09
  3.6086105675146765e-14  3.0359411639027033e+09
  3.6242661448140892e-14  3.1999814939715776e+09
  3.6399217221135032e-14  3.3321991344516311e+09
  3.6555772994129160e-14  3.1923473015949860e+09
  3.6712328767123287e-14  2.9989863440040627e+09
  3.6868884540117414e-14  3.0595820706690211e+09
  3.7025440313111542e-14  3.2537746416541324e+09
  3.7181996086105669e-14  3.2381162635815797e+09
  3.7338551859099797e-14  3.0240702332254176e+09
  3.7495107632093937e-14  2.9566515162500548e+09
  3.7651663405088064e-14  3.1331330548765836e+09
  3.7808219178082191e-14  3.2410751804528708e+09
  3.7964774951076319e-14  3.0852949598282008e+09
  3.8121330724070446e-14  2.9150720193865848e+09
  3.8277886497064574e-14  3.0031354340252185e+09
  3.8434442270058701e-14  3.1873956687990851e+09
  3.8590998043052841e-14  3.1453463834733462e+09
  3.8747553816046968e-14  2.9366550306229224e+09
  3.8904109589041096e-14  2.9011796454213328e+09
  3.9060665362035223e-14  3.0866621906444187e+09
  3.9217221135029350e-14  3.1697221940162816e+09
  3.9373776908023478e-14  3.0008284512292542e+09
  3.9530332681017605e-14  2.8549410985776386e+09
  3.9686888454011745e-14  2.9677569024414554e+09
  3.9843444227005873e-14  3.1396463942004161e+09
  4.0000000000000000e-14  3.0727379144910264e+09
