#FileSignature: 0
#legend: No Name
#sim_duration: 0.020000
#title_str: z = 
#tlabel: z
#tscale: 0.007058
#tscale_str: $L_{NL}$
#tunit_str: m
#xcordID: T
#xlabel: t
#xscale: 0.000000
#xscale_str: $t_{p}$
#xunit_str: s
#ycordID: I
#ylabel: I
#yscale: 550000000000000.000000
#yscale_str: $I_{0}$
#yunit_str: W/m$^{2}$
 -4.0000000000000000e-14  2.0047362526499928e+10
 -3.9843444227005873e-14  2.0181802543149300e+10
 -3.9686888454011739e-14  1.8626993352468933e+10
 -3.9530332681017612e-14  1.7889558412095383e+10
 -3.9373776908023484e-14  1.9096086943639217e+10
 -3.9217221135029357e-14  2.0108850904706722e+10
 -3.9060665362035223e-14  1.9127452648836498e+10
 -3.8904109589041096e-14  1.7709022519375805e+10
 -3.8747553816046968e-14  1.8141099932839058e+10
 -3.8590998043052835e-14  1.9598926251097748e+10
 -3.8434442270058707e-14  1.9541481267062908e+10
 -3.8277886497064580e-14  1.7983570878689686e+10
 -3.8121330724070452e-14  1.7462298253637936e+10
 -3.7964774951076319e-14  1.8768753930504696e+10
 -3.7808219178082191e-14  1.9624871871840752e+10
 -3.7651663405088064e-14  1.8518126701304657e+10
 -3.7495107632093930e-14  1.7239771211881989e+10
 -3.7338551859099803e-14  1.7867533727967213e+10
 -3.7181996086105676e-14  1.9274688060397919e+10
 -3.7025440313111548e-14  1.9030145359385700e+10
 -3.6868884540117414e-14  1.7485634055813206e+10
 -3.6712328767123287e-14  1.7179269145678938e+10
 -3.6555772994129160e-14  1.8566665193139652e+10
 -3.6399217221135026e-14  1.9258662965433529e+10
 -3.6242661448140899e-14  1.8040804644343063e+10
 -3.6086105675146771e-14  1.6912984935572437e+10
 -3.5929549902152644e-14  1.7724081943449905e+10
 -3.5772994129158510e-14  1.9064069176440201e+10
 -3.5616438356164383e-14  1.8637249946912441e+10
 -3.5459882583170255e-14  1.7122611203564934e+10
 -3.5303326810176122e-14  1.7030556150934252e+10
 -3.5146771037181994e-14  1.8480790482662922e+10
 -3.4990215264187867e-14  1.9001522159373192e+10
 -3.4833659491193740e-14  1.7686758131393684e+10
 -3.4677103718199612e-14  1.6720300376918165e+10
 -3.4520547945205479e-14  1.7703139348101425e+10
 -3.4363992172211351e-14  1.8959958752349632e+10
 -3.4207436399217224e-14  1.8355771500676178e+10
 -3.4050880626223090e-14  1.6887709614028198e+10
 -3.3894324853228963e-14  1.7009971287634750e+10
 -3.3737769080234835e-14  1.8505470147740662e+10
 -3.3581213307240708e-14  1.8847965908140774e+10
 -3.3424657534246574e-14  1.7450701338275902e+10
 -3.3268101761252447e-14  1.6656954093304575e+10
 -3.3111545988258320e-14  1.7800466799750492e+10
 -3.2954990215264186e-14  1.8958312741019840e+10
 -3.2798434442270058e-14  1.8181823414373966e+10
 -3.2641878669275931e-14  1.6777540721993580e+10
 -3.2485322896281804e-14  1.7114702510973572e+10
 -3.2328767123287670e-14  1.8638097398222954e+10
 -3.2172211350293543e-14  1.8795437168407265e+10
 -3.2015655577299415e-14  1.7330515338181187e+10
 -3.1859099804305282e-14  1.6721523360311192e+10
 -3.1702544031311154e-14  1.8014951799544395e+10
 -3.1545988258317027e-14  1.9057935426024307e+10
 -3.1389432485322899e-14  1.8114461210838905e+10
 -3.1232876712328766e-14  1.6791949979963930e+10
 -3.1076320939334638e-14  1.7345160154229374e+10
 -3.0919765166340511e-14  1.8878972769920128e+10
 -3.0763209393346377e-14  1.8844175665379284e+10
 -3.0606653620352250e-14  1.7327150380641689e+10
 -3.0450097847358122e-14  1.6915857544159018e+10
 -3.0293542074363995e-14  1.8348546760681484e+10
 -3.0136986301369861e-14  1.9260418571265060e+10
 -2.9980430528375734e-14  1.8155646512787148e+10
 -2.9823874755381607e-14  1.6934022039951496e+10
 -2.9667318982387473e-14  1.7705002187109047e+10
 -2.9510763209393346e-14  1.9231323442403202e+10
 -2.9354207436399218e-14  1.8997246103111385e+10
 -2.9197651663405091e-14  1.7444697484998978e+10
 -2.9041095890410957e-14  1.7245188537498264e+10
 -2.8884540117416830e-14  1.8806378787040741e+10
 -2.8727984344422702e-14  1.9570243121736530e+10
 -2.8571428571428569e-14  1.8310382959230022e+10
 -2.8414872798434441e-14  1.7210273734037235e+10
 -2.8258317025440314e-14  1.8201344963082344e+10
 -2.8101761252446183e-14  1.9701493525169720e+10
 -2.7945205479452053e-14  1.9260740037337837e+10
 -2.7788649706457925e-14  1.7690656965356228e+10
 -2.7632093933463798e-14  1.7718450104057812e+10
 -2.7475538160469668e-14  1.9397053079282631e+10
 -2.7318982387475537e-14  1.9995060929934914e+10
 -2.7162426614481410e-14  1.8587049403374088e+10
 -2.7005870841487282e-14  1.7631073097024391e+10
 -2.6849315068493152e-14  1.8845201156441051e+10
 -2.6692759295499021e-14  2.0299339449566738e+10
 -2.6536203522504894e-14  1.9644180023534481e+10
 -2.6379647749510763e-14  1.8076437985768059e+10
 -2.6223091976516633e-14  1.8348850034037643e+10
 -2.6066536203522505e-14  2.0133197003631832e+10
 -2.5909980430528378e-14  2.0546200183241776e+10
 -2.5753424657534247e-14  1.8997972395248936e+10
 -2.5596868884540117e-14  1.8211329052458813e+10
 -2.5440313111545990e-14  1.9652192144933624e+10
 -2.5283757338551859e-14  2.1038879318696369e+10
 -2.5127201565557732e-14  2.0161178909497337e+10
 -2.4970645792563601e-14  1.8618146952485172e+10
 -2.4814090019569471e-14  1.9154752114537071e+10
 -2.4657534246575343e-14  2.1032296485170082e+10
 -2.4500978473581213e-14  2.1239447976542076e+10
 -2.4344422700587085e-14  1.9560304557683887e+10
 -2.4187866927592955e-14  1.8971529011679878e+10
 -2.4031311154598827e-14  2.0643607104503929e+10
 -2.3874755381604697e-14  2.1939258312897839e+10
 -2.3718199608610569e-14  2.0830422556575104e+10
 -2.3561643835616439e-14  1.9337754804112949e+10
 -2.3405088062622308e-14  2.0160970369197365e+10
 -2.3248532289628181e-14  2.2117918205559204e+10
 -2.3091976516634050e-14  2.2096194398978924e+10
 -2.2935420743639923e-14  2.0297307429326664e+10
 -2.2778864970645793e-14  1.9939249576576317e+10
 -2.2622309197651665e-14  2.1847943228114746e+10
 -2.2465753424657535e-14  2.3026153106055771e+10
 -2.2309197651663404e-14  2.1677095825014935e+10
 -2.2152641878669277e-14  2.0264786713146908e+10
 -2.1996086105675146e-14  2.1400650637515301e+10
 -2.1839530332681019e-14  2.3421502481497128e+10
 -2.1682974559686888e-14  2.3145109263746914e+10
 -2.1526418786692761e-14  2.1240199534420460e+10
 -2.1369863013698630e-14  2.1151322091360626e+10
 -2.1213307240704500e-14  2.3303164691694180e+10
 -2.1056751467710372e-14  2.4333907168685844e+10
 -2.0900195694716242e-14  2.2735032756150322e+10
 -2.0743639921722114e-14  2.1438723693695652e+10
 -2.0587084148727984e-14  2.2917869514958923e+10
 -2.0430528375733857e-14  2.4984988808145641e+10
 -2.0273972602739726e-14  2.4424888598050121e+10
 -2.0117416829745599e-14  2.2431176658459290e+10
 -1.9960861056751468e-14  2.2656868268946743e+10
 -1.9804305283757338e-14  2.5059412604679241e+10
 -1.9647749510763210e-14  2.5908354699498894e+10
 -1.9491193737769080e-14  2.4050607550577103e+10
 -1.9334637964774952e-14  2.2913792124996227e+10
 -1.9178082191780822e-14  2.4771512123210445e+10
 -1.9021526418786694e-14  2.6862687689894604e+10
 -1.8864970645792564e-14  2.5986266002861305e+10
 -1.8708414872798436e-14  2.3929118213904255e+10
 -1.8551859099804306e-14  2.4526298203002277e+10
 -1.8395303326810175e-14  2.7185378155288013e+10
 -1.8238747553816048e-14  2.7806038749370419e+10
 -1.8082191780821917e-14  2.5679974129801586e+10
 -1.7925636007827790e-14  2.4765987211909241e+10
 -1.7769080234833660e-14  2.7054983014968399e+10
 -1.7612524461839532e-14  2.9138318374076153e+10
 -1.7455968688845402e-14  2.7887592234869743e+10
 -1.7299412915851271e-14  2.5789833185511009e+10
 -1.7142857142857144e-14  2.6851220033551437e+10
 -1.6986301369863013e-14  2.9811801869365135e+10
 -1.6829745596868886e-14  3.0149985708976799e+10
 -1.6673189823874755e-14  2.7690296232437717e+10
 -1.6516634050880628e-14  2.7024573144995285e+10
 -1.6360078277886497e-14  2.9846620332830376e+10
 -1.6203522504892367e-14  3.2001583812077053e+10
 -1.6046966731898239e-14  3.0362402089351196e+10
 -1.5890410958904109e-14  2.8126407636297520e+10
 -1.5733855185909982e-14  2.9563744840775219e+10
 -1.5577299412915851e-14  3.2884755738166180e+10
 -1.5420743639921724e-14  3.3182986936433498e+10
 -1.5264187866927593e-14  3.0589705309003155e+10
 -1.5107632093933466e-14  2.9997697696522255e+10
 -1.4951076320939335e-14  3.2866215932027988e+10
 -1.4794520547945205e-14  3.4928388283596169e+10
 -1.4637964774951077e-14  3.3544012175935726e+10
 -1.4481409001956947e-14  3.2040803403979511e+10
 -1.4324853228962819e-14  3.3682753470072479e+10
 -1.4168297455968689e-14  3.5928976123740105e+10
 -1.4011741682974561e-14  3.5203687494437210e+10
 -1.3855185909980431e-14  3.3759120730357971e+10
 -1.3698630136986304e-14  3.5858753953242188e+10
 -1.3542074363992173e-14  3.9307127872263748e+10
 -1.3385518590998042e-14  3.8091829279141594e+10
 -1.3228962818003915e-14  3.3499737099675251e+10
 -1.3072407045009785e-14  3.4305670044790611e+10
 -1.2915851272015657e-14  4.2598075077324409e+10
 -1.2759295499021527e-14  4.7496513343360786e+10
 -1.2602739726027399e-14  4.0300861668369301e+10
 -1.2446183953033269e-14  3.0239942618929638e+10
 -1.2289628180039138e-14  3.4218702568277706e+10
 -1.2133072407045011e-14  5.1440171601208435e+10
 -1.1976516634050880e-14  6.0284217254959312e+10
 -1.1819960861056753e-14  4.6675827745033958e+10
 -1.1663405088062622e-14  2.6804671960011936e+10
 -1.1506849315068495e-14  2.9864953036529190e+10
 -1.1350293542074368e-14  5.9058832836249474e+10
 -1.1193737769080234e-14  8.1785038869215088e+10
 -1.1037181996086107e-14  6.7109567707844246e+10
 -1.0880626223091979e-14  2.8580580552549164e+10
 -1.0724070450097845e-14  1.6764863280608093e+10
 -1.0567514677103718e-14  6.0217462007010529e+10
 -1.0410958904109591e-14  1.2017576376267570e+11
 -1.0254403131115463e-14  1.2399166955654150e+11
 -1.0097847358121330e-14  5.6568902940774452e+10
 -9.9412915851272022e-15  1.6701347933892472e+09
 -9.7847358121330748e-15  5.6217123661428284e+10
 -9.6281800391389412e-15  1.9524284273585031e+11
 -9.4716242661448138e-15  2.6721700574614383e+11
 -9.3150684931506864e-15  1.7387263334789743e+11
 -9.1585127201565590e-15  3.3396488108677799e+10
 -9.0019569471624253e-15  7.8962994199139786e+10
 -8.8454011741682979e-15  3.5498059568485260e+11
 -8.6888454011741706e-15  5.9605346015096655e+11
 -8.5322896281800369e-15  5.2440725200315771e+11
 -8.3757338551859095e-15  2.5344468775264429e+11
 -8.2191780821917821e-15  2.3638858926446472e+11
 -8.0626223091976547e-15  7.0759655986185132e+11
 -7.9060665362035210e-15  1.2910043346190894e+12
 -7.7495107632093937e-15  1.3858919232920195e+12
 -7.5929549902152663e-15  9.7211649217231995e+11
 -7.4363992172211389e-15  7.8350175894372644e+11
 -7.2798434442270052e-15  1.4491700131038752e+12
 -7.1232876712328778e-15  2.5829297571068130e+12
 -6.9667318982387504e-15  3.1030611643493345e+12
 -6.8101761252446168e-15  2.6104696862555356e+12
 -6.6536203522504894e-15  2.1157351699160725e+12
 -6.4970645792563620e-15  2.9471945623500601e+12
 -6.3405088062622346e-15  4.9794157464700752e+12
 -6.1839530332681009e-15  6.5158820039491699e+12
 -6.0273972602739735e-15  6.3237851607022158e+12
 -5.8708414872798462e-15  5.4080570901539512e+12
 -5.7142857142857125e-15  6.0006093711032305e+12
 -5.5577299412915851e-15  8.6485434260505303e+12
 -5.4011741682974577e-15  1.1118945613571072e+13
 -5.2446183953033303e-15  1.1003757021734838e+13
 -5.0880626223091966e-15  9.0877007480553223e+12
 -4.9315068493150693e-15  8.9383909935952285e+12
 -4.7749510763209419e-15  1.2624210291814391e+13
 -4.6183953033268082e-15  1.7810567299477676e+13
 -4.4618395303326808e-15  2.0412130624381348e+13
 -4.3052837573385534e-15  1.9925614886723582e+13
 -4.1487279843444261e-15  2.0424059655661156e+13
 -3.9921722113502924e-15  2.5198220223901617e+13
 -3.8356164383561650e-15  3.1597916571785777e+13
 -3.6790606653620376e-15  3.3353407932743945e+13
 -3.5225048923679039e-15  2.8395577695201273e+13
 -3.3659491193737765e-15  2.2353707649959102e+13
 -3.2093933463796492e-15  2.2458450876282590e+13
 -3.0528375733855218e-15  2.8835817507351699e+13
 -2.8962818003913881e-15  3.4387063264982355e+13
 -2.7397260273972607e-15  3.4093062899915117e+13
 -2.5831702544031333e-15  3.2173030820773398e+13
 -2.4266144814089996e-15  3.7426220274932141e+13
 -2.2700587084148723e-15  5.1842664818375984e+13
 -2.1135029354207449e-15  6.6637273876838914e+13
 -1.9569471624266175e-15  7.1181355890383969e+13
 -1.8003913894324838e-15  6.4420433622171172e+13
 -1.6438356164383564e-15  5.5314136635158305e+13
 -1.4872798434442290e-15  5.2356036673894734e+13
 -1.3307240704501017e-15  5.5080790721554438e+13
 -1.1741682974559680e-15  5.6912027020797125e+13
 -1.0176125244618406e-15  5.4401604786582133e+13
 -8.6105675146771321e-16  5.1338205878426047e+13
 -7.0450097847357952e-16  5.4205891525902805e+13
 -5.4794520547945214e-16  6.5873562727434836e+13
 -3.9138943248532476e-16  8.4079383783034516e+13
 -2.3483365949119738e-16  1.0342853576965628e+14
 -7.8277886497063690e-17  1.1680999042571955e+14
  7.8277886497063690e-17  1.1699829759409867e+14
  2.3483365949119107e-16  1.0151843675131375e+14
  3.9138943248532476e-16  7.7746532396077984e+13
  5.4794520547945214e-16  6.0029428940997906e+13
  7.0450097847357952e-16  5.7571427364275844e+13
  8.6105675146770690e-16  6.5015969714707203e+13
  1.0176125244618406e-15  6.8546840997600047e+13
  1.1741682974559680e-15  6.3373827435745648e+13
  1.3307240704500954e-15  6.2597501147800789e+13
  1.4872798434442290e-15  8.4401710029771359e+13
  1.6438356164383564e-15  1.2942208305445495e+14
  1.8003913894324838e-15  1.7398383636781234e+14
  1.9569471624266112e-15  1.8924646492501006e+14
  2.1135029354207449e-15  1.6752322404336469e+14
  2.2700587084148723e-15  1.2836030829172842e+14
  2.4266144814089996e-15  9.8804514872478516e+13
  2.5831702544031270e-15  8.9653532764182453e+13
  2.7397260273972607e-15  9.1657758150394359e+13
  2.8962818003913881e-15  9.1915820917876938e+13
  3.0528375733855155e-15  8.9454873277764891e+13
  3.2093933463796492e-15  9.3239276925812000e+13
  3.3659491193737765e-15  1.0782395537921408e+14
  3.5225048923679039e-15  1.2505738381596597e+14
  3.6790606653620313e-15  1.3129114640122419e+14
  3.8356164383561650e-15  1.2131865123098231e+14
  3.9921722113502924e-15  1.0382208156404786e+14
  4.1487279843444197e-15  9.3492175794095562e+13
  4.3052837573385534e-15  9.8599050270422875e+13
  4.4618395303326808e-15  1.1538719488177195e+14
  4.6183953033268082e-15  1.3226641837795342e+14
  4.7749510763209356e-15  1.3814518752472002e+14
  4.9315068493150693e-15  1.2818615379327350e+14
  5.0880626223091966e-15  1.0480526992852209e+14
  5.2446183953033240e-15  7.5515126966991078e+13
  5.4011741682974577e-15  4.9476864458205055e+13
  5.5577299412915851e-15  3.3581449043097016e+13
  5.7142857142857125e-15  2.9121107989535480e+13
  5.8708414872798399e-15  3.1093306444781559e+13
  6.0273972602739735e-15  3.1519481396448379e+13
  6.1839530332681009e-15  2.5213671094663266e+13
  6.3405088062622283e-15  1.3692684018836766e+13
  6.4970645792563620e-15  3.6479874048438228e+12
  6.6536203522504894e-15  8.9216334480878894e+11
  6.8101761252446168e-15  5.0980716611590811e+12
  6.9667318982387441e-15  1.0307614361123217e+13
  7.1232876712328778e-15  1.0743796862690664e+13
  7.2798434442270052e-15  6.1250651626636484e+12
  7.4363992172211326e-15  1.1954461545542979e+12
  7.5929549902152663e-15  2.9818482256783490e+11
  7.7495107632093937e-15  2.9908285404319331e+12
  7.9060665362035210e-15  5.2235361473931123e+12
  8.0626223091976484e-15  4.2549887175934180e+12
  8.2191780821917821e-15  1.5510902283723708e+12
  8.3757338551859095e-15  6.7858883211387976e+11
  8.5322896281800369e-15  3.0647782336656206e+12
  8.6888454011741642e-15  6.5609284681942607e+12
  8.8454011741682979e-15  8.0699850015728672e+12
  9.0019569471624253e-15  6.8700830677156152e+12
  9.1585127201565527e-15  4.9794201899247012e+12
  9.3150684931506864e-15  4.6485215128622510e+12
  9.4716242661448138e-15  6.0793705104507383e+12
  9.6281800391389412e-15  7.6361779850633516e+12
  9.7847358121330685e-15  7.8000203475745547e+12
  9.9412915851272022e-15  6.5624293642273477e+12
  1.0097847358121330e-14  5.0789824400960879e+12
  1.0254403131115457e-14  4.3632584523934268e+12
  1.0410958904109591e-14  4.4577968557016729e+12
  1.0567514677103718e-14  4.6746301787549766e+12
  1.0724070450097845e-14  4.4036641445818770e+12
  1.0880626223091973e-14  3.6487217130034409e+12
  1.1037181996086107e-14  2.8901933017844473e+12
  1.1193737769080234e-14  2.5336976927107427e+12
  1.1350293542074361e-14  2.5305565833297324e+12
  1.1506849315068495e-14  2.5149691553578325e+12
  1.1663405088062622e-14  2.2443649915084062e+12
  1.1819960861056750e-14  1.8314655800462903e+12
  1.1976516634050877e-14  1.5439723652168633e+12
  1.2133072407045011e-14  1.4682338426683022e+12
  1.2289628180039138e-14  1.4502661574724053e+12
  1.2446183953033266e-14  1.3312241604438330e+12
  1.2602739726027393e-14  1.1339646850115254e+12
  1.2759295499021527e-14  9.8371259298110437e+11
  1.2915851272015654e-14  9.2392453347991187e+11
  1.3072407045009781e-14  8.8569027972840381e+11
  1.3228962818003915e-14  8.0952730605900354e+11
  1.3385518590998042e-14  7.1818921029894495e+11
  1.3542074363992170e-14  6.5651836277778088e+11
  1.3698630136986297e-14  6.1936659820724158e+11
  1.3855185909980431e-14  5.7420845540417798e+11
  1.4011741682974558e-14  5.1974868543606836e+11
  1.4168297455968686e-14  4.8070192133336835e+11
  1.4324853228962819e-14  4.5946168222138586e+11
  1.4481409001956947e-14  4.3190152937977161e+11
  1.4637964774951074e-14  3.9017137398314874e+11
  1.4794520547945201e-14  3.5607820174559912e+11
  1.4951076320939335e-14  3.4338556676672913e+11
  1.5107632093933463e-14  3.3428187199497736e+11
  1.5264187866927590e-14  3.0882426729729913e+11
  1.5420743639921724e-14  2.7703709079914673e+11
  1.5577299412915851e-14  2.6119983336056622e+11
  1.5733855185909978e-14  2.5933084488034171e+11
  1.5890410958904106e-14  2.4961692034902496e+11
  1.6046966731898239e-14  2.2623029974361185e+11
  1.6203522504892367e-14  2.0722615085565875e+11
  1.6360078277886494e-14  2.0381949535151868e+11
  1.6516634050880628e-14  2.0288917760881827e+11
  1.6673189823874755e-14  1.8973073711358932e+11
  1.6829745596868883e-14  1.7163746175315329e+11
  1.6986301369863010e-14  1.6438453477116623e+11
  1.7142857142857137e-14  1.6605472907814023e+11
  1.7299412915851265e-14  1.6132117438543079e+11
  1.7455968688845405e-14  1.4714778402849954e+11
  1.7612524461839532e-14  1.3683066781502007e+11
  1.7769080234833660e-14  1.3724040388942017e+11
  1.7925636007827787e-14  1.3795967916349570e+11
  1.8082191780821914e-14  1.2926654858398653e+11
  1.8238747553816042e-14  1.1792971533165665e+11
  1.8395303326810169e-14  1.1516886372819940e+11
  1.8551859099804309e-14  1.1801142251266412e+11
  1.8708414872798436e-14  1.1488084602150728e+11
  1.8864970645792564e-14  1.0497748748126886e+11
  1.9021526418786691e-14  9.9008412357020599e+10
  1.9178082191780819e-14  1.0102583094125833e+11
  1.9334637964774946e-14  1.0208095442461530e+11
  1.9491193737769073e-14  9.5516113673645523e+10
  1.9647749510763213e-14  8.7767932481836349e+10
  1.9804305283757341e-14  8.7165216054510132e+10
  1.9960861056751468e-14  9.0136273372146164e+10
  2.0117416829745596e-14  8.7599636854428696e+10
  2.0273972602739723e-14  8.0131160005923141e+10
  2.0430528375733850e-14  7.6585141583877792e+10
  2.0587084148727978e-14  7.9152930716832825e+10
  2.0743639921722118e-14  8.0020782589261383e+10
  2.0900195694716245e-14  7.4644215684410019e+10
  2.1056751467710372e-14  6.9097122645587677e+10
  2.1213307240704500e-14  6.9627553319102325e+10
  2.1369863013698627e-14  7.2337487793508881e+10
  2.1526418786692755e-14  6.9995445124730743e+10
  2.1682974559686882e-14  6.4090340788126076e+10
  2.1839530332681022e-14  6.2043959986949577e+10
  2.1996086105675149e-14  6.4732288823986298e+10
  2.2152641878669277e-14  6.5267865377831703e+10
  2.2309197651663404e-14  6.0649386982815445e+10
  2.2465753424657531e-14  5.6582507628510124e+10
  2.2622309197651659e-14  5.7744782872617523e+10
  2.2778864970645786e-14  6.0081278902919235e+10
  2.2935420743639926e-14  5.7797763307928619e+10
  2.3091976516634054e-14  5.3000324107517639e+10
  2.3248532289628181e-14  5.1952324856940834e+10
  2.3405088062622308e-14  5.4572157366413811e+10
  2.3561643835616436e-14  5.4764000517264008e+10
  2.3718199608610563e-14  5.0694942151136345e+10
  2.3874755381604690e-14  4.7698738300666992e+10
  2.4031311154598830e-14  4.9222542307519287e+10
  2.4187866927592958e-14  5.1168521182659286e+10
  2.4344422700587085e-14  4.8902977709981567e+10
  2.4500978473581213e-14  4.4950831129653000e+10
  2.4657534246575340e-14  4.4604736104451866e+10
  2.4814090019569467e-14  4.7069250505058029e+10
  2.4970645792563595e-14  4.6946249670917671e+10
  2.5127201565557722e-14  4.3313446764402405e+10
  2.5283757338551862e-14  4.1133192193705978e+10
  2.5440313111545990e-14  4.2860401066645363e+10
  2.5596868884540117e-14  4.4431981480198555e+10
  2.5753424657534244e-14  4.2178419757660782e+10
  2.5909980430528372e-14  3.8905334894599312e+10
  2.6066536203522499e-14  3.9070968271284157e+10
  2.6223091976516626e-14  4.1339461527103004e+10
  2.6379647749510766e-14  4.0940283368232559e+10
  2.6536203522504894e-14  3.7675970800224014e+10
  2.6692759295499021e-14  3.6140717769181854e+10
  2.6849315068493149e-14  3.7971714999880280e+10
  2.7005870841487276e-14  3.9195285593517509e+10
  2.7162426614481403e-14  3.6960342998551399e+10
  2.7318982387475531e-14  3.4252971479479237e+10
  2.7475538160469671e-14  3.4800135862708572e+10
  2.7632093933463798e-14  3.6853907030835617e+10
  2.7788649706457925e-14  3.6216914931701546e+10
  2.7945205479452053e-14  3.3277251252658802e+10
  2.8101761252446180e-14  3.2265456558371555e+10
  2.8258317025440308e-14  3.4133620706109215e+10
  2.8414872798434435e-14  3.5037419460458511e+10
  2.8571428571428575e-14  3.2832128746555283e+10
  2.8727984344422702e-14  3.0608835949904133e+10
  2.8884540117416830e-14  3.1443770788114819e+10
  2.9041095890410957e-14  3.3275227597680328e+10
  2.9197651663405085e-14  3.2435558029532131e+10
  2.9354207436399212e-14  2.9790524511117363e+10
  2.9510763209393339e-14  2.9211853238904190e+10
  2.9667318982387479e-14  3.1070448368212116e+10
  2.9823874755381607e-14  3.1681587906927944e+10
  2.9980430528375734e-14  2.9518227565384605e+10
  3.0136986301369861e-14  2.7717737750257755e+10
  3.0293542074363989e-14  2.8770141404173573e+10
  3.0450097847358116e-14  3.0377543322117970e+10
  3.0606653620352244e-14  2.9366620691574017e+10
  3.0763209393346384e-14  2.6994816359645142e+10
  3.0919765166340511e-14  2.6779712906969963e+10
  3.1076320939334638e-14  2.8594630283352528e+10
  3.1232876712328766e-14  2.8938182718889759e+10
  3.1389432485322893e-14  2.6829074476354214e+10
  3.1545988258317020e-14  2.5403873549923698e+10
  3.1702544031311148e-14  2.6619234467030743e+10
  3.1859099804305288e-14  2.8003999151787643e+10
  3.2015655577299415e-14  2.6849833236977623e+10
  3.2172211350293543e-14  2.4735559399898979e+10
  3.2328767123287670e-14  2.4828865126946064e+10
  3.2485322896281797e-14  2.6574344466075565e+10
  3.2641878669275925e-14  2.6673213181121372e+10
  3.2798434442270052e-14  2.4630292867281723e+10
  3.2954990215264192e-14  2.3542534626056396e+10
  3.3111545988258320e-14  2.4877335045055435e+10
  3.3268101761252447e-14  2.6042593447766747e+10
  3.3424657534246574e-14  2.4770285236131161e+10
  3.3581213307240702e-14  2.2901794177470425e+10
  3.3737769080234829e-14  2.3258627245057598e+10
  3.3894324853228956e-14  2.4914599965977318e+10
  3.4050880626223096e-14  2.4789686561588741e+10
  3.4207436399217224e-14  2.2824396054366768e+10
  3.4363992172211351e-14  2.2043227270302788e+10
  3.4520547945205479e-14  2.3461800142888279e+10
  3.4677103718199606e-14  2.4411594291061405e+10
  3.4833659491193733e-14  2.3043855018042355e+10
  3.4990215264187861e-14  2.1412242222451099e+10
  3.5146771037182001e-14  2.1995224477848175e+10
  3.5303326810176128e-14  2.3545592619287701e+10
  3.5459882583170255e-14  2.3216060304455750e+10
  3.5616438356164383e-14  2.1339374844680828e+10
  3.5772994129158510e-14  2.0839117311880741e+10
  3.5929549902152638e-14  2.2311510548405666e+10
  3.6086105675146765e-14  2.3050342081738934e+10
  3.6242661448140892e-14  2.1607964337577557e+10
  3.6399217221135032e-14  2.0206438081085255e+10
  3.6555772994129160e-14  2.0983763894916904e+10
  3.6712328767123287e-14  2.2415249174672455e+10
  3.6868884540117414e-14  2.1898808339858883e+10
  3.7025440313111542e-14  2.0121321777622150e+10
  3.7181996086105669e-14  1.9880194301904850e+10
  3.7338551859099797e-14  2.1380671888435005e+10
  3.7495107632093937e-14  2.1913251554608456e+10
  3.7651663405088064e-14  2.0415524832212864e+10
  3.7808219178082191e-14  1.9238912145535362e+10
  3.7964774951076319e-14  2.0182962063885639e+10
  3.8121330724070446e-14  2.1484311415398628e+10
  3.8277886497064574e-14  2.0797496603962616e+10
  3.8434442270058701e-14  1.9129533156781105e+10
  3.8590998043052841e-14  1.9128730407583977e+10
  3.8747553816046968e-14  2.0634689913836704e+10
  3.8904109589041096e-14  2.0965802173048599e+10
  3.9060665362035223e-14  1.9430873824979073e+10
  3.9217221135029350e-14  1.8475279868240978e+10
  3.9373776908023478e-14  1.9561600498154762e+10
  3.9530332681017605e-14  2.0723024136329891e+10
  3.9686888454011745e-14  1.9881450273049927e+10
  3.9843444227005873e-14  1.8333182558627815e+10
  4.0000000000000000e-14  1.8556191851605392e+10
