#FileSignature: 0
#legend: No Name
#sim_duration: 0.005620
#title_str: z = 
#tlabel: z
#tscale: 0.007058
#tscale_str: $L_{NL}$
#tunit_str: m
#xcordID: T
#xlabel: t
#xscale: 0.000000
#xscale_str: $t_{p}$
#xunit_str: s
#ycordID: I
#ylabel: I
#yscale: 550000000000000.000000
#yscale_str: $I_{0}$
#yunit_str: W/m$^{2}$
 -4.0000000000000000e-14  1.3622847340293217e+08
 -3.9843444227005873e-14  1.2646986480471978e+08
 -3.9686888454011739e-14  1.3286875465683536e+08
 -3.9530332681017612e-14  1.4380423858931410e+08
 -3.9373776908023484e-14  1.4011756358832830e+08
 -3.9217221135029357e-14  1.2728924446124353e+08
 -3.9060665362035223e-14  1.2613515660746282e+08
 -3.8904109589041096e-14  1.3781280573702201e+08
 -3.8747553816046968e-14  1.4195871519844967e+08
 -3.8590998043052835e-14  1.3094712127671100e+08
 -3.8434442270058707e-14  1.2264076090562628e+08
 -3.8277886497064580e-14  1.3031658348873530e+08
 -3.8121330724070452e-14  1.4039435217389590e+08
 -3.7964774951076319e-14  1.3532225590135443e+08
 -3.7808219178082191e-14  1.2305639983410439e+08
 -3.7651663405088064e-14  1.2362676907682113e+08
 -3.7495107632093930e-14  1.3547026734113449e+08
 -3.7338551859099803e-14  1.3811250526266330e+08
 -3.7181996086105676e-14  1.2659902650010183e+08
 -3.7025440313111548e-14  1.1978003717722809e+08
 -3.6868884540117414e-14  1.2859701987477197e+08
 -3.6712328767123287e-14  1.3771941428821939e+08
 -3.6555772994129160e-14  1.3134694612003751e+08
 -3.6399217221135026e-14  1.1975500928729369e+08
 -3.6242661448140899e-14  1.2199013448386323e+08
 -3.6086105675146771e-14  1.3385437708336969e+08
 -3.5929549902152644e-14  1.3498797702498016e+08
 -3.5772994129158510e-14  1.2310160986362115e+08
 -3.5616438356164383e-14  1.1780727826954354e+08
 -3.5459882583170255e-14  1.2763820631189287e+08
 -3.5303326810176122e-14  1.3571186387317994e+08
 -3.5146771037181994e-14  1.2812115910395505e+08
 -3.4990215264187867e-14  1.1731347002188823e+08
 -3.4833659491193740e-14  1.2115958471420009e+08
 -3.4677103718199612e-14  1.3290564884976760e+08
 -3.4520547945205479e-14  1.3252534097267580e+08
 -3.4363992172211351e-14  1.2039274609979020e+08
 -3.4207436399217224e-14  1.1666336803290650e+08
 -3.4050880626223090e-14  1.2738720196246162e+08
 -3.3894324853228963e-14  1.3432076248437962e+08
 -3.3737769080234835e-14  1.2559198163981858e+08
 -3.3581213307240708e-14  1.1567973713915524e+08
 -3.3424657534246574e-14  1.2108819472602743e+08
 -3.3268101761252447e-14  1.3258051626103170e+08
 -3.3111545988258320e-14  1.3068000705781753e+08
 -3.2954990215264186e-14  1.1842753418620333e+08
 -3.2798434442270058e-14  1.1630732347907339e+08
 -3.2641878669275931e-14  1.2780699957262427e+08
 -3.2485322896281804e-14  1.3350894487367973e+08
 -3.2328767123287670e-14  1.2372124568459412e+08
 -3.2172211350293543e-14  1.1481855561121750e+08
 -3.2015655577299415e-14  1.2174512541663538e+08
 -3.1859099804305282e-14  1.3284876525434017e+08
 -3.1702544031311154e-14  1.2942006425418174e+08
 -3.1545988258317027e-14  1.1717585888809122e+08
 -3.1389432485322899e-14  1.1671396898044738e+08
 -3.1232876712328766e-14  1.2887424267780587e+08
 -3.1076320939334638e-14  1.3325072429216449e+08
 -3.0919765166340511e-14  1.2248330952552582e+08
 -3.0763209393346377e-14  1.1470940820827435e+08
 -3.0606653620352250e-14  1.2311363985701767e+08
 -3.0450097847358122e-14  1.3369146632481410e+08
 -3.0293542074363995e-14  1.2872419938240641e+08
 -3.0136986301369861e-14  1.1662049952031882e+08
 -2.9980430528375734e-14  1.1787220928808320e+08
 -2.9823874755381607e-14  1.3057740679060259e+08
 -2.9667318982387473e-14  1.3352992282487039e+08
 -2.9510763209393346e-14  1.2186321139790221e+08
 -2.9354207436399218e-14  1.1534494661814754e+08
 -2.9197651663405091e-14  1.2518954337016770e+08
 -2.9041095890410957e-14  1.3509915331000504e+08
 -2.8884540117416830e-14  1.2857982550769781e+08
 -2.8727984344422702e-14  1.1675558023388627e+08
 -2.8571428571428569e-14  1.1978368294677146e+08
 -2.8414872798434441e-14  1.3291519026505835e+08
 -2.8258317025440314e-14  1.3433796973372889e+08
 -2.8101761252446183e-14  1.2185498225335282e+08
 -2.7945205479452053e-14  1.1672971965309477e+08
 -2.7788649706457925e-14  1.2797982246499214e+08
 -2.7632093933463798e-14  1.3706996645637190e+08
 -2.7475538160469668e-14  1.2898114224014173e+08
 -2.7318982387475537e-14  1.1758513691220607e+08
 -2.7162426614481410e-14  1.2246157911558001e+08
 -2.7005870841487282e-14  1.3589483426387200e+08
 -2.6849315068493152e-14  1.3567173829629222e+08
 -2.6692759295499021e-14  1.2245981694899116e+08
 -2.6536203522504894e-14  1.1887894179268637e+08
 -2.6379647749510763e-14  1.3150119971013197e+08
 -2.6223091976516633e-14  1.3960741472099328e+08
 -2.6066536203522505e-14  1.2992677988453986e+08
 -2.5909980430528378e-14  1.1912149888477358e+08
 -2.5753424657534247e-14  1.2592930880569063e+08
 -2.5596868884540117e-14  1.3952998633910137e+08
 -2.5440313111545990e-14  1.3753069848195872e+08
 -2.5283757338551859e-14  1.2368372974746144e+08
 -2.5127201565557732e-14  1.2181695102447116e+08
 -2.4970645792563601e-14  1.3577816524021953e+08
 -2.4814090019569471e-14  1.4271722232885423e+08
 -2.4657534246575343e-14  1.3141652440067340e+08
 -2.4500978473581213e-14  1.2138306511472481e+08
 -2.4344422700587085e-14  1.3021855591559625e+08
 -2.4187866927592955e-14  1.4383746223888701e+08
 -2.4031311154598827e-14  1.3991268357149440e+08
 -2.3874755381604697e-14  1.2553412264530075e+08
 -2.3718199608610569e-14  1.2557486382166639e+08
 -2.3561643835616439e-14  1.4083982456161970e+08
 -2.3405088062622308e-14  1.4640235366405025e+08
 -2.3248532289628181e-14  1.3344619864746904e+08
 -2.3091976516634050e-14  1.2439074993785471e+08
 -2.2935420743639923e-14  1.3536609138058218e+08
 -2.2778864970645793e-14  1.4883211073812708e+08
 -2.2622309197651665e-14  1.4280712986246055e+08
 -2.2465753424657535e-14  1.2801388307377152e+08
 -2.2309197651663404e-14  1.3018615133474265e+08
 -2.2152641878669277e-14  1.4671479837811622e+08
 -2.1996086105675146e-14  1.5065588189085412e+08
 -2.1839530332681019e-14  1.3599978385649806e+08
 -2.1682974559686888e-14  1.2816050096515942e+08
 -2.1526418786692761e-14  1.4140587336745870e+08
 -2.1369863013698630e-14  1.5451840832804722e+08
 -2.1213307240704500e-14  1.4618801645840847e+08
 -2.1056751467710372e-14  1.3111480675969738e+08
 -2.0900195694716242e-14  1.3567481903036857e+08
 -2.0743639921722114e-14  1.5341228059484500e+08
 -2.0587084148727984e-14  1.5544524757426742e+08
 -2.0430528375733857e-14  1.3904836581697884e+08
 -2.0273972602739726e-14  1.3270728488387768e+08
 -2.0117416829745599e-14  1.4834977396918023e+08
 -1.9960861056751468e-14  1.6083998367692271e+08
 -1.9804305283757338e-14  1.4997208870907158e+08
 -1.9647749510763210e-14  1.3483278720710117e+08
 -1.9491193737769080e-14  1.4210663168403840e+08
 -1.9334637964774952e-14  1.6091274180813527e+08
 -1.9178082191780822e-14  1.6058625373042279e+08
 -1.9021526418786694e-14  1.4240892515923703e+08
 -1.8864970645792564e-14  1.3807577179714313e+08
 -1.8708414872798436e-14  1.5640928245074928e+08
 -1.8551859099804306e-14  1.6781386209050179e+08
 -1.8395303326810175e-14  1.5376673288071197e+08
 -1.8238747553816048e-14  1.3868554264261603e+08
 -1.8082191780821917e-14  1.4950832501924247e+08
 -1.7925636007827790e-14  1.6985572595926222e+08
 -1.7769080234833660e-14  1.6655091865060461e+08
 -1.7612524461839532e-14  1.4546016967213237e+08
 -1.7455968688845402e-14  1.4281924390610182e+08
 -1.7299412915851271e-14  1.6500995699917957e+08
 -1.7142857142857144e-14  1.7700524541580355e+08
 -1.6986301369863013e-14  1.5985535180070239e+08
 -1.6829745596868886e-14  1.4227051475666931e+08
 -1.6673189823874755e-14  1.5369330329965383e+08
 -1.6516634050880628e-14  1.7651795176733837e+08
 -1.6360078277886497e-14  1.7581858617076349e+08
 -1.6203522504892367e-14  1.5570436230523974e+08
 -1.6046966731898239e-14  1.4946265862316146e+08
 -1.5890410958904109e-14  1.6409814595083699e+08
 -1.5733855185909982e-14  1.7390769343710580e+08
 -1.5577299412915851e-14  1.6836996287813902e+08
 -1.5420743639921724e-14  1.6588309078728780e+08
 -1.5264187866927593e-14  1.7172392226874602e+08
 -1.5107632093933466e-14  1.6503993303531364e+08
 -1.4951076320939335e-14  1.4723246803117186e+08
 -1.4794520547945205e-14  1.5806376085076877e+08
 -1.4637964774951077e-14  2.0577508522151926e+08
 -1.4481409001956947e-14  2.2368368859364247e+08
 -1.4324853228962819e-14  1.6084149743634492e+08
 -1.4168297455968689e-14  9.1809237836584538e+07
 -1.4011741682974561e-14  1.4409820584433573e+08
 -1.3855185909980431e-14  2.9722680036828142e+08
 -1.3698630136986304e-14  3.5552142369154996e+08
 -1.3542074363992173e-14  2.0474912212269863e+08
 -1.3385518590998042e-14  2.7893729820262428e+07
 -1.3228962818003915e-14  1.2198920953520502e+08
 -1.3072407045009785e-14  4.7992656079972816e+08
 -1.2915851272015657e-14  7.0653020293376684e+08
 -1.2759295499021527e-14  4.9079258376261395e+08
 -1.2602739726027399e-14  9.6848311076339886e+07
 -1.2446183953033269e-14  1.6536050965928257e+08
 -1.2289628180039138e-14  9.1250264518470097e+08
 -1.2133072407045011e-14  1.6961863128247483e+09
 -1.1976516634050880e-14  1.6830724247675090e+09
 -1.1819960861056753e-14  1.0121406873655102e+09
 -1.1663405088062622e-14  9.5074018914349651e+08
 -1.1506849315068495e-14  2.4853419206144485e+09
 -1.1350293542074368e-14  4.8552929743614635e+09
 -1.1193737769080234e-14  6.1401003272073231e+09
 -1.1037181996086107e-14  5.7523495488786497e+09
 -1.0880626223091979e-14  5.8527694181185980e+09
 -1.0724070450097845e-14  9.2641162088224621e+09
 -1.0567514677103718e-14  1.5782473690336140e+10
 -1.0410958904109591e-14  2.1761375849252224e+10
 -1.0254403131115463e-14  2.4616813026002113e+10
 -1.0097847358121330e-14  2.7227183839688332e+10
 -9.9412915851272022e-15  3.5840367485574188e+10
 -9.7847358121330748e-15  5.2656444013235794e+10
 -9.6281800391389412e-15  7.2273271143356430e+10
 -9.4716242661448138e-15  8.8125640999692886e+10
 -9.3150684931506864e-15  1.0237115619490288e+11
 -9.1585127201565590e-15  1.2614393305276527e+11
 -9.0019569471624253e-15  1.6756035885213400e+11
 -8.8454011741682979e-15  2.2144389615562354e+11
 -8.6888454011741706e-15  2.7540897502415576e+11
 -8.5322896281800369e-15  3.2739684346036188e+11
 -8.3757338551859095e-15  3.9312992046410547e+11
 -8.2191780821917821e-15  4.9171637127375409e+11
 -8.0626223091976547e-15  6.2497601493167151e+11
 -7.9060665362035210e-15  7.7665716142540698e+11
 -7.7495107632093937e-15  9.3498524166001343e+11
 -7.5929549902152663e-15  1.1121077791052732e+12
 -7.4363992172211389e-15  1.3355820887669878e+12
 -7.2798434442270052e-15  1.6205497014077158e+12
 -7.1232876712328778e-15  1.9555627397784849e+12
 -6.9667318982387504e-15  2.3197437782879136e+12
 -6.8101761252446168e-15  2.7137833603239990e+12
 -6.6536203522504894e-15  3.1744387497658179e+12
 -6.4970645792563620e-15  3.7605254530675400e+12
 -6.3405088062622346e-15  4.5191521990395039e+12
 -6.1839530332681009e-15  5.4474894178606699e+12
 -6.0273972602739735e-15  6.4729089180088662e+12
 -5.8708414872798462e-15  7.4837592326781924e+12
 -5.7142857142857125e-15  8.4148142783310664e+12
 -5.5577299412915851e-15  9.3165508880510273e+12
 -5.4011741682974577e-15  1.0309215993948652e+13
 -5.2446183953033303e-15  1.1442328712892650e+13
 -5.0880626223091966e-15  1.2656307325662270e+13
 -4.9315068493150693e-15  1.4002437419498045e+13
 -4.7749510763209419e-15  1.5925077166997568e+13
 -4.6183953033268082e-15  1.9123321339190281e+13
 -4.4618395303326808e-15  2.3813890122805871e+13
 -4.3052837573385534e-15  2.9015431843736352e+13
 -4.1487279843444261e-15  3.2839276644405473e+13
 -3.9921722113502924e-15  3.3930767612034543e+13
 -3.8356164383561650e-15  3.2778907284500555e+13
 -3.6790606653620376e-15  3.1337012349272852e+13
 -3.5225048923679039e-15  3.1092363307798035e+13
 -3.3659491193737765e-15  3.1765368541863457e+13
 -3.2093933463796492e-15  3.2528892025628676e+13
 -3.0528375733855218e-15  3.4650455031411766e+13
 -2.8962818003913881e-15  4.2002294919192516e+13
 -2.7397260273972607e-15  5.7501996967431562e+13
 -2.5831702544031333e-15  7.8382548961258141e+13
 -2.4266144814089996e-15  9.5841146779008984e+13
 -2.2700587084148723e-15  1.0101771150123320e+14
 -2.1135029354207449e-15  9.2321322096247828e+13
 -1.9569471624266175e-15  7.6649256918879578e+13
 -1.8003913894324838e-15  6.2872093205757984e+13
 -1.6438356164383564e-15  5.4416398438370984e+13
 -1.4872798434442290e-15  4.9098302087564805e+13
 -1.3307240704501017e-15  4.6124863172209008e+13
 -1.1741682974559680e-15  5.1310855755545516e+13
 -1.0176125244618406e-15  7.2813059482128281e+13
 -8.6105675146771321e-16  1.1067426167075675e+14
 -7.0450097847357952e-16  1.5188728310651034e+14
 -5.4794520547945214e-16  1.7805021010420422e+14
 -3.9138943248532476e-16  1.7919224472691328e+14
 -2.3483365949119738e-16  1.6010349661027225e+14
 -7.8277886497063690e-17  1.3328182577130442e+14
  7.8277886497063690e-17  1.0707670501257255e+14
  2.3483365949119107e-16  8.2295727728639453e+13
  3.9138943248532476e-16  5.9912435711539891e+13
  5.4794520547945214e-16  4.8841780830957656e+13
  7.0450097847357952e-16  6.2157414345899977e+13
  8.6105675146770690e-16  1.0373438544666283e+14
  1.0176125244618406e-15  1.5956776080074472e+14
  1.1741682974559680e-15  2.0452738629690594e+14
  1.3307240704500954e-15  2.1947291819547144e+14
  1.4872798434442290e-15  2.0293102563347084e+14
  1.6438356164383564e-15  1.6760144715848562e+14
  1.8003913894324838e-15  1.2769026040836678e+14
  1.9569471624266112e-15  9.1029023281722500e+13
  2.1135029354207449e-15  6.2139441132972016e+13
  2.2700587084148723e-15  4.8724955851467398e+13
  2.4266144814089996e-15  6.0371368443318062e+13
  2.5831702544031270e-15  9.8374012588420000e+13
  2.7397260273972607e-15  1.4764709859234631e+14
  2.8962818003913881e-15  1.8173446917334812e+14
  3.0528375733855155e-15  1.7951926728083225e+14
  3.2093933463796492e-15  1.4026595486343698e+14
  3.3659491193737765e-15  8.4312531780619656e+13
  3.5225048923679039e-15  3.9064451702199773e+13
  3.6790606653620313e-15  2.1778864800535383e+13
  3.8356164383561650e-15  3.1582894900834688e+13
  3.9921722113502924e-15  5.4132532412559961e+13
  4.1487279843444197e-15  7.2725359682630750e+13
  4.3052837573385534e-15  7.7278072393058188e+13
  4.4618395303326808e-15  6.6988422951477875e+13
  4.6183953033268082e-15  4.7879772874665078e+13
  4.7749510763209356e-15  2.8418518783188676e+13
  4.9315068493150693e-15  1.5443543124093574e+13
  5.0880626223091966e-15  1.1479883378717680e+13
  5.2446183953033240e-15  1.4234685225041102e+13
  5.4011741682974577e-15  1.8617348612030383e+13
  5.5577299412915851e-15  2.0202531970047941e+13
  5.7142857142857125e-15  1.7792074887282234e+13
  5.8708414872798399e-15  1.3299051779292973e+13
  6.0273972602739735e-15  9.4223443940348516e+12
  6.1839530332681009e-15  7.3771057442278164e+12
  6.3405088062622283e-15  6.5281736454744678e+12
  6.4970645792563620e-15  5.7151643738255840e+12
  6.6536203522504894e-15  4.5686844061770137e+12
  6.8101761252446168e-15  3.5663991614741992e+12
  6.9667318982387441e-15  3.1549985601261143e+12
  7.1232876712328778e-15  3.1396819018345884e+12
  7.2798434442270052e-15  2.9598397494100112e+12
  7.4363992172211326e-15  2.3571674757124507e+12
  7.5929549902152663e-15  1.6076747698233850e+12
  7.7495107632093937e-15  1.1341897941577710e+12
  7.9060665362035210e-15  1.0347453055284481e+12
  8.0626223091976484e-15  1.0505826870643462e+12
  8.2191780821917821e-15  9.1578569543732581e+11
  8.3757338551859095e-15  6.3217592932546704e+11
  8.5322896281800369e-15  3.9410096519022357e+11
  8.6888454011741642e-15  3.2632089116839166e+11
  8.8454011741682979e-15  3.6112054547242584e+11
  9.0019569471624253e-15  3.5368091238547186e+11
  9.1585127201565527e-15  2.5386286155330728e+11
  9.3150684931506864e-15  1.3507590288067612e+11
  9.4716242661448138e-15  8.3386672737562637e+10
  9.6281800391389412e-15  1.0035196052264299e+11
  9.7847358121330685e-15  1.2090159480928154e+11
  9.9412915851272022e-15  9.8583968060005905e+10
  1.0097847358121330e-14  4.9581435257901550e+10
  1.0254403131115457e-14  1.8385666505626076e+10
  1.0410958904109591e-14  2.1884398031606472e+10
  1.0567514677103718e-14  3.7682667469150208e+10
  1.0724070450097845e-14  3.7987343737061722e+10
  1.0880626223091973e-14  2.0649867563590763e+10
  1.1037181996086107e-14  4.3972520037068205e+09
  1.1193737769080234e-14  2.7301955375971165e+09
  1.1350293542074361e-14  1.0496453862867832e+10
  1.1506849315068495e-14  1.4410050124574957e+10
  1.1663405088062622e-14  9.5825453603455029e+09
  1.1819960861056750e-14  2.3486519656272941e+09
  1.1976516634050877e-14  1.0025697327460559e+08
  1.2133072407045011e-14  2.9199434439251003e+09
  1.2289628180039138e-14  5.6220642323660545e+09
  1.2446183953033266e-14  4.8844996536853571e+09
  1.2602739726027393e-14  2.1803388273557711e+09
  1.2759295499021527e-14  6.6268939496682286e+08
  1.2915851272015654e-14  1.2878853031890521e+09
  1.3072407045009781e-14  2.5357863507903695e+09
  1.3228962818003915e-14  2.7875209569071021e+09
  1.3385518590998042e-14  1.9845568670147369e+09
  1.3542074363992170e-14  1.1579483928383491e+09
  1.3698630136986297e-14  1.0567779619544079e+09
  1.3855185909980431e-14  1.5032442484799933e+09
  1.4011741682974558e-14  1.8280224338055565e+09
  1.4168297455968686e-14  1.6564589690544720e+09
  1.4324853228962819e-14  1.2240980128226652e+09
  1.4481409001956947e-14  1.0077883092966179e+09
  1.4637964774951074e-14  1.1549062248429854e+09
  1.4794520547945201e-14  1.3656612799054036e+09
  1.4951076320939335e-14  1.3220249197871733e+09
  1.5107632093933463e-14  1.0826562323358107e+09
  1.5264187866927590e-14  9.4465187316200709e+08
  1.5420743639921724e-14  1.0157327988406273e+09
  1.5577299412915851e-14  1.1072321151921334e+09
  1.5733855185909978e-14  1.0477469245914290e+09
  1.5890410958904106e-14  9.1615200636688256e+08
  1.6046966731898239e-14  8.7716429086578512e+08
  1.6203522504892367e-14  9.2414499657766962e+08
  1.6360078277886494e-14  9.2404022590854824e+08
  1.6516634050880628e-14  8.4615356853442621e+08
  1.6673189823874755e-14  7.9305410848637307e+08
  1.6829745596868883e-14  8.1386983548660612e+08
  1.6986301369863010e-14  8.2828706715567434e+08
  1.7142857142857137e-14  7.7359452252238631e+08
  1.7299412915851265e-14  7.1087364602273452e+08
  1.7455968688845405e-14  7.1530914123889422e+08
  1.7612524461839532e-14  7.4712801149531555e+08
  1.7769080234833660e-14  7.2157308426922536e+08
  1.7925636007827787e-14  6.5297590308820271e+08
  1.8082191780821914e-14  6.2867106550947964e+08
  1.8238747553816042e-14  6.6142647803575599e+08
  1.8395303326810169e-14  6.7005924525607729e+08
  1.8551859099804309e-14  6.1658339967806387e+08
  1.8708414872798436e-14  5.6755733927712941e+08
  1.8864970645792564e-14  5.8067064102534330e+08
  1.9021526418786691e-14  6.0997995647025990e+08
  1.9178082191780819e-14  5.8546139081390548e+08
  1.9334637964774946e-14  5.2921844790077609e+08
  1.9491193737769073e-14  5.1541263407213610e+08
  1.9647749510763213e-14  5.4597475254587460e+08
  1.9804305283757341e-14  5.5023946033782554e+08
  1.9960861056751468e-14  5.0431726128041571e+08
  2.0117416829745596e-14  4.6869322796220714e+08
  2.0273972602739723e-14  4.8511841372654688e+08
  2.0430528375733850e-14  5.0830782446819711e+08
  2.0587084148727978e-14  4.8395781260431916e+08
  2.0743639921722118e-14  4.3883555119697905e+08
  2.0900195694716245e-14  4.3361343378372145e+08
  2.1056751467710372e-14  4.6129269200457549e+08
  2.1213307240704500e-14  4.6109147503162611e+08
  2.1369863013698627e-14  4.2084807971571785e+08
  2.1526418786692755e-14  3.9551269964154875e+08
  2.1682974559686882e-14  4.1393910080514681e+08
  2.1839530332681022e-14  4.3193835227252734e+08
  2.1996086105675149e-14  4.0779952030799443e+08
  2.2152641878669277e-14  3.7129090169493079e+08
  2.2309197651663404e-14  3.7208502548385417e+08
  2.2465753424657531e-14  3.9682110071965790e+08
  2.2622309197651659e-14  3.9316784626106411e+08
  2.2778864970645786e-14  3.5773355467194015e+08
  2.2935420743639926e-14  3.4021268759359396e+08
  2.3091976516634054e-14  3.5940855931684470e+08
  2.3248532289628181e-14  3.7294510425526816e+08
  2.3405088062622308e-14  3.4930945071239269e+08
  2.3561643835616436e-14  3.1980712562812316e+08
  2.3718199608610563e-14  3.2484180270844102e+08
  2.3874755381604690e-14  3.4660996407732230e+08
  2.4031311154598830e-14  3.4024395003756386e+08
  2.4187866927592958e-14  3.0901446672526586e+08
  2.4344422700587085e-14  2.9759788424230212e+08
  2.4500978473581213e-14  3.1679078428407788e+08
  2.4657534246575340e-14  3.2646555709602904e+08
  2.4814090019569467e-14  3.0353063615848809e+08
  2.4970645792563595e-14  2.7984278495502841e+08
  2.5127201565557722e-14  2.8788487177437901e+08
  2.5283757338551862e-14  3.0677458055007327e+08
  2.5440313111545990e-14  2.9828149038494885e+08
  2.5596868884540117e-14  2.7078323231734425e+08
  2.5753424657534244e-14  2.6420798118867671e+08
  2.5909980430528372e-14  2.8289951588258201e+08
  2.6066536203522499e-14  2.8923119084765148e+08
  2.6223091976516626e-14  2.6714734473006886e+08
  2.6379647749510766e-14  2.4836252676504084e+08
  2.6536203522504894e-14  2.5851969563425758e+08
  2.6692759295499021e-14  2.7466715128094262e+08
  2.6849315068493149e-14  2.6451977743849060e+08
  2.7005870841487276e-14  2.4037864011558381e+08
  2.7162426614481403e-14  2.3768913623905122e+08
  2.7318982387475531e-14  2.5555009228797379e+08
  2.7475538160469671e-14  2.5898107722940761e+08
  2.7632093933463798e-14  2.3786400415949443e+08
  2.7788649706457925e-14  2.2327086392034194e+08
  2.7945205479452053e-14  2.3488186600723088e+08
  2.8101761252446180e-14  2.4843999379635185e+08
  2.8258317025440308e-14  2.3702356201778150e+08
  2.8414872798434435e-14  2.1593793449806470e+08
  2.8571428571428575e-14  2.1639499410779008e+08
  2.8727984344422702e-14  2.3320533546495900e+08
  2.8884540117416830e-14  2.3411354043586993e+08
  2.9041095890410957e-14  2.1405340410389182e+08
  2.9197651663405085e-14  2.0308547401078507e+08
  2.9354207436399212e-14  2.1564908221438697e+08
  2.9510763209393339e-14  2.2677285500283334e+08
  2.9667318982387479e-14  2.1440537460229722e+08
  2.9823874755381607e-14  1.9612798210223100e+08
  2.9980430528375734e-14  1.9914787294780862e+08
  3.0136986301369861e-14  2.1475923025834331e+08
  3.0293542074363989e-14  2.1346930633855206e+08
  3.0450097847358116e-14  1.9453778299019742e+08
  3.0606653620352244e-14  1.8673573670122701e+08
  3.0763209393346384e-14  1.9986379906671333e+08
  3.0919765166340511e-14  2.0870304415830767e+08
  3.1076320939334638e-14  1.9565080397265273e+08
  3.1232876712328766e-14  1.7997603680133861e+08
  3.1389432485322893e-14  1.8508883210080516e+08
  3.1545988258317020e-14  1.9940061036082432e+08
  3.1702544031311148e-14  1.9619369474397919e+08
  3.1859099804305288e-14  1.7844918693338552e+08
  3.2015655577299415e-14  1.7343432805764791e+08
  3.2172211350293543e-14  1.8682001743362999e+08
  3.2328767123287670e-14  1.9351623574100730e+08
  3.2485322896281797e-14  1.8000558569853944e+08
  3.2641878669275925e-14  1.6676037144846386e+08
  3.2798434442270052e-14  1.7358081483538181e+08
  3.2954990215264192e-14  1.8652465288895759e+08
  3.3111545988258320e-14  1.8164652012342864e+08
  3.3268101761252447e-14  1.6513800082070524e+08
  3.3424657534246574e-14  1.6259322088084406e+08
  3.3581213307240702e-14  1.7598908127854595e+08
  3.3737769080234829e-14  1.8067439933484125e+08
  3.3894324853228956e-14  1.6690075292796633e+08
  3.4050880626223096e-14  1.5593781675351715e+08
  3.4207436399217224e-14  1.6414450154368865e+08
  3.4363992172211351e-14  1.7567397488472208e+08
  3.4520547945205479e-14  1.6934175558167228e+08
  3.4677103718199606e-14  1.5411161669188336e+08
  3.4833659491193733e-14  1.5376743093477395e+08
  3.4990215264187861e-14  1.6696987348863950e+08
  3.5146771037182001e-14  1.6976711377494705e+08
  3.5303326810176128e-14  1.5590190071356687e+08
  3.5459882583170255e-14  1.4709469428406361e+08
  3.5616438356164383e-14  1.5641488064825666e+08
  3.5772994129158510e-14  1.6649854985838148e+08
  3.5929549902152638e-14  1.5890624517242470e+08
  3.6086105675146765e-14  1.4499244675154695e+08
  3.6242661448140892e-14  1.4661657178284362e+08
  3.6399217221135032e-14  1.5945470402811089e+08
  3.6555772994129160e-14  1.6047800794087183e+08
  3.6712328767123287e-14  1.4667410552266616e+08
  3.6868884540117414e-14  1.3991293409362721e+08
  3.7025440313111542e-14  1.5011127358119071e+08
  3.7181996086105669e-14  1.5872791242096126e+08
  3.7338551859099797e-14  1.5005092441113657e+08
  3.7495107632093937e-14  1.3748864140878084e+08
  3.7651663405088064e-14  1.4087808006258553e+08
  3.7808219178082191e-14  1.5320550574863774e+08
  3.7964774951076319e-14  1.5256121699703681e+08
  3.8121330724070446e-14  1.3895725535445562e+08
  3.8277886497064574e-14  1.3414627002015741e+08
  3.8434442270058701e-14  1.4501626962050435e+08
  3.8590998043052841e-14  1.5215154138934574e+08
  3.8747553816046968e-14  1.4255043565164885e+08
  3.8904109589041096e-14  1.3137335513956961e+08
  3.9060665362035223e-14  1.3634827066804284e+08
  3.9217221135029350e-14  1.4803694000707337e+08
  3.9373776908023478e-14  1.4582459351425254e+08
  3.9530332681017605e-14  1.3254844544289407e+08
  3.9686888454011745e-14  1.2960328145756023e+08
  3.9843444227005873e-14  1.4096070340884495e+08
  4.0000000000000000e-14  1.4660479735264269e+08
