#FileSignature: 0
#legend: No Name
#sim_duration: 0.007094
#title_str: z = 
#tlabel: z
#tscale: 0.007058
#tscale_str: $L_{NL}$
#tunit_str: m
#xcordID: T
#xlabel: t
#xscale: 0.000000
#xscale_str: $t_{p}$
#xunit_str: s
#ycordID: I
#ylabel: I
#yscale: 550000000000000.000000
#yscale_str: $I_{0}$
#yunit_str: W/m$^{2}$
 -4.0000000000000000e-14  4.0576584285040158e+08
 -3.9843444227005873e-14  3.7171064600013494e+08
 -3.9686888454011739e-14  3.6743575330547208e+08
 -3.9530332681017612e-14  4.0035639624893063e+08
 -3.9373776908023484e-14  4.1529063230923486e+08
 -3.9217221135029357e-14  3.8741203183485532e+08
 -3.9060665362035223e-14  3.6406045132527226e+08
 -3.8904109589041096e-14  3.8500466279794735e+08
 -3.8747553816046968e-14  4.1544918445526397e+08
 -3.8590998043052835e-14  4.0462743146672654e+08
 -3.8434442270058707e-14  3.7132503710278457e+08
 -3.8277886497064580e-14  3.7227361238704228e+08
 -3.8121330724070452e-14  4.0658625059650522e+08
 -3.7964774951076319e-14  4.1719605848959458e+08
 -3.7808219178082191e-14  3.8696819087645334e+08
 -3.7651663405088064e-14  3.6763154455445933e+08
 -3.7495107632093930e-14  3.9268605757071728e+08
 -3.7338551859099803e-14  4.2090255978348547e+08
 -3.7181996086105676e-14  4.0569654114613771e+08
 -3.7025440313111548e-14  3.7365822585997492e+08
 -3.6868884540117414e-14  3.7987178968774456e+08
 -3.6712328767123287e-14  4.1509480190437490e+08
 -3.6555772994129160e-14  4.2118991848314941e+08
 -3.6399217221135026e-14  3.8904857415405190e+08
 -3.6242661448140899e-14  3.7408789080163056e+08
 -3.6086105675146771e-14  4.0296130673037642e+08
 -3.5929549902152644e-14  4.2850946626710510e+08
 -3.5772994129158510e-14  4.0908368990345335e+08
 -3.5616438356164383e-14  3.7883377063587445e+08
 -3.5459882583170255e-14  3.9035462793737072e+08
 -3.5303326810176122e-14  4.2600349278897178e+08
 -3.5146771037181994e-14  4.2740341555494142e+08
 -3.4990215264187867e-14  3.9380457444139856e+08
 -3.4833659491193740e-14  3.8359134153305727e+08
 -3.4677103718199612e-14  4.1598654742751372e+08
 -3.4520547945205479e-14  4.3842461724104178e+08
 -3.4363992172211351e-14  4.1496257147402751e+08
 -3.4207436399217224e-14  3.8704816916714221e+08
 -3.4050880626223090e-14  4.0392020831975293e+08
 -3.3894324853228963e-14  4.3949935105702549e+08
 -3.3737769080234835e-14  4.3603140468476337e+08
 -3.3581213307240708e-14  4.0146058881940931e+08
 -3.3424657534246574e-14  3.9638361696469343e+08
 -3.3268101761252447e-14  4.3199237366426080e+08
 -3.3111545988258320e-14  4.5087029521101266e+08
 -3.2954990215264186e-14  4.2357973374489343e+08
 -3.2798434442270058e-14  3.9858175153740537e+08
 -3.2641878669275931e-14  4.2085093424902934e+08
 -3.2485322896281804e-14  4.5584493947608918e+08
 -3.2328767123287670e-14  4.4734326562218225e+08
 -3.2172211350293543e-14  4.1232681383185762e+08
 -3.2015655577299415e-14  4.1279973903718483e+08
 -3.1859099804305282e-14  4.5129633539232409e+08
 -3.1702544031311154e-14  4.6614873265688068e+08
 -3.1545988258317027e-14  4.3526890080142665e+08
 -3.1389432485322899e-14  4.1381487693513495e+08
 -3.1232876712328766e-14  4.4152936234107602e+08
 -3.1076320939334638e-14  4.7539306803190887e+08
 -3.0919765166340511e-14  4.6169867813463390e+08
 -3.0763209393346377e-14  4.2681775988019097e+08
 -3.0606653620352250e-14  4.3328758399844623e+08
 -3.0450097847358122e-14  4.7432111279891694e+08
 -3.0293542074363995e-14  4.8465988768568361e+08
 -3.0136986301369861e-14  4.5047136703460562e+08
 -2.9980430528375734e-14  4.3325104207658154e+08
 -2.9823874755381607e-14  4.6646084517650938e+08
 -2.9667318982387473e-14  4.9860775278904575e+08
 -2.9510763209393346e-14  4.7956993800696635e+08
 -2.9354207436399218e-14  4.4547839640468615e+08
 -2.9197651663405091e-14  4.5843552340647060e+08
 -2.9041095890410957e-14  5.0162020145372671e+08
 -2.8884540117416830e-14  5.0692651237927115e+08
 -2.8727984344422702e-14  4.6976471838533348e+08
 -2.8571428571428569e-14  4.5754940025356346e+08
 -2.8414872798434441e-14  4.9630535295692140e+08
 -2.8258317025440314e-14  5.2609365118691564e+08
 -2.8101761252446183e-14  5.0157333979200608e+08
 -2.7945205479452053e-14  4.6902092948845458e+08
 -2.7788649706457925e-14  4.8901121433898687e+08
 -2.7632093933463798e-14  5.3391386535497385e+08
 -2.7475538160469668e-14  5.3362929500713629e+08
 -2.7318982387475537e-14  4.9390323070997494e+08
 -2.7162426614481410e-14  4.8757048147555262e+08
 -2.7005870841487282e-14  5.3192207885674363e+08
 -2.6849315068493152e-14  5.5863730713180864e+08
 -2.6692759295499021e-14  5.2851334537536246e+08
 -2.6536203522504894e-14  4.9837666925462830e+08
 -2.6379647749510763e-14  5.2601618022926223e+08
 -2.6223091976516633e-14  5.7213963277561927e+08
 -2.6066536203522505e-14  5.6565640650949144e+08
 -2.5909980430528378e-14  5.2387507889864695e+08
 -2.5753424657534247e-14  5.2444085461556536e+08
 -2.5596868884540117e-14  5.7443231193489528e+08
 -2.5440313111545990e-14  5.9726538134892654e+08
 -2.5283757338551859e-14  5.6144536402885759e+08
 -2.5127201565557732e-14  5.3476986434568524e+08
 -2.4970645792563601e-14  5.7076320669908583e+08
 -2.4814090019569471e-14  6.1752378202773666e+08
 -2.4657534246575343e-14  6.0417411941289675e+08
 -2.4500978473581213e-14  5.6098436777287745e+08
 -2.4344422700587085e-14  5.6964560970702374e+08
 -2.4187866927592955e-14  6.2530892379830396e+08
 -2.4031311154598827e-14  6.4332776236975038e+08
 -2.3874755381604697e-14  6.0176625430438066e+08
 -2.3718199608610569e-14  5.7982440187728190e+08
 -2.3561643835616439e-14  6.2498759964077353e+08
 -2.3405088062622308e-14  6.7168374891661310e+08
 -2.3248532289628181e-14  6.5072869220382798e+08
 -2.3091976516634050e-14  6.0697049330067635e+08
 -2.2935420743639923e-14  6.2516293915285277e+08
 -2.2778864970645793e-14  6.8650613049571836e+08
 -2.2622309197651665e-14  6.9861810782306802e+08
 -2.2465753424657535e-14  6.5134615344897962e+08
 -2.2309197651663404e-14  6.3571960631738424e+08
 -2.2152641878669277e-14  6.9101026256195664e+08
 -2.1996086105675146e-14  7.3677973414500868e+08
 -2.1839530332681019e-14  7.0739778011343467e+08
 -2.1682974559686888e-14  6.6418264920158303e+08
 -2.1526418786692761e-14  6.9365818252161694e+08
 -2.1369863013698630e-14  7.6065012206918836e+08
 -2.1213307240704500e-14  7.6556072251263976e+08
 -2.1056751467710372e-14  7.1273495847475708e+08
 -2.0900195694716242e-14  7.0541785724216866e+08
 -2.0743639921722114e-14  7.7195861859558356e+08
 -2.0587084148727984e-14  8.1572804006841683e+08
 -2.0430528375733857e-14  7.7704277182428110e+08
 -2.0273972602739726e-14  7.3588807040736985e+08
 -2.0117416829745599e-14  7.7877623194710696e+08
 -1.9960861056751468e-14  8.5124792205088806e+08
 -1.9804305283757338e-14  8.4741315098317909e+08
 -1.9647749510763210e-14  7.8952358048775482e+08
 -1.9491193737769080e-14  7.9318486780239248e+08
 -1.9334637964774952e-14  8.7218901326049137e+08
 -1.9178082191780822e-14  9.1231799607668889e+08
 -1.9021526418786694e-14  8.6334268851605439e+08
 -1.8864970645792564e-14  8.2673794879165816e+08
 -1.8708414872798436e-14  8.8616440561726117e+08
 -1.8551859099804306e-14  9.6359578668646979e+08
 -1.8395303326810175e-14  9.4824246954428017e+08
 -1.8238747553816048e-14  8.8565594125009882e+08
 -1.8082191780821917e-14  9.0478009996746230e+08
 -1.7925636007827790e-14  9.9944479740410209e+08
 -1.7769080234833660e-14  1.0339731768618636e+09
 -1.7612524461839532e-14  9.7109871074360180e+08
 -1.7455968688845402e-14  9.3979217359390354e+08
 -1.7299412915851271e-14  1.0212856197930514e+09
 -1.7142857142857144e-14  1.1086478131649563e+09
 -1.6986301369863013e-14  1.0814794662099204e+09
 -1.6829745596868886e-14  1.0089748039269615e+09
 -1.6673189823874755e-14  1.0388072977808274e+09
 -1.6516634050880628e-14  1.1523474537208686e+09
 -1.6360078277886497e-14  1.1945453288828175e+09
 -1.6203522504892367e-14  1.1294642436143146e+09
 -1.6046966731898239e-14  1.0951917882848661e+09
 -1.5890410958904109e-14  1.1718956896218436e+09
 -1.5733855185909982e-14  1.2579278651592286e+09
 -1.5577299412915851e-14  1.2539259418309553e+09
 -1.5420743639921724e-14  1.2244259137732513e+09
 -1.5264187866927593e-14  1.2606300631031425e+09
 -1.5107632093933466e-14  1.3090530512976582e+09
 -1.4951076320939335e-14  1.2922232998914635e+09
 -1.4794520547945205e-14  1.2954323036582568e+09
 -1.4637964774951077e-14  1.4256425319766414e+09
 -1.4481409001956947e-14  1.5481901460786824e+09
 -1.4324853228962819e-14  1.4379313706408923e+09
 -1.4168297455968689e-14  1.2163874815380294e+09
 -1.4011741682974561e-14  1.3088742630006464e+09
 -1.3855185909980431e-14  1.7862993745244796e+09
 -1.3698630136986304e-14  2.0656991025911586e+09
 -1.3542074363992173e-14  1.6532232190839438e+09
 -1.3385518590998042e-14  1.0233401407140632e+09
 -1.3228962818003915e-14  1.2016154413681302e+09
 -1.3072407045009785e-14  2.3119813638712683e+09
 -1.2915851272015657e-14  3.0795022424742432e+09
 -1.2759295499021527e-14  2.3415933661050410e+09
 -1.2602739726027399e-14  8.5054138906480825e+08
 -1.2446183953033269e-14  7.6659998308637190e+08
 -1.2289628180039138e-14  2.9279671683731813e+09
 -1.2133072407045011e-14  5.2083399337947083e+09
 -1.1976516634050880e-14  4.6549135993007288e+09
 -1.1819960861056753e-14  1.5320285543765082e+09
 -1.1663405088062622e-14  9.2111518014874607e+07
 -1.1506849315068495e-14  3.8312222590128632e+09
 -1.1350293542074368e-14  1.0140545080229570e+10
 -1.1193737769080234e-14  1.1962732201688400e+10
 -1.1037181996086107e-14  6.6675449568273430e+09
 -1.0880626223091979e-14  1.7397125361519921e+09
 -1.0724070450097845e-14  7.5714200052882042e+09
 -1.0567514677103718e-14  2.3238627784486885e+10
 -1.0410958904109591e-14  3.3982262021837559e+10
 -1.0254403131115463e-14  2.8554003881114033e+10
 -1.0097847358121330e-14  1.7624912568255539e+10
 -9.9412915851272022e-15  2.5999050509228310e+10
 -9.7847358121330748e-15  6.1135023875805817e+10
 -9.6281800391389412e-15  9.6961499917239670e+10
 -9.4716242661448138e-15  1.0228567001741895e+11
 -9.3150684931506864e-15  8.6187446717172440e+10
 -9.1585127201565590e-15  9.8563833408163010e+10
 -9.0019569471624253e-15  1.7094601327978903e+11
 -8.8454011741682979e-15  2.6641534970681195e+11
 -8.6888454011741706e-15  3.1498830709044000e+11
 -8.5322896281800369e-15  3.0813177254429749e+11
 -8.3757338551859095e-15  3.3177589899232288e+11
 -8.2191780821917821e-15  4.7216100036834491e+11
 -8.0626223091976547e-15  6.9534370041046863e+11
 -7.9060665362035210e-15  8.6762845918242517e+11
 -7.7495107632093937e-15  9.2592793664204443e+11
 -7.5929549902152663e-15  9.9229285119901855e+11
 -7.4363992172211389e-15  1.2520412578239854e+12
 -7.2798434442270052e-15  1.7084869066742307e+12
 -7.1232876712328778e-15  2.1358709556382339e+12
 -6.9667318982387504e-15  2.3511856139950610e+12
 -6.8101761252446168e-15  2.4979337975903120e+12
 -6.6536203522504894e-15  2.9393198629736987e+12
 -6.4970645792563620e-15  3.8175809306527891e+12
 -6.3405088062622346e-15  4.8267853838450488e+12
 -6.1839530332681009e-15  5.5677210973951260e+12
 -6.0273972602739735e-15  6.1004176267237480e+12
 -5.8708414872798462e-15  6.9351611860949854e+12
 -5.7142857142857125e-15  8.3438850166104873e+12
 -5.5577299412915851e-15  9.8443435400607988e+12
 -5.4011741682974577e-15  1.0673759338639678e+13
 -5.2446183953033303e-15  1.0832460573373938e+13
 -5.0880626223091966e-15  1.1350755620185879e+13
 -4.9315068493150693e-15  1.3232989335629977e+13
 -4.7749510763209419e-15  1.6294915019957418e+13
 -4.6183953033268082e-15  1.9486721247100051e+13
 -4.4618395303326808e-15  2.2425049347534887e+13
 -4.3052837573385534e-15  2.5990014276888957e+13
 -4.1487279843444261e-15  3.0765556553866395e+13
 -3.9921722113502924e-15  3.5150580638420156e+13
 -3.8356164383561650e-15  3.6134924194279906e+13
 -3.6790606653620376e-15  3.2722335927048562e+13
 -3.5225048923679039e-15  2.8042419321736469e+13
 -3.3659491193737765e-15  2.6827773661791000e+13
 -3.2093933463796492e-15  3.0495376774004617e+13
 -3.0528375733855218e-15  3.5931234758105516e+13
 -2.8962818003913881e-15  4.0324683615372469e+13
 -2.7397260273972607e-15  4.6399512425669031e+13
 -2.5831702544031333e-15  6.0307460803422383e+13
 -2.4266144814089996e-15  8.2698083871281781e+13
 -2.2700587084148723e-15  1.0328421203405100e+14
 -2.1135029354207449e-15  1.0762302620261322e+14
 -1.9569471624266175e-15  9.1252727778495594e+13
 -1.8003913894324838e-15  6.5896169224287672e+13
 -1.6438356164383564e-15  4.9177061085722117e+13
 -1.4872798434442290e-15  4.7728221728064945e+13
 -1.3307240704501017e-15  5.2563662973290383e+13
 -1.1741682974559680e-15  5.2741960388552609e+13
 -1.0176125244618406e-15  5.1757356272173906e+13
 -8.6105675146771321e-16  6.6201128252111734e+13
 -7.0450097847357952e-16  1.0580655478959661e+14
 -5.4794520547945214e-16  1.5677395068693484e+14
 -3.9138943248532476e-16  1.8914210268760553e+14
 -2.3483365949119738e-16  1.8316494309871306e+14
 -7.8277886497063690e-17  1.4760174205203231e+14
  7.8277886497063690e-17  1.1029303245230578e+14
  2.3483365949119107e-16  9.1108706194344297e+13
  3.9138943248532476e-16  8.6267166574172078e+13
  5.4794520547945214e-16  7.9784492419294281e+13
  7.0450097847357952e-16  6.7359434059843055e+13
  8.6105675146770690e-16  6.4608186274807172e+13
  1.0176125244618406e-15  8.9886986058443094e+13
  1.1741682974559680e-15  1.4085993513260738e+14
  1.3307240704500954e-15  1.9113850836700506e+14
  1.4872798434442290e-15  2.1149933291884153e+14
  1.6438356164383564e-15  1.9416094822819638e+14
  1.8003913894324838e-15  1.5641189260890778e+14
  1.9569471624266112e-15  1.2226881045009158e+14
  2.1135029354207449e-15  1.0248567281830544e+14
  2.2700587084148723e-15  9.1924832088726562e+13
  2.4266144814089996e-15  8.3030306455528500e+13
  2.5831702544031270e-15  7.8036227978442844e+13
  2.7397260273972607e-15  8.6520541646482891e+13
  2.8962818003913881e-15  1.1221029124452875e+14
  3.0528375733855155e-15  1.4417633502217394e+14
  3.2093933463796492e-15  1.6220648837331666e+14
  3.3659491193737765e-15  1.5168099971037575e+14
  3.5225048923679039e-15  1.1477511965713870e+14
  3.6790606653620313e-15  6.9110731227758227e+13
  3.8356164383561650e-15  3.5987211941664203e+13
  3.9921722113502924e-15  2.7554020500627316e+13
  4.1487279843444197e-15  4.1152581433965672e+13
  4.3052837573385534e-15  6.2840738028143203e+13
  4.4618395303326808e-15  7.6513370646784094e+13
  4.6183953033268082e-15  7.2913448899359312e+13
  4.7749510763209356e-15  5.3830863245351031e+13
  4.9315068493150693e-15  2.9664006652477324e+13
  5.0880626223091966e-15  1.2192231863369881e+13
  5.2446183953033240e-15  7.2769954747860771e+12
  5.4011741682974577e-15  1.2238339341943129e+13
  5.5577299412915851e-15  1.9261224813318449e+13
  5.7142857142857125e-15  2.1691428272807230e+13
  5.8708414872798399e-15  1.8193143750570789e+13
  6.0273972602739735e-15  1.2068034421741734e+13
  6.1839530332681009e-15  7.3334957258231562e+12
  6.3405088062622283e-15  5.4665480861340342e+12
  6.4970645792563620e-15  5.2595446031720098e+12
  6.6536203522504894e-15  4.9458882250811562e+12
  6.8101761252446168e-15  3.9948624726200664e+12
  6.9667318982387441e-15  3.0495856349000962e+12
  7.1232876712328778e-15  2.7069663077243193e+12
  7.2798434442270052e-15  2.7669872926596914e+12
  7.4363992172211326e-15  2.6140935626846045e+12
  7.5929549902152663e-15  2.0042431027390645e+12
  7.7495107632093937e-15  1.2757011774767124e+12
  7.9060665362035210e-15  8.7146857277028699e+11
  8.0626223091976484e-15  8.4653038084470300e+11
  8.2191780821917821e-15  8.9901398522353723e+11
  8.3757338551859095e-15  7.7122310639642078e+11
  8.5322896281800369e-15  5.0230066885586810e+11
  8.6888454011741642e-15  2.9969276991494116e+11
  8.8454011741682979e-15  2.6529753268628476e+11
  9.0019569471624253e-15  3.0896994815245660e+11
  9.1585127201565527e-15  2.9373993418026324e+11
  9.3150684931506864e-15  1.9449650300179565e+11
  9.4716242661448138e-15  9.4185008790500198e+10
  9.6281800391389412e-15  6.4024700486248131e+10
  9.7847358121330685e-15  8.8038416042471375e+10
  9.9412915851272022e-15  1.0205726482420251e+11
  1.0097847358121330e-14  7.4777040767490433e+10
  1.0254403131115457e-14  3.1926769184938545e+10
  1.0410958904109591e-14  1.2347422820808214e+10
  1.0567514677103718e-14  2.1616246811592724e+10
  1.0724070450097845e-14  3.4304945741969719e+10
  1.0880626223091973e-14  2.9621705246156620e+10
  1.1037181996086107e-14  1.2662780473203854e+10
  1.1193737769080234e-14  1.6592033012281511e+09
  1.1350293542074361e-14  4.1419837942359786e+09
  1.1506849315068495e-14  1.1315847007201183e+10
  1.1663405088062622e-14  1.2115790504784353e+10
  1.1819960861056750e-14  6.0321085231454391e+09
  1.1976516634050877e-14  6.4988957223161638e+08
  1.2133072407045011e-14  8.2487431097723353e+08
  1.2289628180039138e-14  4.0142414496399665e+09
  1.2446183953033266e-14  5.2732861463529348e+09
  1.2602739726027393e-14  3.4415709248931975e+09
  1.2759295499021527e-14  1.1913173539466655e+09
  1.2915851272015654e-14  8.2290997524758708e+08
  1.3072407045009781e-14  1.8933995442064524e+09
  1.3228962818003915e-14  2.6541469391627874e+09
  1.3385518590998042e-14  2.3412691903849764e+09
  1.3542074363992170e-14  1.5573019592570963e+09
  1.3698630136986297e-14  1.1435884359073100e+09
  1.3855185909980431e-14  1.3107065597241616e+09
  1.4011741682974558e-14  1.6896789047909935e+09
  1.4168297455968686e-14  1.8225622254831669e+09
  1.4324853228962819e-14  1.5726577144228947e+09
  1.4481409001956947e-14  1.2162583611417964e+09
  1.4637964774951074e-14  1.1321485553729076e+09
  1.4794520547945201e-14  1.3534703189825604e+09
  1.4951076320939335e-14  1.5282038283460767e+09
  1.5107632093933463e-14  1.3933393386976912e+09
  1.5264187866927590e-14  1.1278113212332778e+09
  1.5420743639921724e-14  1.0728135220607533e+09
  1.5577299412915851e-14  1.2351671431830769e+09
  1.5733855185909978e-14  1.3131929114561872e+09
  1.5890410958904106e-14  1.1728274455007937e+09
  1.6046966731898239e-14  1.0240639412118629e+09
  1.6203522504892367e-14  1.0590251401715851e+09
  1.6360078277886494e-14  1.1605139889331610e+09
  1.6516634050880628e-14  1.1250572617959657e+09
  1.6673189823874755e-14  9.9601236603791344e+08
  1.6829745596868883e-14  9.6590082473408866e+08
  1.6986301369863010e-14  1.0464047210111586e+09
  1.7142857142857137e-14  1.0637741884308208e+09
  1.7299412915851265e-14  9.6220244502394795e+08
  1.7455968688845405e-14  8.9145710933886003e+08
  1.7612524461839532e-14  9.4480345881148314e+08
  1.7769080234833660e-14  1.0031124232665914e+09
  1.7925636007827787e-14  9.4242690528708744e+08
  1.8082191780821914e-14  8.4318567303890622e+08
  1.8238747553816042e-14  8.4973624918405139e+08
  1.8395303326810169e-14  9.2636815452993631e+08
  1.8551859099804309e-14  9.2159524779690278e+08
  1.8708414872798436e-14  8.2439468266451335e+08
  1.8864970645792564e-14  7.7881057945823228e+08
  1.9021526418786691e-14  8.3944148565379345e+08
  1.9178082191780819e-14  8.8302151934151697e+08
  1.9334637964774946e-14  8.1886383826935506e+08
  1.9491193737769073e-14  7.3883313411593115e+08
  1.9647749510763213e-14  7.5894396766721797e+08
  1.9804305283757341e-14  8.2549745635728216e+08
  1.9960861056751468e-14  8.0953535093022263e+08
  2.0117416829745596e-14  7.2379296380123198e+08
  2.0273972602739723e-14  6.9731914591564035e+08
  2.0430528375733850e-14  7.5711129966668057e+08
  2.0587084148727978e-14  7.8602166584034884e+08
  2.0743639921722118e-14  7.2202532273075581e+08
  2.0900195694716245e-14  6.6007586089229953e+08
  2.1056751467710372e-14  6.8952615296140397e+08
  2.1213307240704500e-14  7.4527897425359464e+08
  2.1369863013698627e-14  7.2039641351664495e+08
  2.1526418786692755e-14  6.4552214198462915e+08
  2.1682974559686882e-14  6.3424344990176964e+08
  2.1839530332681022e-14  6.9151789189802110e+08
  2.1996086105675149e-14  7.0809236949287605e+08
  2.2152641878669277e-14  6.4556789365020835e+08
  2.2309197651663404e-14  5.9874614289161670e+08
  2.2465753424657531e-14  6.3425194083708262e+08
  2.2622309197651659e-14  6.8000675005912387e+08
  2.2778864970645786e-14  6.4873850618685746e+08
  2.2935420743639926e-14  5.8398478073717964e+08
  2.3091976516634054e-14  5.8445045964377153e+08
  2.3248532289628181e-14  6.3799599079150128e+08
  2.3405088062622308e-14  6.4434298910799789e+08
  2.3561643835616436e-14  5.8441416749654388e+08
  2.3718199608610563e-14  5.5043689407511199e+08
  2.3874755381604690e-14  5.8956538738475847e+08
  2.4031311154598830e-14  6.2606847612346339e+08
  2.4187866927592958e-14  5.9034842479731762e+08
  2.4344422700587085e-14  5.3506257878484267e+08
  2.4500978473581213e-14  5.4469601207335055e+08
  2.4657534246575340e-14  5.9378205316056526e+08
  2.4814090019569467e-14  5.9160011010870862e+08
  2.4970645792563595e-14  5.3501824489934224e+08
  2.5127201565557722e-14  5.1205221125733691e+08
  2.5283757338551862e-14  5.5305504955429864e+08
  2.5440313111545990e-14  5.8105343906009126e+08
  2.5596868884540117e-14  5.4236838172379351e+08
  2.5753424657534244e-14  4.9592117328528184e+08
  2.5909980430528372e-14  5.1272084200771976e+08
  2.6066536203522499e-14  5.5692853517685103e+08
  2.6223091976516626e-14  5.4763100651084912e+08
  2.6379647749510766e-14  4.9490932649488616e+08
  2.6536203522504894e-14  4.8144180606077248e+08
  2.6692759295499021e-14  5.2301767683394390e+08
  2.6849315068493149e-14  5.4322284901004398e+08
  2.7005870841487276e-14  5.0274874119836193e+08
  2.7162426614481403e-14  4.6455537138273340e+08
  2.7318982387475531e-14  4.8692790488036597e+08
  2.7475538160469671e-14  5.2602755185915059e+08
  2.7632093933463798e-14  5.1080451100610507e+08
  2.7788649706457925e-14  4.6230091267594212e+08
  2.7945205479452053e-14  4.5706578979045951e+08
  2.8101761252446180e-14  4.9822182028115231e+08
  2.8258317025440308e-14  5.1129541262533033e+08
  2.8414872798434435e-14  4.6998235112808764e+08
  2.8571428571428575e-14  4.3950671273234946e+08
  2.8727984344422702e-14  4.6615709814497066e+08
  2.8884540117416830e-14  5.0003859253399903e+08
  2.9041095890410957e-14  4.7990618121848798e+08
  2.9197651663405085e-14  4.3587445667812812e+08
  2.9354207436399212e-14  4.3779605805977803e+08
  2.9510763209393339e-14  4.7775737561474228e+08
  2.9667318982387479e-14  4.8431013889898032e+08
  2.9823874755381607e-14  4.4294243145129102e+08
  2.9980430528375734e-14  4.1969521258134222e+08
  3.0136986301369861e-14  4.4954987034903342e+08
  3.0293542074363989e-14  4.7818015857965750e+08
  3.0450097847358116e-14  4.5401926365780741e+08
  3.0606653620352244e-14  4.1464272234325790e+08
  3.0763209393346384e-14  4.2279352551925367e+08
  3.0919765166340511e-14  4.6094225000426036e+08
  3.1076320939334638e-14  4.6153815299549836e+08
  3.1232876712328766e-14  4.2077725848996329e+08
  3.1389432485322893e-14  4.0431155207192653e+08
  3.1545988258317020e-14  4.3646341330309886e+08
  3.1702544031311148e-14  4.5985998812682629e+08
  3.1859099804305288e-14  4.3244636768191916e+08
  3.2015655577299415e-14  3.9786020621950448e+08
  3.2172211350293543e-14  4.1142853829115033e+08
  3.2328767123287670e-14  4.4726167555794066e+08
  3.2485322896281797e-14  4.4242406532745498e+08
  3.2641878669275925e-14  4.0283982774950254e+08
  3.2798434442270052e-14  3.9274580862595683e+08
  3.2954990215264192e-14  4.2641424962782580e+08
  3.3111545988258320e-14  4.4462845400823826e+08
  3.3268101761252447e-14  4.1465639332874537e+08
  3.3424657534246574e-14  3.8496282282540673e+08
  3.3581213307240702e-14  4.0322781427410001e+08
  3.3737769080234829e-14  4.3632758220383072e+08
  3.3894324853228956e-14  4.2654596560144055e+08
  3.4050880626223096e-14  3.8863977007137382e+08
  3.4207436399217224e-14  3.8453920660269386e+08
  3.4363992172211351e-14  4.1904022104763818e+08
  3.4520547945205479e-14  4.3214673291178191e+08
  3.4677103718199606e-14  4.0024788159515119e+08
  3.4833659491193733e-14  3.7552650526135570e+08
  3.4990215264187861e-14  3.9783833289867997e+08
  3.5146771037182001e-14  4.2785085542419469e+08
  3.5303326810176128e-14  4.1358770366971487e+08
  3.5459882583170255e-14  3.7781002823206276e+08
  3.5616438356164383e-14  3.7935096832812560e+08
  3.5772994129158510e-14  4.1407448645889413e+08
  3.5929549902152638e-14  4.2216480192074895e+08
  3.6086105675146765e-14  3.8892348480986208e+08
  3.6242661448140892e-14  3.6923854576499146e+08
  3.6399217221135032e-14  3.9500255373618108e+08
  3.6555772994129160e-14  4.2162227729742640e+08
  3.6712328767123287e-14  4.0331961445617551e+08
  3.6868884540117414e-14  3.7008366871255618e+08
  3.7025440313111542e-14  3.7693544542970765e+08
  3.7181996086105669e-14  4.1132772536804837e+08
  3.7338551859099797e-14  4.1450630371422923e+08
  3.7495107632093937e-14  3.8047225777681851e+08
  3.7651663405088064e-14  3.6587778122630435e+08
  3.7808219178082191e-14  3.9454145843530422e+08
  3.7964774951076319e-14  4.1749958873791379e+08
  3.8121330724070446e-14  3.9558535148225898e+08
  3.8277886497064574e-14  3.6527796415696579e+08
  3.8434442270058701e-14  3.7712651322930741e+08
  3.8590998043052841e-14  4.1067616789708352e+08
  3.8747553816046968e-14  4.0905845668448937e+08
  3.8904109589041096e-14  3.7475775709875137e+08
  3.9060665362035223e-14  3.6530124002533227e+08
  3.9217221135029350e-14  3.9634324977236086e+08
  3.9373776908023478e-14  4.1539906361863142e+08
  3.9530332681017605e-14  3.9029335480223930e+08
  3.9686888454011745e-14  3.6328396859813219e+08
  3.9843444227005873e-14  3.7982737888368076e+08
  4.0000000000000000e-14  4.1205398331559205e+08
