#FileSignature: 0
#legend: No Name
#sim_duration: 0.013039
#title_str: z = 
#tlabel: z
#tscale: 0.007058
#tscale_str: $L_{NL}$
#tunit_str: m
#xcordID: T
#xlabel: t
#xscale: 0.000000
#xscale_str: $t_{p}$
#xunit_str: s
#ycordID: I
#ylabel: I
#yscale: 550000000000000.000000
#yscale_str: $I_{0}$
#yunit_str: W/m$^{2}$
 -4.0000000000000000e-14  9.0318334159386730e+09
 -3.9843444227005873e-14  8.9104483792479839e+09
 -3.9686888454011739e-14  8.6966622709710312e+09
 -3.9530332681017612e-14  8.7278135281768532e+09
 -3.9373776908023484e-14  8.9291968640804539e+09
 -3.9217221135029357e-14  8.9409454776515713e+09
 -3.9060665362035223e-14  8.7245292500407906e+09
 -3.8904109589041096e-14  8.6268126492449532e+09
 -3.8747553816046968e-14  8.7952011996483269e+09
 -3.8590998043052835e-14  8.9298932727740231e+09
 -3.8434442270058707e-14  8.7895719429781666e+09
 -3.8277886497064580e-14  8.5976388251436501e+09
 -3.8121330724070452e-14  8.6652043790489330e+09
 -3.7964774951076319e-14  8.8669999839539146e+09
 -3.7808219178082191e-14  8.8529730775929642e+09
 -3.7651663405088064e-14  8.6381826023170433e+09
 -3.7495107632093930e-14  8.5770256590267982e+09
 -3.7338551859099803e-14  8.7658913961326847e+09
 -3.7181996086105676e-14  8.8809762545075874e+09
 -3.7025440313111548e-14  8.7241166418163071e+09
 -3.6868884540117414e-14  8.5566261393937244e+09
 -3.6712328767123287e-14  8.6587968491775742e+09
 -3.6555772994129160e-14  8.8575404061623802e+09
 -3.6399217221135026e-14  8.8181197091749954e+09
 -3.6242661448140899e-14  8.6083206683748455e+09
 -3.6086105675146771e-14  8.5843000218591166e+09
 -3.5929549902152644e-14  8.7903259825051384e+09
 -3.5772994129158510e-14  8.8839718255664673e+09
 -3.5616438356164383e-14  8.7131591088364887e+09
 -3.5459882583170255e-14  8.5727457209116774e+09
 -3.5303326810176122e-14  8.7077924597706795e+09
 -3.5146771037181994e-14  8.9002483489299755e+09
 -3.4990215264187867e-14  8.8360721421938877e+09
 -3.4833659491193740e-14  8.6347559185327587e+09
 -3.4677103718199612e-14  8.6484910003372478e+09
 -3.4520547945205479e-14  8.8684932340887489e+09
 -3.4363992172211351e-14  8.9391209220499554e+09
 -3.4207436399217224e-14  8.7571577269845676e+09
 -3.4050880626223090e-14  8.6465406661796398e+09
 -3.3894324853228963e-14  8.8127949409803944e+09
 -3.3737769080234835e-14  8.9959099632395878e+09
 -3.3581213307240708e-14  8.9078787815620346e+09
 -3.3424657534246574e-14  8.7187132154420319e+09
 -3.3268101761252447e-14  8.7708810716978951e+09
 -3.3111545988258320e-14  9.0017684426765175e+09
 -3.2954990215264186e-14  9.0480312726494217e+09
 -3.2798434442270058e-14  8.8579807026644688e+09
 -3.2641878669275931e-14  8.7800087680157146e+09
 -3.2485322896281804e-14  8.9758460683151321e+09
 -3.2328767123287670e-14  9.1467127122165756e+09
 -3.2172211350293543e-14  9.0360099429781914e+09
 -3.2015655577299415e-14  8.8629005142564335e+09
 -3.1859099804305282e-14  8.9542537821126690e+09
 -3.1702544031311154e-14  9.1929924406571693e+09
 -3.1545988258317027e-14  9.2137687989951916e+09
 -3.1389432485322899e-14  9.0190124517265625e+09
 -3.1232876712328766e-14  8.9767165139765244e+09
 -3.1076320939334638e-14  9.2005421936422482e+09
 -3.0919765166340511e-14  9.3563702119833660e+09
 -3.0763209393346377e-14  9.2244989766610889e+09
 -3.0606653620352250e-14  9.0716637845771484e+09
 -3.0450097847358122e-14  9.2030533241118298e+09
 -3.0293542074363995e-14  9.4466349952722263e+09
 -3.0136986301369861e-14  9.4410344874278507e+09
 -2.9980430528375734e-14  9.2453491316528778e+09
 -2.9823874755381607e-14  9.2420055171780910e+09
 -2.9667318982387473e-14  9.4922433869999561e+09
 -2.9510763209393346e-14  9.6303395495817089e+09
 -2.9354207436399218e-14  9.4791791158725414e+09
 -2.9197651663405091e-14  9.3512424659808502e+09
 -2.9041095890410957e-14  9.5236465709619102e+09
 -2.8884540117416830e-14  9.7690603038500652e+09
 -2.8727984344422702e-14  9.7364457094397144e+09
 -2.8571428571428569e-14  9.5441045949060841e+09
 -2.8414872798434441e-14  9.5833138251582355e+09
 -2.8258317025440314e-14  9.8583976541189499e+09
 -2.8101761252446183e-14  9.9761542866542263e+09
 -2.7945205479452053e-14  9.8080416920368366e+09
 -2.7788649706457925e-14  9.7101536727806435e+09
 -2.7632093933463798e-14  9.9247167266511536e+09
 -2.7475538160469668e-14  1.0168923829514177e+10
 -2.7318982387475537e-14  1.0108952592199329e+10
 -2.7162426614481410e-14  9.9248601628031788e+09
 -2.7005870841487282e-14  1.0010647715202181e+10
 -2.6849315068493152e-14  1.0309016599664389e+10
 -2.6692759295499021e-14  1.0403910564290466e+10
 -2.6536203522504894e-14  1.0221755850556469e+10
 -2.6379647749510763e-14  1.0159748278239828e+10
 -2.6223091976516633e-14  1.0417833119923889e+10
 -2.6066536203522505e-14  1.0657745798137695e+10
 -2.5909980430528378e-14  1.0570437351140732e+10
 -2.5753424657534247e-14  1.0400310168155390e+10
 -2.5596868884540117e-14  1.0537258549051624e+10
 -2.5440313111545990e-14  1.0857357764120792e+10
 -2.5283757338551859e-14  1.0926963342318853e+10
 -2.5127201565557732e-14  1.0734411565488129e+10
 -2.4970645792563601e-14  1.0715005496223322e+10
 -2.4814090019569471e-14  1.1018265453164635e+10
 -2.4657534246575343e-14  1.1250730351253988e+10
 -2.4500978473581213e-14  1.1136569774684961e+10
 -2.4344422700587085e-14  1.0987183618320702e+10
 -2.4187866927592955e-14  1.1180609862927870e+10
 -2.4031311154598827e-14  1.1520899719142443e+10
 -2.3874755381604697e-14  1.1562921039578213e+10
 -2.3718199608610569e-14  1.1364581514473249e+10
 -2.3561643835616439e-14  1.1395669951826883e+10
 -2.3405088062622308e-14  1.1746150507262281e+10
 -2.3248532289628181e-14  1.1967939970117065e+10
 -2.3091976516634050e-14  1.1828033994298115e+10
 -2.2935420743639923e-14  1.1707566592529989e+10
 -2.2778864970645793e-14  1.1963766905546448e+10
 -2.2622309197651665e-14  1.2322746890450403e+10
 -2.2465753424657535e-14  1.2335082921767748e+10
 -2.2309197651663404e-14  1.2136856361505142e+10
 -2.2152641878669277e-14  1.2227891178050690e+10
 -2.1996086105675146e-14  1.2628172308961456e+10
 -2.1839530332681019e-14  1.2835998109052900e+10
 -2.1682974559686888e-14  1.2672327751149147e+10
 -2.1526418786692761e-14  1.2590845502016611e+10
 -2.1369863013698630e-14  1.2917411227775341e+10
 -2.1213307240704500e-14  1.3293638557631931e+10
 -2.1056751467710372e-14  1.3274521612906368e+10
 -2.0900195694716242e-14  1.3084150537833426e+10
 -2.0743639921722114e-14  1.3246722733584379e+10
 -2.0587084148727984e-14  1.3700033128136141e+10
 -2.0430528375733857e-14  1.3890448699583836e+10
 -2.0273972602739726e-14  1.3706280511720278e+10
 -2.0117416829745599e-14  1.3676705929873236e+10
 -1.9960861056751468e-14  1.4083192758910303e+10
 -1.9804305283757338e-14  1.4475102966449455e+10
 -1.9647749510763210e-14  1.4422762722574787e+10
 -1.9491193737769080e-14  1.4250470284018284e+10
 -1.9334637964774952e-14  1.4499923409075296e+10
 -1.9178082191780822e-14  1.5011370209148872e+10
 -1.9021526418786694e-14  1.5180440067807266e+10
 -1.8864970645792564e-14  1.4979032431885870e+10
 -1.8708414872798436e-14  1.5017064124969572e+10
 -1.8551859099804306e-14  1.5517667051815786e+10
 -1.8395303326810175e-14  1.5927452673217422e+10
 -1.8238747553816048e-14  1.5840948283137203e+10
 -1.8082191780821917e-14  1.5695017882452019e+10
 -1.7925636007827790e-14  1.6045559466267361e+10
 -1.7769080234833660e-14  1.6625586382174017e+10
 -1.7612524461839532e-14  1.6781646166616535e+10
 -1.7455968688845402e-14  1.6574491155587023e+10
 -1.7299412915851271e-14  1.6687222520793150e+10
 -1.7142857142857144e-14  1.7277881783121822e+10
 -1.6986301369863013e-14  1.7709267067287540e+10
 -1.6829745596868886e-14  1.7624237049405838e+10
 -1.6673189823874755e-14  1.7549848087727619e+10
 -1.6516634050880628e-14  1.7996761451404861e+10
 -1.6360078277886497e-14  1.8585791654774529e+10
 -1.6203522504892367e-14  1.8708262925436703e+10
 -1.6046966731898239e-14  1.8594534704210804e+10
 -1.5890410958904109e-14  1.8920031104212540e+10
 -1.5733855185909982e-14  1.9590317233877670e+10
 -1.5577299412915851e-14  1.9850791400614799e+10
 -1.5420743639921724e-14  1.9640310472673790e+10
 -1.5264187866927593e-14  1.9835578609440014e+10
 -1.5107632093933466e-14  2.0766954965126316e+10
 -1.4951076320939335e-14  2.1450825683362442e+10
 -1.4794520547945205e-14  2.1082866519780312e+10
 -1.4637964774951077e-14  2.0556801879006203e+10
 -1.4481409001956947e-14  2.1331371595042854e+10
 -1.4324853228962819e-14  2.3065878915650364e+10
 -1.4168297455968689e-14  2.3753422107132607e+10
 -1.4011741682974561e-14  2.2582252030692364e+10
 -1.3855185909980431e-14  2.1459572973027149e+10
 -1.3698630136986304e-14  2.2671733545169930e+10
 -1.3542074363992173e-14  2.5604205493078011e+10
 -1.3385518590998042e-14  2.7066031551900200e+10
 -1.3228962818003915e-14  2.5214885797550011e+10
 -1.3072407045009785e-14  2.2351010436361416e+10
 -1.2915851272015657e-14  2.2816123560539059e+10
 -1.2759295499021527e-14  2.7730219545742165e+10
 -1.2602739726027399e-14  3.2466499732778461e+10
 -1.2446183953033269e-14  3.1001160374564007e+10
 -1.2289628180039138e-14  2.3885383632287762e+10
 -1.2133072407045011e-14  2.0209396465712067e+10
 -1.1976516634050880e-14  2.7924305443046059e+10
 -1.1819960861056753e-14  4.1478932612336571e+10
 -1.1663405088062622e-14  4.4356367437253586e+10
 -1.1506849315068495e-14  2.9536595028883373e+10
 -1.1350293542074368e-14  1.4260622268256578e+10
 -1.1193737769080234e-14  2.3711718929805618e+10
 -1.1037181996086107e-14  5.5893127251543617e+10
 -1.0880626223091979e-14  7.4348396166147202e+10
 -1.0724070450097845e-14  5.0664028595678764e+10
 -1.0567514677103718e-14  1.0384256988430531e+10
 -1.0410958904109591e-14  1.3883420822291203e+10
 -1.0254403131115463e-14  7.8463517131019363e+10
 -1.0097847358121330e-14  1.3868468969317126e+11
 -9.9412915851272022e-15  1.1661763136383913e+11
 -9.7847358121330748e-15  3.3074617812056145e+10
 -9.6281800391389412e-15  8.6331503172433758e+09
 -9.4716242661448138e-15  1.1910874690654872e+11
 -9.3150684931506864e-15  2.7275458482678790e+11
 -9.1585127201565590e-15  2.9449330399264801e+11
 -9.0019569471624253e-15  1.5585368434717194e+11
 -8.8454011741682979e-15  6.0261309114739250e+10
 -8.6888454011741706e-15  2.1896468836250885e+11
 -8.5322896281800369e-15  5.5230668394372156e+11
 -8.3757338551859095e-15  7.2502608263197998e+11
 -8.2191780821917821e-15  5.5849499997076489e+11
 -8.0626223091976547e-15  3.3307484838313489e+11
 -7.9060665362035210e-15  5.1702848434188086e+11
 -7.7495107632093937e-15  1.1540296610606021e+12
 -7.5929549902152663e-15  1.6932068775319429e+12
 -7.4363992172211389e-15  1.6215145654971895e+12
 -7.2798434442270052e-15  1.2055540847870898e+12
 -7.1232876712328778e-15  1.3140710802431069e+12
 -6.9667318982387504e-15  2.3427367030703711e+12
 -6.8101761252446168e-15  3.5495866311168315e+12
 -6.6536203522504894e-15  3.8478849536039385e+12
 -6.4970645792563620e-15  3.2815256951995864e+12
 -6.3405088062622346e-15  3.2494409048363164e+12
 -6.1839530332681009e-15  4.8636121801344902e+12
 -6.0273972602739735e-15  7.3245878571232559e+12
 -5.8708414872798462e-15  8.5973407876806895e+12
 -5.7142857142857125e-15  7.9342522874444131e+12
 -5.5577299412915851e-15  7.1110484482578066e+12
 -5.4011741682974577e-15  8.4117063280889580e+12
 -5.2446183953033303e-15  1.1560776133149240e+13
 -5.0880626223091966e-15  1.3698849017772594e+13
 -4.9315068493150693e-15  1.3021319054624410e+13
 -4.7749510763209419e-15  1.1695190450544635e+13
 -4.6183953033268082e-15  1.3840163031472314e+13
 -4.4618395303326808e-15  2.0402881930787922e+13
 -4.3052837573385534e-15  2.7316033869775633e+13
 -4.1487279843444261e-15  2.9889731065204305e+13
 -3.9921722113502924e-15  2.8420371348727102e+13
 -3.8356164383561650e-15  2.7751844755138090e+13
 -3.6790606653620376e-15  3.0830116413772953e+13
 -3.5225048923679039e-15  3.4416153728803203e+13
 -3.3659491193737765e-15  3.3074988986362461e+13
 -3.2093933463796492e-15  2.6926140751754062e+13
 -3.0528375733855218e-15  2.2968045829745676e+13
 -2.8962818003913881e-15  2.7396520429372926e+13
 -2.7397260273972607e-15  3.8270126057279594e+13
 -2.5831702544031333e-15  4.8260847855073094e+13
 -2.4266144814089996e-15  5.4348084757725828e+13
 -2.2700587084148723e-15  6.1513577941048352e+13
 -2.1135029354207449e-15  7.4621442660534359e+13
 -1.9569471624266175e-15  8.8716297161467469e+13
 -1.8003913894324838e-15  9.1739234255716156e+13
 -1.6438356164383564e-15  7.8454808788988391e+13
 -1.4872798434442290e-15  5.8750560456577141e+13
 -1.3307240704501017e-15  4.8580562537153977e+13
 -1.1741682974559680e-15  5.3081209801753922e+13
 -1.0176125244618406e-15  6.2205628516457789e+13
 -8.6105675146771321e-16  6.4591604727559133e+13
 -7.0450097847357952e-16  6.2579602937640875e+13
 -5.4794520547945214e-16  6.9299029713513344e+13
 -3.9138943248532476e-16  9.1010228629453531e+13
 -2.3483365949119738e-16  1.1675459822713866e+14
 -7.8277886497063690e-17  1.2870379901921041e+14
  7.8277886497063690e-17  1.2099237672588105e+14
  2.3483365949119107e-16  1.0453393650225650e+14
  3.9138943248532476e-16  9.3166572113216078e+13
  5.4794520547945214e-16  8.9438938727963938e+13
  7.0450097847357952e-16  8.7294028559335922e+13
  8.6105675146770690e-16  8.5943622084241031e+13
  1.0176125244618406e-15  9.4542335795436359e+13
  1.1741682974559680e-15  1.1987343911708712e+14
  1.3307240704500954e-15  1.5260378181003766e+14
  1.4872798434442290e-15  1.7129440003912450e+14
  1.6438356164383564e-15  1.6208116515047122e+14
  1.8003913894324838e-15  1.3227893597086014e+14
  1.9569471624266112e-15  1.0258747096775364e+14
  2.1135029354207449e-15  8.7146915177267141e+13
  2.2700587084148723e-15  8.3715871684950109e+13
  2.4266144814089996e-15  8.3037529331362984e+13
  2.5831702544031270e-15  8.3986009445523359e+13
  2.7397260273972607e-15  9.5829353538869188e+13
  2.8962818003913881e-15  1.2538295261579138e+14
  3.0528375733855155e-15  1.6442594358985706e+14
  3.2093933463796492e-15  1.9192583747394006e+14
  3.3659491193737765e-15  1.8935137653841044e+14
  3.5225048923679039e-15  1.5467179572037088e+14
  3.6790606653620313e-15  1.0360703934992958e+14
  3.8356164383561650e-15  5.9202470064879508e+13
  3.9921722113502924e-15  3.9006840154579195e+13
  4.1487279843444197e-15  4.7458756852111906e+13
  4.3052837573385534e-15  7.5188166104949641e+13
  4.4618395303326808e-15  1.0382381785493120e+14
  4.6183953033268082e-15  1.1476976671925553e+14
  4.7749510763209356e-15  9.9268673197068438e+13
  4.9315068493150693e-15  6.4282887238691500e+13
  5.0880626223091966e-15  2.8745962804876930e+13
  5.2446183953033240e-15  1.0796012114329295e+13
  5.4011741682974577e-15  1.4801925415138984e+13
  5.5577299412915851e-15  2.8924234806043953e+13
  5.7142857142857125e-15  3.5850766273179453e+13
  5.8708414872798399e-15  2.7615096558911590e+13
  6.0273972602739735e-15  1.1361049777569066e+13
  6.1839530332681009e-15  1.2341309187422251e+12
  6.3405088062622283e-15  4.6253105531066279e+12
  6.4970645792563620e-15  1.5946167769207033e+13
  6.6536203522504894e-15  2.3135674682568059e+13
  6.8101761252446168e-15  1.9508707472851832e+13
  6.9667318982387441e-15  9.1188879400029902e+12
  7.1232876712328778e-15  1.3617480809828223e+12
  7.2798434442270052e-15  1.4675363812072478e+12
  7.4363992172211326e-15  6.5523982738416670e+12
  7.5929549902152663e-15  9.9900592608993535e+12
  7.7495107632093937e-15  8.3480988254347510e+12
  7.9060665362035210e-15  3.7631602753729282e+12
  8.0626223091976484e-15  5.2008192986591779e+11
  8.2191780821917821e-15  4.8776154277899945e+11
  8.3757338551859095e-15  2.0749338098417261e+12
  8.5322896281800369e-15  2.7794891028380381e+12
  8.6888454011741642e-15  1.8687926698285344e+12
  8.8454011741682979e-15  5.3109506864972217e+11
  9.0019569471624253e-15  7.8639191740829041e+10
  9.1585127201565527e-15  5.6461132639216736e+11
  9.3150684931506864e-15  1.0891603424446803e+12
  9.4716242661448138e-15  9.9500210680435022e+11
  9.6281800391389412e-15  4.7234994435265826e+11
  9.7847358121330685e-15  1.1661328475900102e+11
  9.9412915851272022e-15  1.9059886186910455e+11
  1.0097847358121330e-14  4.4101221502038397e+11
  1.0254403131115457e-14  5.0792424122166205e+11
  1.0410958904109591e-14  3.3394385414597327e+11
  1.0567514677103718e-14  1.4024739170417422e+11
  1.0724070450097845e-14  1.1213643033983414e+11
  1.0880626223091973e-14  2.0914842506101239e+11
  1.1037181996086107e-14  2.7069272511187750e+11
  1.1193737769080234e-14  2.2284086416999924e+11
  1.1350293542074361e-14  1.3353479841390413e+11
  1.1506849315068495e-14  9.7613428674527359e+10
  1.1663405088062622e-14  1.2548929096281357e+11
  1.1819960861056750e-14  1.5683604469128214e+11
  1.1976516634050877e-14  1.4752575942886319e+11
  1.2133072407045011e-14  1.1206923713337407e+11
  1.2289628180039138e-14  8.8904308472534317e+10
  1.2446183953033266e-14  9.1374489582267944e+10
  1.2602739726027393e-14  1.0223861015258946e+11
  1.2759295499021527e-14  1.0226487785090672e+11
  1.2915851272015654e-14  9.0368611702671997e+10
  1.3072407045009781e-14  7.7935928233269989e+10
  1.3228962818003915e-14  7.3291851715736389e+10
  1.3385518590998042e-14  7.5018430870399704e+10
  1.3542074363992170e-14  7.6379218890829559e+10
  1.3698630136986297e-14  7.2896912550537186e+10
  1.3855185909980431e-14  6.6085370397068825e+10
  1.4011741682974558e-14  6.0975714688249817e+10
  1.4168297455968686e-14  6.0217478091579514e+10
  1.4324853228962819e-14  6.1196688389053131e+10
  1.4481409001956947e-14  5.9697050843432709e+10
  1.4637964774951074e-14  5.5402048445993835e+10
  1.4794520547945201e-14  5.1844627043640350e+10
  1.4951076320939335e-14  5.1162463008282272e+10
  1.5107632093933463e-14  5.1371354597297386e+10
  1.5264187866927590e-14  4.9768449432252548e+10
  1.5420743639921724e-14  4.6869057815189491e+10
  1.5577299412915851e-14  4.5076402006104424e+10
  1.5733855185909978e-14  4.4783798559250862e+10
  1.5890410958904106e-14  4.4134868320862061e+10
  1.6046966731898239e-14  4.2276538058602539e+10
  1.6203522504892367e-14  4.0546597800839844e+10
  1.6360078277886494e-14  3.9986344354599648e+10
  1.6516634050880628e-14  3.9636606803474358e+10
  1.6673189823874755e-14  3.8330665064444618e+10
  1.6829745596868883e-14  3.6694453090604980e+10
  1.6986301369863010e-14  3.5981962274587074e+10
  1.7142857142857137e-14  3.5896474276104874e+10
  1.7299412915851265e-14  3.5134205400273972e+10
  1.7455968688845405e-14  3.3624059434960575e+10
  1.7612524461839532e-14  3.2618714749688816e+10
  1.7769080234833660e-14  3.2548809011345646e+10
  1.7925636007827787e-14  3.2316114999827259e+10
  1.8082191780821914e-14  3.1169432384812294e+10
  1.8238747553816042e-14  2.9945968085454876e+10
  1.8395303326810169e-14  2.9624720364193768e+10
  1.8551859099804309e-14  2.9690743151350739e+10
  1.8708414872798436e-14  2.9040580173818169e+10
  1.8864970645792564e-14  2.7835078747571716e+10
  1.9021526418786691e-14  2.7184993546629013e+10
  1.9178082191780819e-14  2.7268774481414677e+10
  1.9334637964774946e-14  2.7067814245194988e+10
  1.9491193737769073e-14  2.6102020354183784e+10
  1.9647749510763213e-14  2.5208467007112637e+10
  1.9804305283757341e-14  2.5101111746719921e+10
  1.9960861056751468e-14  2.5184883042950703e+10
  2.0117416829745596e-14  2.4589499279305706e+10
  2.0273972602739723e-14  2.3627470806050312e+10
  2.0430528375733850e-14  2.3234276374129017e+10
  2.0587084148727978e-14  2.3388548929805477e+10
  2.0743639921722118e-14  2.3176609361304207e+10
  2.0900195694716245e-14  2.2342197722325207e+10
  2.1056751467710372e-14  2.1693096159141296e+10
  2.1213307240704500e-14  2.1721840063694199e+10
  2.1369863013698627e-14  2.1793002147820606e+10
  2.1526418786692755e-14  2.1234893281162575e+10
  2.1682974559686882e-14  2.0460152299441307e+10
  2.1839530332681022e-14  2.0246274302522461e+10
  2.1996086105675149e-14  2.0428056190726280e+10
  2.2152641878669277e-14  2.0198661760405792e+10
  2.2309197651663404e-14  1.9472550404992203e+10
  2.2465753424657531e-14  1.9008261204368740e+10
  2.2622309197651659e-14  1.9119922048973522e+10
  2.2778864970645786e-14  1.9164365734372921e+10
  2.2935420743639926e-14  1.8638829536193977e+10
  2.3091976516634054e-14  1.8015970015446178e+10
  2.3248532289628181e-14  1.7929904586499348e+10
  2.3405088062622308e-14  1.8113405735010971e+10
  2.3561643835616436e-14  1.7865923396398891e+10
  2.3718199608610563e-14  1.7233316686396130e+10
  2.3874755381604690e-14  1.6912945790597244e+10
  2.4031311154598830e-14  1.7073486715854246e+10
  2.4187866927592958e-14  1.7085450563096878e+10
  2.4344422700587085e-14  1.6590675304640043e+10
  2.4500978473581213e-14  1.6093960935122618e+10
  2.4657534246575340e-14  1.6100096561238535e+10
  2.4814090019569467e-14  1.6270457862470421e+10
  2.4970645792563595e-14  1.6007127181987082e+10
  2.5127201565557722e-14  1.5457216375188261e+10
  2.5283757338551862e-14  1.5250742286555864e+10
  2.5440313111545990e-14  1.5437427576287884e+10
  2.5596868884540117e-14  1.5415665910659216e+10
  2.5753424657534244e-14  1.4951270273101704e+10
  2.5909980430528372e-14  1.4561101412775236e+10
  2.6066536203522499e-14  1.4633726343369957e+10
  2.6223091976516626e-14  1.4782324286014452e+10
  2.6379647749510766e-14  1.4506545756429638e+10
  2.6536203522504894e-14  1.4031056992445740e+10
  2.6692759295499021e-14  1.3915718084904737e+10
  2.6849315068493149e-14  1.4112903898264570e+10
  2.7005870841487276e-14  1.4058472449919846e+10
  2.7162426614481403e-14  1.3624687027767593e+10
  2.7318982387475531e-14  1.3325676752047094e+10
  2.7475538160469671e-14  1.3445707070611023e+10
  2.7632093933463798e-14  1.3567686834325277e+10
  2.7788649706457925e-14  1.3283213912631220e+10
  2.7945205479452053e-14  1.2875554454859295e+10
  2.8101761252446180e-14  1.2833640093571438e+10
  2.8258317025440308e-14  1.3030349524422575e+10
  2.8414872798434435e-14  1.2945499796772980e+10
  2.8571428571428575e-14  1.2542805166071568e+10
  2.8727984344422702e-14  1.2322567382913788e+10
  2.8884540117416830e-14  1.2475506084287451e+10
  2.9041095890410957e-14  1.2568370835804916e+10
  2.9197651663405085e-14  1.2278960849711626e+10
  2.9354207436399212e-14  1.1933721510523851e+10
  2.9510763209393339e-14  1.1951142995717485e+10
  2.9667318982387479e-14  1.2139564699694298e+10
  2.9823874755381607e-14  1.2027155406442472e+10
  2.9980430528375734e-14  1.1656122071132492e+10
  3.0136986301369861e-14  1.1504476040200743e+10
  3.0293542074363989e-14  1.1679087813074118e+10
  3.0450097847358116e-14  1.1741853525367607e+10
  3.0606653620352244e-14  1.1451120729344500e+10
  3.0763209393346384e-14  1.1163761176027414e+10
  3.0919765166340511e-14  1.1229090514620066e+10
  3.1076320939334638e-14  1.1403616333912031e+10
  3.1232876712328766e-14  1.1266794291977499e+10
  3.1389432485322893e-14  1.0928011649414122e+10
  3.1545988258317020e-14  1.0836434684107353e+10
  3.1702544031311148e-14  1.1023856099799915e+10
  3.1859099804305288e-14  1.1056530959253139e+10
  3.2015655577299415e-14  1.0767895498974623e+10
  3.2172211350293543e-14  1.0534532423088963e+10
  3.2328767123287670e-14  1.0638334093466965e+10
  3.2485322896281797e-14  1.0794924196489964e+10
  3.2641878669275925e-14  1.0636952202828894e+10
  3.2798434442270052e-14  1.0330999147185806e+10
  3.2954990215264192e-14  1.0292236961996437e+10
  3.3111545988258320e-14  1.0485362707336315e+10
  3.3268101761252447e-14  1.0488620091636423e+10
  3.3424657534246574e-14  1.0205302902181538e+10
  3.3581213307240702e-14  1.0022560554507574e+10
  3.3737769080234829e-14  1.0156914742755207e+10
  3.3894324853228956e-14  1.0292669462314438e+10
  3.4050880626223096e-14  1.0116837066290340e+10
  3.4207436399217224e-14  9.8442724815633659e+09
  3.4363992172211351e-14  9.8520540739469643e+09
  3.4520547945205479e-14  1.0045104150867887e+10
  3.4677103718199606e-14  1.0020075091247601e+10
  3.4833659491193733e-14  9.7451147002362919e+09
  3.4990215264187861e-14  9.6100155776706753e+09
  3.5146771037182001e-14  9.7681705581889629e+09
  3.5303326810176128e-14  9.8810367000276909e+09
  3.5459882583170255e-14  9.6906190837034416e+09
  3.5616438356164383e-14  9.4519821480715485e+09
  3.5772994129158510e-14  9.5008065060875893e+09
  3.5929549902152638e-14  9.6890153639227600e+09
  3.6086105675146765e-14  9.6371568242589703e+09
  3.6242661448140892e-14  9.3734362198799458e+09
  3.6399217221135032e-14  9.2833190348756084e+09
  3.6555772994129160e-14  9.4594331802925777e+09
  3.6712328767123287e-14  9.5480001845834312e+09
  3.6868884540117414e-14  9.3462453844497528e+09
  3.7025440313111542e-14  9.1420605222126656e+09
  3.7181996086105669e-14  9.2270340224875126e+09
  3.7338551859099797e-14  9.4064241585750885e+09
  3.7495107632093937e-14  9.3294369968601170e+09
  3.7651663405088064e-14  9.0797145992752743e+09
  3.7808219178082191e-14  9.0321710666233521e+09
  3.7964774951076319e-14  9.2211182146107578e+09
  3.8121330724070446e-14  9.2844760511563320e+09
  3.8277886497064574e-14  9.0746095887846546e+09
  3.8434442270058701e-14  8.9053935546434135e+09
  3.8590998043052841e-14  9.0221035551405563e+09
  3.8747553816046968e-14  9.1893186634577465e+09
  3.8904109589041096e-14  9.0890992009115963e+09
  3.9060665362035223e-14  8.8560413520772934e+09
  3.9217221135029350e-14  8.8488663014750900e+09
  3.9373776908023478e-14  9.0460864739582710e+09
  3.9530332681017605e-14  9.0837268005509739e+09
  3.9686888454011745e-14  8.8689675386151485e+09
  3.9843444227005873e-14  8.7352376982539062e+09
  4.0000000000000000e-14  8.8796525324371605e+09
