#FileSignature: 0
#legend: No Name
#sim_duration: 0.001914
#title_str: z = 
#tlabel: z
#tscale: 0.007058
#tscale_str: $L_{NL}$
#tunit_str: m
#xcordID: T
#xlabel: t
#xscale: 0.000000
#xscale_str: $t_{p}$
#xunit_str: s
#ycordID: I
#ylabel: I
#yscale: 550000000000000.000000
#yscale_str: $I_{0}$
#yunit_str: W/m$^{2}$
 -4.0000000000000000e-14  1.4211061289873083e+09
 -3.9843444227005873e-14  1.4071693954802051e+09
 -3.9686888454011739e-14  1.4211605089892671e+09
 -3.9530332681017612e-14  1.4396071320617905e+09
 -3.9373776908023484e-14  1.4316993145191677e+09
 -3.9217221135029357e-14  1.4112494417959652e+09
 -3.9060665362035223e-14  1.4134154153129904e+09
 -3.8904109589041096e-14  1.4354097002705133e+09
 -3.8747553816046968e-14  1.4411740250210028e+09
 -3.8590998043052835e-14  1.4221818717019331e+09
 -3.8434442270058707e-14  1.4118526568818154e+09
 -3.8277886497064580e-14  1.4292132827478964e+09
 -3.8121330724070452e-14  1.4467735136297796e+09
 -3.7964774951076319e-14  1.4368492160310774e+09
 -3.7808219178082191e-14  1.4182840970360978e+09
 -3.7651663405088064e-14  1.4247277989034677e+09
 -3.7495107632093930e-14  1.4478669749456377e+09
 -3.7338551859099803e-14  1.4513734632227497e+09
 -3.7181996086105676e-14  1.4321718855136425e+09
 -3.7025440313111548e-14  1.4257105241241586e+09
 -3.6868884540117414e-14  1.4462061027691808e+09
 -3.6712328767123287e-14  1.4625830750995088e+09
 -3.6555772994129160e-14  1.4508257368331647e+09
 -3.6399217221135026e-14  1.4345582900602283e+09
 -3.6242661448140899e-14  1.4452924243619077e+09
 -3.6086105675146771e-14  1.4692280896085818e+09
 -3.5929549902152644e-14  1.4704133132049539e+09
 -3.5772994129158510e-14  1.4514030853214467e+09
 -3.5616438356164383e-14  1.4490854964476094e+09
 -3.5459882583170255e-14  1.4724875866496997e+09
 -3.5303326810176122e-14  1.4874129580103617e+09
 -3.5146771037181994e-14  1.4740535690112257e+09
 -3.4990215264187867e-14  1.4605289066735191e+09
 -3.4833659491193740e-14  1.4755730578311565e+09
 -3.4677103718199612e-14  1.4999702892038486e+09
 -3.4520547945205479e-14  1.4988137316853347e+09
 -3.4363992172211351e-14  1.4804435970258951e+09
 -3.4207436399217224e-14  1.4825655078720412e+09
 -3.4050880626223090e-14  1.5086500071995261e+09
 -3.3894324853228963e-14  1.5218839200766146e+09
 -3.3737769080234835e-14  1.5072080121588864e+09
 -3.3581213307240708e-14  1.4969111662960513e+09
 -3.3424657534246574e-14  1.5162928116772072e+09
 -3.3268101761252447e-14  1.5408285990183902e+09
 -3.3111545988258320e-14  1.5373575353969126e+09
 -3.2954990215264186e-14  1.5201341488734701e+09
 -3.2798434442270058e-14  1.5270163211378074e+09
 -3.2641878669275931e-14  1.5555622752834847e+09
 -3.2485322896281804e-14  1.5668953524920008e+09
 -3.2328767123287670e-14  1.5512530557907178e+09
 -3.2172211350293543e-14  1.5447187065927625e+09
 -3.2015655577299415e-14  1.5684748407087018e+09
 -3.1859099804305282e-14  1.5928378212394714e+09
 -3.1702544031311154e-14  1.5871352913916447e+09
 -3.1545988258317027e-14  1.5716362693505578e+09
 -3.1389432485322899e-14  1.5836310459994211e+09
 -3.1232876712328766e-14  1.6144202202643611e+09
 -3.1076320939334638e-14  1.6236781109197469e+09
 -3.0919765166340511e-14  1.6074981013754439e+09
 -3.0763209393346377e-14  1.6053229021056368e+09
 -3.0606653620352250e-14  1.6335024964777458e+09
 -3.0450097847358122e-14  1.6573943910571303e+09
 -3.0293542074363995e-14  1.6496111824078891e+09
 -3.0136986301369861e-14  1.6365022082705231e+09
 -2.9980430528375734e-14  1.6540018330950894e+09
 -2.9823874755381607e-14  1.6868193464435160e+09
 -2.9667318982387473e-14  1.6938706636839614e+09
 -2.9510763209393346e-14  1.6776792533989944e+09
 -2.9354207436399218e-14  1.6805376260325205e+09
 -2.9197651663405091e-14  1.7132052935953829e+09
 -2.9041095890410957e-14  1.7363447143472688e+09
 -2.8884540117416830e-14  1.7267167386359918e+09
 -2.8727984344422702e-14  1.7167741043091631e+09
 -2.8571428571428569e-14  1.7402215050620763e+09
 -2.8414872798434441e-14  1.7748580726272132e+09
 -2.8258317025440314e-14  1.7796270440896242e+09
 -2.8101761252446183e-14  1.7640742385463033e+09
 -2.7945205479452053e-14  1.7727388929454532e+09
 -2.7788649706457925e-14  1.8099803786992717e+09
 -2.7632093933463798e-14  1.8321101407526667e+09
 -2.7475538160469668e-14  1.8209832984737151e+09
 -2.7318982387475537e-14  1.8151238566555893e+09
 -2.7162426614481410e-14  1.8450269064938605e+09
 -2.7005870841487282e-14  1.8812836390977733e+09
 -2.6849315068493152e-14  1.8837695744570334e+09
 -2.6692759295499021e-14  1.8696648054365993e+09
 -2.6536203522504894e-14  1.8850337870260353e+09
 -2.6379647749510763e-14  1.9269642781742907e+09
 -2.6223091976516633e-14  1.9478640762236450e+09
 -2.6066536203522505e-14  1.9357298215862973e+09
 -2.5909980430528378e-14  1.9350512656611145e+09
 -2.5753424657534247e-14  1.9720020595001566e+09
 -2.5596868884540117e-14  2.0096994023908031e+09
 -2.5440313111545990e-14  2.0100062842090299e+09
 -2.5283757338551859e-14  1.9983678944016492e+09
 -2.5127201565557732e-14  2.0215008722203240e+09
 -2.4970645792563601e-14  2.0682777859111524e+09
 -2.4814090019569471e-14  2.0877852643286333e+09
 -2.4657534246575343e-14  2.0753317775542722e+09
 -2.4500978473581213e-14  2.0811676112825623e+09
 -2.4344422700587085e-14  2.1258692337498114e+09
 -2.4187866927592955e-14  2.1648628149947462e+09
 -2.4031311154598827e-14  2.1632442469421616e+09
 -2.3874755381604697e-14  2.1553687850701489e+09
 -2.3718199608610569e-14  2.1875366234772615e+09
 -2.3561643835616439e-14  2.2393798496236877e+09
 -2.3405088062622308e-14  2.2574254317610002e+09
 -2.3248532289628181e-14  2.2456121370313787e+09
 -2.3091976516634050e-14  2.2596074905753083e+09
 -2.2935420743639923e-14  2.3129116581741419e+09
 -2.2778864970645793e-14  2.3531200845727425e+09
 -2.2622309197651665e-14  2.3500494433295355e+09
 -2.2465753424657535e-14  2.3476111448037519e+09
 -2.2309197651663404e-14  2.3903636815775557e+09
 -2.2152641878669277e-14  2.4475852707775722e+09
 -2.1996086105675146e-14  2.4642490576812363e+09
 -2.1839530332681019e-14  2.4544216935574317e+09
 -2.1682974559686888e-14  2.4786458802631779e+09
 -2.1526418786692761e-14  2.5416050308399916e+09
 -2.1369863013698630e-14  2.5830453113511229e+09
 -2.1213307240704500e-14  2.5793177259762640e+09
 -2.1056751467710372e-14  2.5845279514927583e+09
 -2.0900195694716242e-14  2.6398181535160537e+09
 -2.0743639921722114e-14  2.7028731671774516e+09
 -2.0587084148727984e-14  2.7184341047089891e+09
 -2.0430528375733857e-14  2.7124509824802294e+09
 -2.0273972602739726e-14  2.7495907157836885e+09
 -2.0117416829745599e-14  2.8236476703724141e+09
 -1.9960861056751468e-14  2.8665588262297225e+09
 -1.9804305283757338e-14  2.8633257235337591e+09
 -1.9647749510763210e-14  2.8789451579254766e+09
 -1.9491193737769080e-14  2.9493043047506452e+09
 -1.9334637964774952e-14  3.0192446729901104e+09
 -1.9178082191780822e-14  3.0346477240637655e+09
 -1.9021526418786694e-14  3.0348380126237845e+09
 -1.8864970645792564e-14  3.0876283032026529e+09
 -1.8708414872798436e-14  3.1744568666728501e+09
 -1.8551859099804306e-14  3.2204686051713023e+09
 -1.8395303326810175e-14  3.2209842303253222e+09
 -1.8238747553816048e-14  3.2504133861959429e+09
 -1.8082191780821917e-14  3.3365601166883230e+09
 -1.7925636007827790e-14  3.4130335964123507e+09
 -1.7769080234833660e-14  3.4322702347977123e+09
 -1.7612524461839532e-14  3.4473296654416628e+09
 -1.7455968688845402e-14  3.5208302566148872e+09
 -1.7299412915851271e-14  3.6156737273611188e+09
 -1.7142857142857144e-14  3.6584172086296015e+09
 -1.6986301369863013e-14  3.6701166919212065e+09
 -1.6829745596868886e-14  3.7346696525579796e+09
 -1.6673189823874755e-14  3.8493918189220109e+09
 -1.6516634050880628e-14  3.9177161520184526e+09
 -1.6360078277886497e-14  3.9147373047750587e+09
 -1.6203522504892367e-14  3.9490481117263122e+09
 -1.6046966731898239e-14  4.0924402445150957e+09
 -1.5890410958904109e-14  4.2412562860472140e+09
 -1.5733855185909982e-14  4.2575672544066682e+09
 -1.5577299412915851e-14  4.1975195089916635e+09
 -1.5420743639921724e-14  4.2616338806173363e+09
 -1.5264187866927593e-14  4.5041066234369497e+09
 -1.5107632093933466e-14  4.7199906202489862e+09
 -1.4951076320939335e-14  4.7019981009126520e+09
 -1.4794520547945205e-14  4.5391041858509464e+09
 -1.4637964774951077e-14  4.5496957711522083e+09
 -1.4481409001956947e-14  4.8974085441106405e+09
 -1.4324853228962819e-14  5.3353891056122265e+09
 -1.4168297455968689e-14  5.4177273640203457e+09
 -1.4011741682974561e-14  5.0336472404326134e+09
 -1.3855185909980431e-14  4.6946364003965864e+09
 -1.3698630136986304e-14  5.0822951712013655e+09
 -1.3542074363992173e-14  6.1292522226800728e+09
 -1.3385518590998042e-14  6.7512413243637505e+09
 -1.3228962818003915e-14  6.0019714144466639e+09
 -1.3072407045009785e-14  4.6121273571880178e+09
 -1.2915851272015657e-14  4.6727848124097815e+09
 -1.2759295499021527e-14  7.0191170791099234e+09
 -1.2602739726027399e-14  9.3514758999798508e+09
 -1.2446183953033269e-14  8.4231550088707123e+09
 -1.2289628180039138e-14  4.6834766567138615e+09
 -1.2133072407045011e-14  3.1627242219557943e+09
 -1.1976516634050880e-14  7.6374312207682610e+09
 -1.1819960861056753e-14  1.4371588162359486e+10
 -1.1663405088062622e-14  1.4899139714760168e+10
 -1.1506849315068495e-14  7.0913065676219244e+09
 -1.1350293542074368e-14  8.1243149441425633e+08
 -1.1193737769080234e-14  7.6012409235249596e+09
 -1.1037181996086107e-14  2.4094682913938850e+10
 -1.0880626223091979e-14  3.1812933047733280e+10
 -1.0724070450097845e-14  1.9439635051669266e+10
 -1.0567514677103718e-14  2.3049245128422117e+09
 -1.0410958904109591e-14  9.1656547771967583e+09
 -1.0254403131115463e-14  4.4647221340847565e+10
 -1.0097847358121330e-14  7.4619912049334045e+10
 -9.9412915851272022e-15  6.3843287945098526e+10
 -9.7847358121330748e-15  2.7878360090985859e+10
 -9.6281800391389412e-15  2.7634083366406158e+10
 -9.4716242661448138e-15  9.5817242337798447e+10
 -9.3150684931506864e-15  1.8115078385520944e+11
 -9.1585127201565590e-15  1.9775820117371994e+11
 -9.0019569471624253e-15  1.4077504014912616e+11
 -8.8454011741682979e-15  1.2013098286338858e+11
 -8.6888454011741706e-15  2.3811613457712390e+11
 -8.5322896281800369e-15  4.4143567860857562e+11
 -8.3757338551859095e-15  5.5503085475494275e+11
 -8.2191780821917821e-15  5.0244707582905176e+11
 -8.0626223091976547e-15  4.4832431177699652e+11
 -7.9060665362035210e-15  6.3485615254556592e+11
 -7.7495107632093937e-15  1.0611805275052721e+12
 -7.5929549902152663e-15  1.4229222126413325e+12
 -7.4363992172211389e-15  1.4701763401324368e+12
 -7.2798434442270052e-15  1.3845775909161401e+12
 -7.1232876712328778e-15  1.6417548302621958e+12
 -6.9667318982387504e-15  2.4207040677257314e+12
 -6.8101761252446168e-15  3.2849246237222881e+12
 -6.6536203522504894e-15  3.6594114530567827e+12
 -6.4970645792563620e-15  3.6275317790073765e+12
 -6.3405088062622346e-15  3.9960484155872153e+12
 -6.1839530332681009e-15  5.3511077991226943e+12
 -6.0273972602739735e-15  7.1868534442539482e+12
 -5.8708414872798462e-15  8.3485757379006875e+12
 -5.7142857142857125e-15  8.4802498692878115e+12
 -5.5577299412915851e-15  8.6879168027387432e+12
 -5.4011741682974577e-15  1.0324948828122896e+13
 -5.2446183953033303e-15  1.3192705029943439e+13
 -5.0880626223091966e-15  1.5556555170908275e+13
 -4.9315068493150693e-15  1.6357948084501686e+13
 -4.7749510763209419e-15  1.6990718018332850e+13
 -4.6183953033268082e-15  2.0006397952392031e+13
 -4.4618395303326808e-15  2.5797927922249406e+13
 -4.3052837573385534e-15  3.1368553113214113e+13
 -4.1487279843444261e-15  3.3350766261124879e+13
 -3.9921722113502924e-15  3.2121572079874570e+13
 -3.8356164383561650e-15  3.1770592368612344e+13
 -3.6790606653620376e-15  3.5305820446911945e+13
 -3.5225048923679039e-15  4.0798482062051688e+13
 -3.3659491193737765e-15  4.3877243046429750e+13
 -3.2093933463796492e-15  4.4238615279909281e+13
 -3.0528375733855218e-15  4.7792033809739062e+13
 -2.8962818003913881e-15  6.0259630034036812e+13
 -2.7397260273972607e-15  7.8793099405233000e+13
 -2.5831702544031333e-15  9.2294700256563078e+13
 -2.4266144814089996e-15  9.1970105453530516e+13
 -2.2700587084148723e-15  8.0917230950806703e+13
 -2.1135029354207449e-15  7.1152363152744844e+13
 -1.9569471624266175e-15  7.0633726633785734e+13
 -1.8003913894324838e-15  7.5395368631255469e+13
 -1.6438356164383564e-15  7.6743632649320188e+13
 -1.4872798434442290e-15  7.5194552298509609e+13
 -1.3307240704501017e-15  8.3220515478146094e+13
 -1.1741682974559680e-15  1.1106088231841569e+14
 -1.0176125244618406e-15  1.5084210002340975e+14
 -8.6105675146771321e-16  1.7873467492686888e+14
 -7.0450097847357952e-16  1.7565462121405909e+14
 -5.4794520547945214e-16  1.4536152439933438e+14
 -3.9138943248532476e-16  1.1041248774945698e+14
 -2.3483365949119738e-16  9.0551108211034438e+13
 -7.8277886497063690e-17  8.7264781095626078e+13
  7.8277886497063690e-17  9.0168962006388344e+13
  2.3483365949119107e-16  9.5088778903052922e+13
  3.9138943248532476e-16  1.1057297772088738e+14
  5.4794520547945214e-16  1.4443033978947878e+14
  7.0450097847357952e-16  1.8688239078264594e+14
  8.6105675146770690e-16  2.1227596294926725e+14
  1.0176125244618406e-15  2.0045913370281678e+14
  1.1741682974559680e-15  1.5608055636916244e+14
  1.3307240704500954e-15  1.0551011456593531e+14
  1.4872798434442290e-15  7.4805795127706125e+13
  1.6438356164383564e-15  7.1140923499120875e+13
  1.8003913894324838e-15  8.4061760927205859e+13
  1.9569471624266112e-15  1.0066772257516739e+14
  2.1135029354207449e-15  1.1611749930533809e+14
  2.2700587084148723e-15  1.3023236138469438e+14
  2.4266144814089996e-15  1.3885498665370950e+14
  2.5831702544031270e-15  1.3350803969613169e+14
  2.7397260273972607e-15  1.1066793593174705e+14
  2.8962818003913881e-15  7.8891830663240156e+13
  3.0528375733855155e-15  5.3950762509855555e+13
  3.2093933463796492e-15  4.6026479284661500e+13
  3.3659491193737765e-15  5.2089060791090320e+13
  3.5225048923679039e-15  6.0663655331802117e+13
  3.6790606653620313e-15  6.2932838794612195e+13
  3.8356164383561650e-15  5.8642048238814227e+13
  3.9921722113502924e-15  5.2527760804484648e+13
  4.1487279843444197e-15  4.7409723377894500e+13
  4.3052837573385534e-15  4.2033918884189398e+13
  4.4618395303326808e-15  3.4642410924103293e+13
  4.6183953033268082e-15  2.6550630431001352e+13
  4.7749510763209356e-15  2.1134206449154875e+13
  4.9315068493150693e-15  1.9916037721981480e+13
  5.0880626223091966e-15  2.0793058579816539e+13
  5.2446183953033240e-15  2.0389940148450848e+13
  5.4011741682974577e-15  1.7521785647236801e+13
  5.5577299412915851e-15  1.3848319094433293e+13
  5.7142857142857125e-15  1.1468660126914781e+13
  5.8708414872798399e-15  1.0603966011521148e+13
  6.0273972602739735e-15  9.8516005564190605e+12
  6.1839530332681009e-15  8.1848626929196455e+12
  6.3405088062622283e-15  6.0927431649711895e+12
  6.4970645792563620e-15  4.7340875572756914e+12
  6.6536203522504894e-15  4.4533889614735039e+12
  6.8101761252446168e-15  4.4843343227765537e+12
  6.9667318982387441e-15  3.9748954147904185e+12
  7.1232876712328778e-15  2.9332440676974775e+12
  7.2798434442270052e-15  2.0381853967761980e+12
  7.4363992172211326e-15  1.7402554965054590e+12
  7.5929549902152663e-15  1.7997265695478613e+12
  7.7495107632093937e-15  1.6921358986551746e+12
  7.9060665362035210e-15  1.2495055259546030e+12
  8.0626223091976484e-15  7.6788504857195837e+11
  8.2191780821917821e-15  5.7064356117642615e+11
  8.3757338551859095e-15  6.3257462387795020e+11
  8.5322896281800369e-15  6.7541736471378772e+11
  8.6888454011741642e-15  5.2808586026873181e+11
  8.8454011741682979e-15  2.9053429129013049e+11
  9.0019569471624253e-15  1.5949590255102710e+11
  9.1585127201565527e-15  1.8483006040480020e+11
  9.3150684931506864e-15  2.4441695589984927e+11
  9.4716242661448138e-15  2.1690285266193201e+11
  9.6281800391389412e-15  1.1461300818956807e+11
  9.7847358121330685e-15  3.7290520961147606e+10
  9.9412915851272022e-15  3.9566836095485748e+10
  1.0097847358121330e-14  7.9961004369542358e+10
  1.0254403131115457e-14  8.8915063434626251e+10
  1.0410958904109591e-14  5.1751705703562950e+10
  1.0567514677103718e-14  1.0787768588102732e+10
  1.0724070450097845e-14  4.0190229063352771e+09
  1.0880626223091973e-14  2.3969117655331036e+10
  1.1037181996086107e-14  3.7122551776876953e+10
  1.1193737769080234e-14  2.7100951210696098e+10
  1.1350293542074361e-14  7.9183733244304390e+09
  1.1506849315068495e-14  5.1771534322065681e+08
  1.1663405088062622e-14  7.9612375351128559e+09
  1.1819960861056750e-14  1.6766485514618551e+10
  1.1976516634050877e-14  1.5916174955152874e+10
  1.2133072407045011e-14  8.0653167950432177e+09
  1.2289628180039138e-14  2.8892570947019644e+09
  1.2446183953033266e-14  4.6607859627075663e+09
  1.2602739726027393e-14  9.0821523733917999e+09
  1.2759295499021527e-14  1.0257796607424484e+10
  1.2915851272015654e-14  7.4898415941840229e+09
  1.3072407045009781e-14  4.5914097850274038e+09
  1.3228962818003915e-14  4.4968956775191641e+09
  1.3385518590998042e-14  6.3011067175139580e+09
  1.3542074363992170e-14  7.3028060205845814e+09
  1.3698630136986297e-14  6.4628947023556147e+09
  1.3855185909980431e-14  5.0791835003911848e+09
  1.4011741682974558e-14  4.6816032807925749e+09
  1.4168297455968686e-14  5.2625228466958227e+09
  1.4324853228962819e-14  5.7419406090940228e+09
  1.4481409001956947e-14  5.5035223454857798e+09
  1.4637964774951074e-14  4.9351025573227320e+09
  1.4794520547945201e-14  4.6579682585812101e+09
  1.4951076320939335e-14  4.7512372108882046e+09
  1.5107632093933463e-14  4.8680043876508608e+09
  1.5264187866927590e-14  4.7874203776687241e+09
  1.5420743639921724e-14  4.5953138684873838e+09
  1.5577299412915851e-14  4.4432020456480560e+09
  1.5733855185909978e-14  4.3628620910425329e+09
  1.5890410958904106e-14  4.3196673892351446e+09
  1.6046966731898239e-14  4.2891975628771691e+09
  1.6203522504892367e-14  4.2388233983660874e+09
  1.6360078277886494e-14  4.1343647572536602e+09
  1.6516634050880628e-14  4.0065085779096231e+09
  1.6673189823874755e-14  3.9352713925712733e+09
  1.6829745596868883e-14  3.9318897879374762e+09
  1.6986301369863010e-14  3.9074449501730151e+09
  1.7142857142857137e-14  3.8038851224688644e+09
  1.7299412915851265e-14  3.6870903176672411e+09
  1.7455968688845405e-14  3.6447725542625666e+09
  1.7612524461839532e-14  3.6481969126768465e+09
  1.7769080234833660e-14  3.6011823056032348e+09
  1.7925636007827787e-14  3.4954218201790905e+09
  1.8082191780821914e-14  3.4190102272116170e+09
  1.8238747553816042e-14  3.4094555607111306e+09
  1.8395303326810169e-14  3.3957887716960287e+09
  1.8551859099804309e-14  3.3201480668366246e+09
  1.8708414872798436e-14  3.2319849620788031e+09
  1.8864970645792564e-14  3.2012755729593658e+09
  1.9021526418786691e-14  3.2014854827516356e+09
  1.9178082191780819e-14  3.1573339218335915e+09
  1.9334637964774946e-14  3.0720686524615054e+09
  1.9491193737769073e-14  3.0196250335222721e+09
  1.9647749510763213e-14  3.0188515823312201e+09
  1.9804305283757341e-14  3.0032400047978559e+09
  1.9960861056751468e-14  2.9342760436726213e+09
  2.0117416829745596e-14  2.8652779683043189e+09
  2.0273972602739723e-14  2.8500923490363941e+09
  2.0430528375733850e-14  2.8529062022840896e+09
  2.0587084148727978e-14  2.8100015770303130e+09
  2.0743639921722118e-14  2.7368703274088111e+09
  2.0900195694716245e-14  2.7006101159042659e+09
  2.1056751467710372e-14  2.7066245198317471e+09
  2.1213307240704500e-14  2.6908383831039734e+09
  2.1369863013698627e-14  2.6282152973098450e+09
  2.1526418786692755e-14  2.5737605534765735e+09
  2.1682974559686882e-14  2.5688843344780059e+09
  2.1839530332681022e-14  2.5724196987507277e+09
  2.1996086105675149e-14  2.5310928521317301e+09
  2.2152641878669277e-14  2.4688083207135997e+09
  2.2309197651663404e-14  2.4451092186950359e+09
  2.2465753424657531e-14  2.4548718871530242e+09
  2.2622309197651659e-14  2.4381055083808184e+09
  2.2778864970645786e-14  2.3813210690851398e+09
  2.2935420743639926e-14  2.3391846689952660e+09
  2.3091976516634054e-14  2.3417615747717242e+09
  2.3248532289628181e-14  2.3446478268788652e+09
  2.3405088062622308e-14  2.3046062849209213e+09
  2.3561643835616436e-14  2.2518709523055916e+09
  2.3718199608610563e-14  2.2382163536138844e+09
  2.3874755381604690e-14  2.2499082357763300e+09
  2.4031311154598830e-14  2.2318130884978852e+09
  2.4187866927592958e-14  2.1803744669104595e+09
  2.4344422700587085e-14  2.1486681248799157e+09
  2.4500978473581213e-14  2.1565789419790602e+09
  2.4657534246575340e-14  2.1580439426886539e+09
  2.4814090019569467e-14  2.1192405639638927e+09
  2.4970645792563595e-14  2.0750042242647631e+09
  2.5127201565557722e-14  2.0693790018558197e+09
  2.5283757338551862e-14  2.0816972207866724e+09
  2.5440313111545990e-14  2.0621887429665058e+09
  2.5596868884540117e-14  2.0157752668038752e+09
  2.5753424657534244e-14  1.9929792037990072e+09
  2.5909980430528372e-14  2.0045916155553744e+09
  2.6066536203522499e-14  2.0041703163670938e+09
  2.6223091976516626e-14  1.9666741039423530e+09
  2.6379647749510766e-14  1.9300977036351697e+09
  2.6536203522504894e-14  1.9308948213629203e+09
  2.6692759295499021e-14  1.9429003113118405e+09
  2.6849315068493149e-14  1.9220381186082225e+09
  2.7005870841487276e-14  1.8804271219452851e+09
  2.7162426614481403e-14  1.8652979190444751e+09
  2.7318982387475531e-14  1.8793441855031111e+09
  2.7475538160469671e-14  1.8767826595013733e+09
  2.7632093933463798e-14  1.8407268955804892e+09
  2.7788649706457925e-14  1.8111200373950243e+09
  2.7945205479452053e-14  1.8170354098449907e+09
  2.8101761252446180e-14  1.8280512319378116e+09
  2.8258317025440308e-14  1.8059869823066843e+09
  2.8414872798434435e-14  1.7690204770674195e+09
  2.8571428571428575e-14  1.7605212469477978e+09
  2.8727984344422702e-14  1.7760026719994860e+09
  2.8884540117416830e-14  1.7711929519406722e+09
  2.9041095890410957e-14  1.7367486512208147e+09
  2.9197651663405085e-14  1.7135313908578873e+09
  2.9354207436399212e-14  1.7234895892788343e+09
  2.9510763209393339e-14  1.7330294681885021e+09
  2.9667318982387479e-14  1.7099735080682855e+09
  2.9823874755381607e-14  1.6775377471654100e+09
  2.9980430528375734e-14  1.6747893934783113e+09
  3.0136986301369861e-14  1.6909095222256403e+09
  3.0293542074363989e-14  1.6838464468204687e+09
  3.0450097847358116e-14  1.6512064118771586e+09
  3.0606653620352244e-14  1.6338824280469408e+09
  3.0763209393346384e-14  1.6469833804065709e+09
  3.0919765166340511e-14  1.6547026202273474e+09
  3.1076320939334638e-14  1.6309034168573787e+09
  3.1232876712328766e-14  1.6029156407078488e+09
  3.1389432485322893e-14  1.6051612155630970e+09
  3.1545988258317020e-14  1.6212781882650702e+09
  3.1702544031311148e-14  1.6120309316863823e+09
  3.1859099804305288e-14  1.5814005408019993e+09
  3.2015655577299415e-14  1.5695377600202782e+09
  3.2172211350293543e-14  1.5850176711602199e+09
  3.2328767123287670e-14  1.5906789879547892e+09
  3.2485322896281797e-14  1.5664106602642348e+09
  3.2641878669275925e-14  1.5428103952701001e+09
  3.2798434442270052e-14  1.5493885389317760e+09
  3.2954990215264192e-14  1.5649806397142019e+09
  3.3111545988258320e-14  1.5536739207348237e+09
  3.3268101761252447e-14  1.5252660415555658e+09
  3.3424657534246574e-14  1.5184823184332230e+09
  3.3581213307240702e-14  1.5356845984843996e+09
  3.3737769080234829e-14  1.5391341900309980e+09
  3.3894324853228956e-14  1.5146892452512798e+09
  3.4050880626223096e-14  1.4954325070451694e+09
  3.4207436399217224e-14  1.5057573132470381e+09
  3.4363992172211351e-14  1.5203978225296056e+09
  3.4520547945205479e-14  1.5071996612019496e+09
  3.4677103718199606e-14  1.4812321435563557e+09
  3.4833659491193733e-14  1.4791844504450531e+09
  3.4990215264187861e-14  1.4975378329903364e+09
  3.5146771037182001e-14  1.4986886411977398e+09
  3.5303326810176128e-14  1.4743741393237660e+09
  3.5459882583170255e-14  1.4594295289415321e+09
  3.5616438356164383e-14  1.4729750516739748e+09
  3.5772994129158510e-14  1.4863138170665791e+09
  3.5929549902152638e-14  1.4714278526090033e+09
  3.6086105675146765e-14  1.4481226686442206e+09
  3.6242661448140892e-14  1.4504987611628168e+09
  3.6399217221135032e-14  1.4695006907930686e+09
  3.6555772994129160e-14  1.4683208695749071e+09
  3.6712328767123287e-14  1.4444569371127102e+09
  3.6868884540117414e-14  1.4338029966617217e+09
  3.7025440313111542e-14  1.4500911555796471e+09
  3.7181996086105669e-14  1.4618411280897107e+09
  3.7338551859099797e-14  1.4455022436294470e+09
  3.7495107632093937e-14  1.4250857391440766e+09
  3.7651663405088064e-14  1.4315976028953493e+09
  3.7808219178082191e-14  1.4508015530827513e+09
  3.7964774951076319e-14  1.4473068185977054e+09
  3.8121330724070446e-14  1.4242268646590214e+09
  3.8277886497064574e-14  1.4178503146708224e+09
  3.8434442270058701e-14  1.4364413436823814e+09
  3.8590998043052841e-14  1.4463688823727448e+09
  3.8747553816046968e-14  1.4288413305907524e+09
  3.8904109589041096e-14  1.4115452769120240e+09
  3.9060665362035223e-14  1.4219238953583105e+09
  3.9217221135029350e-14  1.4409297064642975e+09
  3.9373776908023478e-14  1.4351787061541839e+09
  3.9530332681017605e-14  1.4132309514990826e+09
  3.9686888454011745e-14  1.4111255680446806e+09
  3.9843444227005873e-14  1.4316104199854693e+09
  4.0000000000000000e-14  1.4395285828155539e+09
