#FileSignature: 0
#legend: No Name
#sim_duration: 0.001228
#title_str: z = 
#tlabel: z
#tscale: 0.007058
#tscale_str: $L_{NL}$
#tunit_str: m
#xcordID: T
#xlabel: t
#xscale: 0.000000
#xscale_str: $t_{p}$
#xunit_str: s
#ycordID: I
#ylabel: I
#yscale: 550000000000000.000000
#yscale_str: $I_{0}$
#yunit_str: W/m$^{2}$
 -4.0000000000000000e-14  3.6149992328309441e+08
 -3.9843444227005873e-14  3.6243884825163883e+08
 -3.9686888454011739e-14  3.7074508734266031e+08
 -3.9530332681017612e-14  3.7245092464521861e+08
 -3.9373776908023484e-14  3.6476207637172991e+08
 -3.9217221135029357e-14  3.6077283489025807e+08
 -3.9060665362035223e-14  3.6739208416340023e+08
 -3.8904109589041096e-14  3.7368821090347475e+08
 -3.8747553816046968e-14  3.6931286750394595e+08
 -3.8590998043052835e-14  3.6195607964485884e+08
 -3.8434442270058707e-14  3.6439330134606332e+08
 -3.8277886497064580e-14  3.7294002712502921e+08
 -3.8121330724070452e-14  3.7364611881764293e+08
 -3.7964774951076319e-14  3.6581748336859155e+08
 -3.7808219178082191e-14  3.6320884675416541e+08
 -3.7651663405088064e-14  3.7083898716673422e+08
 -3.7495107632093930e-14  3.7650463230253124e+08
 -3.7338551859099803e-14  3.7134076435623771e+08
 -3.7181996086105676e-14  3.6479089535403657e+08
 -3.7025440313111548e-14  3.6871005731177986e+08
 -3.6868884540117414e-14  3.7735867171808004e+08
 -3.6712328767123287e-14  3.7704592549311203e+08
 -3.6555772994129160e-14  3.6922276046046072e+08
 -3.6399217221135026e-14  3.6807683824441028e+08
 -3.6242661448140899e-14  3.7661472153349221e+08
 -3.6086105675146771e-14  3.8154866024078518e+08
 -3.5929549902152644e-14  3.7568313047434777e+08
 -3.5772994129158510e-14  3.7009006460731840e+08
 -3.5616438356164383e-14  3.7547447259247178e+08
 -3.5459882583170255e-14  3.8408969679731935e+08
 -3.5303326810176122e-14  3.8275159417496169e+08
 -3.5146771037181994e-14  3.7509170915979826e+08
 -3.4990215264187867e-14  3.7549362836833864e+08
 -3.4833659491193740e-14  3.8483550743491447e+08
 -3.4677103718199612e-14  3.8894457416254956e+08
 -3.4520547945205479e-14  3.8247960101705080e+08
 -3.4363992172211351e-14  3.7800250917167211e+08
 -3.4207436399217224e-14  3.8483492135178322e+08
 -3.4050880626223090e-14  3.9328364828697866e+08
 -3.3894324853228963e-14  3.9092735987656313e+08
 -3.3737769080234835e-14  3.8360399264387387e+08
 -3.3581213307240708e-14  3.8564308398363954e+08
 -3.3424657534246574e-14  3.9568352413035816e+08
 -3.3268101761252447e-14  3.9888262081372440e+08
 -3.3111545988258320e-14  3.9193857219639885e+08
 -3.2954990215264186e-14  3.8874855352705991e+08
 -3.2798434442270058e-14  3.9701097869035804e+08
 -3.2641878669275931e-14  4.0516140015780550e+08
 -3.2485322896281804e-14  4.0180973510334033e+08
 -3.2328767123287670e-14  3.9501520762612915e+08
 -3.2172211350293543e-14  3.9878638378506505e+08
 -3.2015655577299415e-14  4.0941722680025089e+08
 -3.1859099804305282e-14  4.1162997096294147e+08
 -3.1702544031311154e-14  4.0434918050896364e+08
 -3.1545988258317027e-14  4.0263247123428404e+08
 -3.1389432485322899e-14  4.1230599023292959e+08
 -3.1232876712328766e-14  4.2002705636933714e+08
 -3.1076320939334638e-14  4.1572145728986073e+08
 -3.0919765166340511e-14  4.0967183630205405e+08
 -3.0763209393346377e-14  4.1527723534226322e+08
 -3.0606653620352250e-14  4.2638663716330326e+08
 -3.0450097847358122e-14  4.2754683095997477e+08
 -3.0293542074363995e-14  4.2009874123449934e+08
 -3.0136986301369861e-14  4.2006067552572417e+08
 -2.9980430528375734e-14  4.3112530985887122e+08
 -2.9823874755381607e-14  4.3828663331312138e+08
 -2.9667318982387473e-14  4.3309154839302492e+08
 -2.9510763209393346e-14  4.2803263777075779e+08
 -2.9354207436399218e-14  4.3558363772425330e+08
 -2.9197651663405091e-14  4.4705523148153108e+08
 -2.9041095890410957e-14  4.4710943992401117e+08
 -2.8884540117416830e-14  4.3969751826784056e+08
 -2.8727984344422702e-14  4.4156750670450163e+08
 -2.8571428571428569e-14  4.5400219032168949e+08
 -2.8414872798434441e-14  4.6047459454762030e+08
 -2.8258317025440314e-14  4.5448372064483726e+08
 -2.8101761252446183e-14  4.5069884780015481e+08
 -2.7945205479452053e-14  4.6031861272200525e+08
 -2.7788649706457925e-14  4.7203091664507830e+08
 -2.7632093933463798e-14  4.7094261294004226e+08
 -2.7475538160469668e-14  4.6381368304976028e+08
 -2.7318982387475537e-14  4.6785157780757082e+08
 -2.7162426614481410e-14  4.8163434059575510e+08
 -2.7005870841487282e-14  4.8729140292206371e+08
 -2.6849315068493152e-14  4.8063654967083269e+08
 -2.6692759295499021e-14  4.7845680488243943e+08
 -2.6536203522504894e-14  4.9028359484583843e+08
 -2.6379647749510763e-14  5.0210989091809309e+08
 -2.6223091976516633e-14  4.9986589821541679e+08
 -2.6066536203522505e-14  4.9332284168444467e+08
 -2.5909980430528378e-14  4.9982722045828182e+08
 -2.5753424657534247e-14  5.1493577471611863e+08
 -2.5596868884540117e-14  5.1965694778028876e+08
 -2.5440313111545990e-14  5.1252066684474468e+08
 -2.5283757338551859e-14  5.1233856763892919e+08
 -2.5127201565557732e-14  5.2653017985694331e+08
 -2.4970645792563601e-14  5.3833927027092266e+08
 -2.4814090019569471e-14  5.3495963971026915e+08
 -2.4657534246575343e-14  5.2937888847021896e+08
 -2.4500978473581213e-14  5.3869806547559011e+08
 -2.4344422700587085e-14  5.5511117855279267e+08
 -2.4187866927592955e-14  5.5878747019571710e+08
 -2.4031311154598827e-14  5.5142116200540471e+08
 -2.3874755381604697e-14  5.5370914178552115e+08
 -2.3718199608610569e-14  5.7044911248353076e+08
 -2.3561643835616439e-14  5.8210782039367175e+08
 -2.3405088062622308e-14  5.7766103963871562e+08
 -2.3248532289628181e-14  5.7351686916091049e+08
 -2.3091976516634050e-14  5.8606359763976979e+08
 -2.2935420743639923e-14  6.0376394702880037e+08
 -2.2778864970645793e-14  6.0630829528597915e+08
 -2.2622309197651665e-14  5.9905897913350356e+08
 -2.2465753424657535e-14  6.0439450546683049e+08
 -2.2309197651663404e-14  6.2389989454596782e+08
 -2.2152641878669277e-14  6.3527817541735899e+08
 -2.1996086105675146e-14  6.2990627494521224e+08
 -2.1839530332681019e-14  6.2780774203566360e+08
 -2.1682974559686888e-14  6.4407929871708834e+08
 -2.1526418786692761e-14  6.6305448525559628e+08
 -2.1369863013698630e-14  6.6441544675489652e+08
 -2.1213307240704500e-14  6.5776931584619844e+08
 -2.1056751467710372e-14  6.6688127061612439e+08
 -2.0900195694716242e-14  6.8941863358597040e+08
 -2.0743639921722114e-14  7.0038543811589181e+08
 -2.0587084148727984e-14  6.9432127581649721e+08
 -2.0430528375733857e-14  6.9506920943264878e+08
 -2.0273972602739726e-14  7.1571708592913485e+08
 -2.0117416829745599e-14  7.3599894985545862e+08
 -1.9960861056751468e-14  7.3615088286551023e+08
 -1.9804305283757338e-14  7.3070567822279942e+08
 -1.9647749510763210e-14  7.4450703282316363e+08
 -1.9491193737769080e-14  7.7053956262033224e+08
 -1.9334637964774952e-14  7.8114078457000732e+08
 -1.9178082191780822e-14  7.7471095882846391e+08
 -1.9021526418786694e-14  7.7905897301169240e+08
 -1.8864970645792564e-14  8.0471779259502316e+08
 -1.8708414872798436e-14  8.2670778384038913e+08
 -1.8551859099804306e-14  8.2634923532928038e+08
 -1.8395303326810175e-14  8.2303650779384208e+08
 -1.8238747553816048e-14  8.4177377262023211e+08
 -1.8082191780821917e-14  8.7087946147142947e+08
 -1.7925636007827790e-14  8.8178977181496859e+08
 -1.7769080234833660e-14  8.7769708222019994e+08
 -1.7612524461839532e-14  8.8791359879808259e+08
 -1.7455968688845402e-14  9.1717033619200468e+08
 -1.7299412915851271e-14  9.3735377849624956e+08
 -1.7142857142857144e-14  9.3716489572586012e+08
 -1.6986301369863013e-14  9.4343284701022625e+08
 -1.6829745596868886e-14  9.7391397622742939e+08
 -1.6673189823874755e-14  1.0022062269578931e+09
 -1.6516634050880628e-14  1.0012227988656908e+09
 -1.6360078277886497e-14  9.9592057002500951e+08
 -1.6203522504892367e-14  1.0287592304117173e+09
 -1.6046966731898239e-14  1.0841175322380314e+09
 -1.5890410958904109e-14  1.1001318825873165e+09
 -1.5733855185909982e-14  1.0661635657494226e+09
 -1.5577299412915851e-14  1.0558944214320639e+09
 -1.5420743639921724e-14  1.1268291999745581e+09
 -1.5264187866927593e-14  1.2228999753003154e+09
 -1.5107632093933466e-14  1.2339825752578051e+09
 -1.4951076320939335e-14  1.1500289180988507e+09
 -1.4794520547945205e-14  1.1003100910934708e+09
 -1.4637964774951077e-14  1.2025863703668752e+09
 -1.4481409001956947e-14  1.3942245808133817e+09
 -1.4324853228962819e-14  1.4670618013311830e+09
 -1.4168297455968689e-14  1.3100408995066133e+09
 -1.4011741682974561e-14  1.1007727509870360e+09
 -1.3855185909980431e-14  1.1688328355220335e+09
 -1.3698630136986304e-14  1.5836999083237491e+09
 -1.3542074363992173e-14  1.9341471057088606e+09
 -1.3385518590998042e-14  1.7223401537015786e+09
 -1.3228962818003915e-14  1.0837980461648657e+09
 -1.3072407045009785e-14  8.8345940978803945e+08
 -1.2915851272015657e-14  1.7251611585638199e+09
 -1.2759295499021527e-14  2.8997243527775993e+09
 -1.2602739726027399e-14  2.8975267236639910e+09
 -1.2446183953033269e-14  1.4020222841109700e+09
 -1.2289628180039138e-14  3.0525532009107155e+08
 -1.2133072407045011e-14  1.7398644558959067e+09
 -1.1976516634050880e-14  4.9274633202378044e+09
 -1.1819960861056753e-14  6.2247169480694971e+09
 -1.1663405088062622e-14  3.5731371482801628e+09
 -1.1506849315068495e-14  2.7301277495198846e+08
 -1.1350293542074368e-14  2.0888353194375057e+09
 -1.1193737769080234e-14  9.5729625196399956e+09
 -1.1037181996086107e-14  1.5420189617569160e+10
 -1.0880626223091979e-14  1.2654963052556080e+10
 -1.0724070450097845e-14  5.2824290190223970e+09
 -1.0567514677103718e-14  6.3937131157756338e+09
 -1.0410958904109591e-14  2.2173494030811176e+10
 -1.0254403131115463e-14  4.0683991166975311e+10
 -1.0097847358121330e-14  4.3674666865121986e+10
 -9.9412915851272022e-15  3.1765336558673595e+10
 -9.7847358121330748e-15  3.0356755078450287e+10
 -9.6281800391389412e-15  6.1216768852549713e+10
 -9.4716242661448138e-15  1.1029181475405135e+11
 -9.3150684931506864e-15  1.3776725147502225e+11
 -9.1585127201565590e-15  1.2917185196026390e+11
 -9.0019569471624253e-15  1.2580089966866319e+11
 -8.8454011741682979e-15  1.8364950850939124e+11
 -8.6888454011741706e-15  2.9874287139412335e+11
 -8.5322896281800369e-15  3.9732143429514069e+11
 -8.3757338551859095e-15  4.2462748813086243e+11
 -8.2191780821917821e-15  4.3283244966196570e+11
 -8.0626223091976547e-15  5.4072371257613507e+11
 -7.9060665362035210e-15  7.8651402399465662e+11
 -7.7495107632093937e-15  1.0555483194527040e+12
 -7.5929549902152663e-15  1.2077285403120386e+12
 -7.4363992172211389e-15  1.2767116186837119e+12
 -7.2798434442270052e-15  1.4750771710442466e+12
 -7.1232876712328778e-15  1.9464529994978481e+12
 -6.9667318982387504e-15  2.5521962745938193e+12
 -6.8101761252446168e-15  3.0063901641959512e+12
 -6.6536203522504894e-15  3.2573990675488438e+12
 -6.4970645792563620e-15  3.6367082679440898e+12
 -6.3405088062622346e-15  4.5040406438088340e+12
 -6.1839530332681009e-15  5.7626181416862266e+12
 -6.0273972602739735e-15  6.8931247631594258e+12
 -5.8708414872798462e-15  7.5810403069762861e+12
 -5.7142857142857125e-15  8.1976198759103643e+12
 -5.5577299412915851e-15  9.4318633974241914e+12
 -5.4011741682974577e-15  1.1404907029622268e+13
 -5.2446183953033303e-15  1.3402797833050209e+13
 -5.0880626223091966e-15  1.4752708494606207e+13
 -4.9315068493150693e-15  1.5874081919149826e+13
 -4.7749510763209419e-15  1.8052392057259691e+13
 -4.6183953033268082e-15  2.1916242900539074e+13
 -4.4618395303326808e-15  2.6387447298416309e+13
 -4.3052837573385534e-15  2.9625285730912770e+13
 -4.1487279843444261e-15  3.1112450383193074e+13
 -3.9921722113502924e-15  3.2345899197429910e+13
 -3.8356164383561650e-15  3.5031388687256797e+13
 -3.6790606653620376e-15  3.8870736961757773e+13
 -3.5225048923679039e-15  4.1948674233453461e+13
 -3.3659491193737765e-15  4.3678760035438961e+13
 -3.2093933463796492e-15  4.6652088578560297e+13
 -3.0528375733855218e-15  5.4377170872295086e+13
 -2.8962818003913881e-15  6.6795527022199922e+13
 -2.7397260273972607e-15  7.8884226418707062e+13
 -2.5831702544031333e-15  8.4805637484962703e+13
 -2.4266144814089996e-15  8.3558888429082953e+13
 -2.2700587084148723e-15  7.9721479696017000e+13
 -2.1135029354207449e-15  7.8223133897489875e+13
 -1.9569471624266175e-15  7.9311858114108156e+13
 -1.8003913894324838e-15  7.9990679227359328e+13
 -1.6438356164383564e-15  8.0297594354494562e+13
 -1.4872798434442290e-15  8.6123999910253312e+13
 -1.3307240704501017e-15  1.0357552953015967e+14
 -1.1741682974559680e-15  1.3020820097064797e+14
 -1.0176125244618406e-15  1.5360884572995097e+14
 -8.6105675146771321e-16  1.6066525524078931e+14
 -7.0450097847357952e-16  1.4885536855736822e+14
 -5.4794520547945214e-16  1.2793086667988164e+14
 -3.9138943248532476e-16  1.1050579510682873e+14
 -2.3483365949119738e-16  1.0197566031587720e+14
 -7.8277886497063690e-17  1.0014352826080483e+14
  7.8277886497063690e-17  1.0305514213546428e+14
  2.3483365949119107e-16  1.1395252182886648e+14
  3.9138943248532476e-16  1.3635869590224078e+14
  5.4794520547945214e-16  1.6515521219458472e+14
  7.0450097847357952e-16  1.8558041771458678e+14
  8.6105675146770690e-16  1.8373107175830762e+14
  1.0176125244618406e-15  1.5882260015371725e+14
  1.1741682974559680e-15  1.2460533313757583e+14
  1.3307240704500954e-15  9.8362873046952609e+13
  1.4872798434442290e-15  8.8436266209027469e+13
  1.6438356164383564e-15  9.1574711281152266e+13
  1.8003913894324838e-15  1.0014966053091558e+14
  1.9569471624266112e-15  1.0962365831614216e+14
  2.1135029354207449e-15  1.1879822723895791e+14
  2.2700587084148723e-15  1.2525888459709509e+14
  2.4266144814089996e-15  1.2382197961308417e+14
  2.5831702544031270e-15  1.1095747023303578e+14
  2.7397260273972607e-15  8.9896619464536969e+13
  2.8962818003913881e-15  6.9688600517586359e+13
  3.0528375733855155e-15  5.8307197580917094e+13
  3.2093933463796492e-15  5.6662689616563500e+13
  3.3659491193737765e-15  5.9282876754478219e+13
  3.5225048923679039e-15  6.0196997754526266e+13
  3.6790606653620313e-15  5.7613022144871117e+13
  3.8356164383561650e-15  5.3357452711702086e+13
  3.9921722113502924e-15  4.9169136045938172e+13
  4.1487279843444197e-15  4.4655382873308648e+13
  4.3052837573385534e-15  3.8708059090038680e+13
  4.4618395303326808e-15  3.1805668348389508e+13
  4.6183953033268082e-15  2.6044865350714473e+13
  4.7749510763209356e-15  2.2967738362154523e+13
  4.9315068493150693e-15  2.1945234964718973e+13
  5.0880626223091966e-15  2.0976656848560121e+13
  5.2446183953033240e-15  1.8802304011714902e+13
  5.4011741682974577e-15  1.5892664931745521e+13
  5.5577299412915851e-15  1.3467689720993189e+13
  5.7142857142857125e-15  1.1983928447579240e+13
  5.8708414872798399e-15  1.0832107209680672e+13
  6.0273972602739735e-15  9.3073917140577832e+12
  6.1839530332681009e-15  7.4837711324704619e+12
  6.3405088062622283e-15  6.0056311626014551e+12
  6.4970645792563620e-15  5.2367018919298232e+12
  6.6536203522504894e-15  4.8647090749914082e+12
  6.8101761252446168e-15  4.3408306092422783e+12
  6.9667318982387441e-15  3.5104041712807539e+12
  7.1232876712328778e-15  2.6888938131702632e+12
  7.2798434442270052e-15  2.2023962659102734e+12
  7.4363992172211326e-15  2.0120709582907988e+12
  7.5929549902152663e-15  1.8261999760315500e+12
  7.7495107632093937e-15  1.4739283310398586e+12
  7.9060665362035210e-15  1.0657346082382200e+12
  8.0626223091976484e-15  8.0357341264656738e+11
  8.2191780821917821e-15  7.2747515095327002e+11
  8.3757338551859095e-15  6.9779599830287415e+11
  8.5322896281800369e-15  5.8394640167434705e+11
  8.6888454011741642e-15  4.0365725193329346e+11
  8.8454011741682979e-15  2.6681422379828540e+11
  9.0019569471624253e-15  2.2903820274152542e+11
  9.1585127201565527e-15  2.3877640553449396e+11
  9.3150684931506864e-15  2.1636029932624472e+11
  9.4716242661448138e-15  1.4695959708241705e+11
  9.6281800391389412e-15  8.0323583587176910e+10
  9.7847358121330685e-15  5.8895599131717010e+10
  9.9412915851272022e-15  7.1060778435285278e+10
  1.0097847358121330e-14  7.5739726628953995e+10
  1.0254403131115457e-14  5.4036744529622772e+10
  1.0410958904109591e-14  2.3994529872961445e+10
  1.0567514677103718e-14  1.0967950196659056e+10
  1.0724070450097845e-14  1.7328889993554661e+10
  1.0880626223091973e-14  2.5209141926973686e+10
  1.1037181996086107e-14  2.0949296998860706e+10
  1.1193737769080234e-14  8.7387590409913654e+09
  1.1350293542074361e-14  1.1746067040023382e+09
  1.1506849315068495e-14  3.1040230767620144e+09
  1.1663405088062622e-14  8.2428059421527376e+09
  1.1819960861056750e-14  8.8840840929997864e+09
  1.1976516634050877e-14  4.5778760846129904e+09
  1.2133072407045011e-14  5.8526175098938251e+08
  1.2289628180039138e-14  5.6288156516304970e+08
  1.2446183953033266e-14  3.0007787109904356e+09
  1.2602739726027393e-14  4.2467134360073657e+09
  1.2759295499021527e-14  3.0246963255227089e+09
  1.2915851272015654e-14  1.1394704510562856e+09
  1.3072407045009781e-14  6.5340503773918068e+08
  1.3228962818003915e-14  1.5676656083175867e+09
  1.3385518590998042e-14  2.3876210079704070e+09
  1.3542074363992170e-14  2.1638079987242727e+09
  1.3698630136986297e-14  1.3711115365045164e+09
  1.3855185909980431e-14  9.7979305501403904e+08
  1.4011741682974558e-14  1.2432803244352548e+09
  1.4168297455968686e-14  1.6266130203264451e+09
  1.4324853228962819e-14  1.6325418061762958e+09
  1.4481409001956947e-14  1.3397584655060694e+09
  1.4637964774951074e-14  1.1319691683401239e+09
  1.4794520547945201e-14  1.1717370556216280e+09
  1.4951076320939335e-14  1.2970585614377990e+09
  1.5107632093933463e-14  1.3168506809716673e+09
  1.5264187866927590e-14  1.2289997187761910e+09
  1.5420743639921724e-14  1.1436229782394369e+09
  1.5577299412915851e-14  1.1183509085883954e+09
  1.5733855185909978e-14  1.1280901547574320e+09
  1.5890410958904106e-14  1.1340695796201808e+09
  1.6046966731898239e-14  1.1207472473111904e+09
  1.6203522504892367e-14  1.0868224759489167e+09
  1.6360078277886494e-14  1.0445389548714900e+09
  1.6516634050880628e-14  1.0201181694509170e+09
  1.6673189823874755e-14  1.0243175985702006e+09
  1.6829745596868883e-14  1.0298610993483434e+09
  1.6986301369863010e-14  1.0051381903760543e+09
  1.7142857142857137e-14  9.6243487974626923e+08
  1.7299412915851265e-14  9.4179826001997077e+08
  1.7455968688845405e-14  9.4987707197934043e+08
  1.7612524461839532e-14  9.4999663189125204e+08
  1.7769080234833660e-14  9.2047610535945117e+08
  1.7925636007827787e-14  8.8774703551668465e+08
  1.8082191780821914e-14  8.8194905132988214e+08
  1.8238747553816042e-14  8.8881562165417552e+08
  1.8395303326810169e-14  8.7536199355495441e+08
  1.8551859099804309e-14  8.4437295399496961e+08
  1.8708414872798436e-14  8.2773583533930635e+08
  1.8864970645792564e-14  8.3246261755711365e+08
  1.9021526418786691e-14  8.3027297928823960e+08
  1.9178082191780819e-14  8.0606270303871131e+08
  1.9334637964774946e-14  7.8259124245350325e+08
  1.9491193737769073e-14  7.8119032126312232e+08
  1.9647749510763213e-14  7.8607140474607694e+08
  1.9804305283757341e-14  7.7171821297736669e+08
  1.9960861056751468e-14  7.4586204626075697e+08
  2.0117416829745596e-14  7.3577555427885354e+08
  2.0273972602739723e-14  7.4216680355132163e+08
  2.0430528375733850e-14  7.3853708217944980e+08
  2.0587084148727978e-14  7.1606816024047649e+08
  2.0743639921722118e-14  6.9799299928124893e+08
  2.0900195694716245e-14  7.0007965470181143e+08
  2.1056751467710372e-14  7.0442090523337829e+08
  2.1213307240704500e-14  6.9004909424765992e+08
  2.1369863013698627e-14  6.6802545177153683e+08
  2.1526418786692755e-14  6.6228323615265572e+08
  2.1682974559686882e-14  6.6936219626637661e+08
  2.1839530332681022e-14  6.6474544453906703e+08
  2.1996086105675149e-14  6.4425117138085365e+08
  2.2152641878669277e-14  6.3060172464438605e+08
  2.2309197651663404e-14  6.3489821839178073e+08
  2.2465753424657531e-14  6.3828674913874745e+08
  2.2622309197651659e-14  6.2405688691061234e+08
  2.2778864970645786e-14  6.0553161664005876e+08
  2.2935420743639926e-14  6.0320916317524576e+08
  2.3091976516634054e-14  6.1034301852032471e+08
  2.3248532289628181e-14  6.0472657132565832e+08
  2.3405088062622308e-14  5.8611304065682602e+08
  2.3561643835616436e-14  5.7622266855616295e+08
  2.3718199608610563e-14  5.8200832653810596e+08
  2.3874755381604690e-14  5.8428049158106863e+08
  2.4031311154598830e-14  5.7026597021626842e+08
  2.4187866927592958e-14  5.5486371354338813e+08
  2.4344422700587085e-14  5.5523523901037943e+08
  2.4500978473581213e-14  5.6204237345384848e+08
  2.4657534246575340e-14  5.5551344996442068e+08
  2.4814090019569467e-14  5.3870317653369284e+08
  2.4970645792563595e-14  5.3200329831901926e+08
  2.5127201565557722e-14  5.3872410019839883e+08
  2.5283757338551862e-14  5.3981991754104459e+08
  2.5440313111545990e-14  5.2612281711255652e+08
  2.5596868884540117e-14  5.1353624573884791e+08
  2.5753424657534244e-14  5.1601777920681041e+08
  2.5909980430528372e-14  5.2223128941062236e+08
  2.6066536203522499e-14  5.1490548999153864e+08
  2.6223091976516626e-14  4.9984507347187483e+08
  2.6379647749510766e-14  4.9586966887591267e+08
  2.6536203522504894e-14  5.0309902860545766e+08
  2.6692759295499021e-14  5.0301364850428796e+08
  2.6849315068493149e-14  4.8973887933384061e+08
  2.7005870841487276e-14  4.7971109208638412e+08
  2.7162426614481403e-14  4.8383088716699409e+08
  2.7318982387475531e-14  4.8926778840212220e+08
  2.7475538160469671e-14  4.8127319819292480e+08
  2.7632093933463798e-14  4.6792149628783065e+08
  2.7788649706457925e-14  4.6628096585496026e+08
  2.7945205479452053e-14  4.7368691058688080e+08
  2.8101761252446180e-14  4.7245252031647271e+08
  2.8258317025440308e-14  4.5970317880271161e+08
  2.8414872798434435e-14  4.5201443982333541e+08
  2.8571428571428575e-14  4.5738477713654441e+08
  2.8727984344422702e-14  4.6192208717935055e+08
  2.8884540117416830e-14  4.5339222785742068e+08
  2.9041095890410957e-14  4.4171613413591695e+08
  2.9197651663405085e-14  4.4207923737058091e+08
  2.9354207436399212e-14  4.4940009078358674e+08
  2.9510763209393339e-14  4.4707340962754565e+08
  2.9667318982387479e-14  4.3494885747712129e+08
  2.9823874755381607e-14  4.2940793495223641e+08
  2.9980430528375734e-14  4.3570523409304821e+08
  3.0136986301369861e-14  4.3926357610738689e+08
  3.0293542074363989e-14  4.3033337653085703e+08
  3.0450097847358116e-14  4.2030518073068148e+08
  3.0606653620352244e-14  4.2238592650975037e+08
  3.0763209393346384e-14  4.2941320961990422e+08
  3.0919765166340511e-14  4.2606757318334067e+08
  3.1076320939334638e-14  4.1466279619350439e+08
  3.1232876712328766e-14  4.1110057580083835e+08
  3.1389432485322893e-14  4.1805087247296613e+08
  3.1545988258317020e-14  4.2058327976438063e+08
  3.1702544031311148e-14  4.1138710380271554e+08
  3.1859099804305288e-14  4.0298280960899800e+08
  3.2015655577299415e-14  4.0653062876870441e+08
  3.2172211350293543e-14  4.1309678837019801e+08
  3.2328767123287670e-14  4.0881719442196161e+08
  3.2485322896281797e-14  3.9822289532992333e+08
  3.2641878669275925e-14  3.9648756327047396e+08
  3.2798434442270052e-14  4.0385572162931573e+08
  3.2954990215264192e-14  4.0533992927330005e+08
  3.3111545988258320e-14  3.9601083278849548e+08
  3.3268101761252447e-14  3.8920905528729934e+08
  3.3424657534246574e-14  3.9400130461660600e+08
  3.3581213307240702e-14  3.9997080967548943e+08
  3.3737769080234829e-14  3.9485090264867246e+08
  3.3894324853228956e-14  3.8515397663388151e+08
  3.4050880626223096e-14  3.8510729660337996e+08
  3.4207436399217224e-14  3.9268888826303107e+08
  3.4363992172211351e-14  3.9312203094097233e+08
  3.4520547945205479e-14  3.8379176663119435e+08
  3.4677103718199606e-14  3.7857298286135995e+08
  3.4833659491193733e-14  3.8440913325881553e+08
  3.4990215264187861e-14  3.8967197236914480e+08
  3.5146771037182001e-14  3.8381233175749224e+08
  3.5303326810176128e-14  3.7509653276852053e+08
  3.5459882583170255e-14  3.7661090035709924e+08
  3.5616438356164383e-14  3.8422602584245127e+08
  3.5772994129158510e-14  3.8362104211013550e+08
  3.5929549902152638e-14  3.7442053144534093e+08
  3.6086105675146765e-14  3.7076654519892699e+08
  3.6242661448140892e-14  3.7746360453260493e+08
  3.6399217221135032e-14  3.8193053793675131e+08
  3.6555772994129160e-14  3.7543787979903466e+08
  3.6712328767123287e-14  3.6778457679212224e+08
  3.6868884540117414e-14  3.7074062933476287e+08
  3.7025440313111542e-14  3.7822917792630333e+08
  3.7181996086105669e-14  3.7661246591465312e+08
  3.7338551859099797e-14  3.6767258486873823e+08
  3.7495107632093937e-14  3.6556612353734761e+08
  3.7651663405088064e-14  3.7295497344821030e+08
  3.7808219178082191e-14  3.7655409655782861e+08
  3.7964774951076319e-14  3.6954114780855083e+08
  3.8121330724070446e-14  3.6303012763948876e+08
  3.8277886497064574e-14  3.6731475785967159e+08
  3.8434442270058701e-14  3.7453275276604515e+08
  3.8590998043052841e-14  3.7194277627223563e+08
  3.8747553816046968e-14  3.6339537213579756e+08
  3.8904109589041096e-14  3.6281976863752103e+08
  3.9060665362035223e-14  3.7074219203658962e+08
  3.9217221135029350e-14  3.7341651234546542e+08
  3.9373776908023478e-14  3.6600241146898186e+08
  3.9530332681017605e-14  3.6071270992651862e+08
  3.9686888454011745e-14  3.6621737630248415e+08
  3.9843444227005873e-14  3.7303416537856901e+08
  4.0000000000000000e-14  3.6952082325320518e+08
