#FileSignature: 0
#legend: No Name
#sim_duration: 0.010689
#title_str: z = 
#tlabel: z
#tscale: 0.007058
#tscale_str: $L_{NL}$
#tunit_str: m
#xcordID: T
#xlabel: t
#xscale: 0.000000
#xscale_str: $t_{p}$
#xunit_str: s
#ycordID: I
#ylabel: I
#yscale: 550000000000000.000000
#yscale_str: $I_{0}$
#yunit_str: W/m$^{2}$
 -4.0000000000000000e-14  2.0155297928409488e+09
 -3.9843444227005873e-14  2.1068564854777324e+09
 -3.9686888454011739e-14  2.2499623805385103e+09
 -3.9530332681017612e-14  2.1990179913487697e+09
 -3.9373776908023484e-14  2.0354623431368749e+09
 -3.9217221135029357e-14  2.0302344708789446e+09
 -3.9060665362035223e-14  2.1876292154494658e+09
 -3.8904109589041096e-14  2.2386415556290927e+09
 -3.8747553816046968e-14  2.0940300115425925e+09
 -3.8590998043052835e-14  1.9941202289550734e+09
 -3.8434442270058707e-14  2.1039138965233572e+09
 -3.8277886497064580e-14  2.2355742238728800e+09
 -3.8121330724070452e-14  2.1649826678306551e+09
 -3.7964774951076319e-14  2.0089352630075705e+09
 -3.7808219178082191e-14  2.0282165435149546e+09
 -3.7651663405088064e-14  2.1885473020286317e+09
 -3.7495107632093930e-14  2.2185071385385537e+09
 -3.7338551859099803e-14  2.0665668488141110e+09
 -3.7181996086105676e-14  1.9877350395261919e+09
 -3.7025440313111548e-14  2.1141393851638067e+09
 -3.6868884540117414e-14  2.2325813492132840e+09
 -3.6712328767123287e-14  2.1435236726522558e+09
 -3.6555772994129160e-14  1.9971034626000240e+09
 -3.6399217221135026e-14  2.0403985110205874e+09
 -3.6242661448140899e-14  2.2013434278832054e+09
 -3.6086105675146771e-14  2.2099147670349293e+09
 -3.5929549902152644e-14  2.0528211367023759e+09
 -3.5772994129158510e-14  1.9961312502359431e+09
 -3.5616438356164383e-14  2.1373273416613739e+09
 -3.5459882583170255e-14  2.2408566826843038e+09
 -3.5303326810176122e-14  2.1345684289306977e+09
 -3.5146771037181994e-14  1.9999016579108789e+09
 -3.4990215264187867e-14  2.0667206866939273e+09
 -3.4833659491193740e-14  2.2260045673959904e+09
 -3.4677103718199612e-14  2.2129214186746597e+09
 -3.4520547945205479e-14  2.0528948638692613e+09
 -3.4363992172211351e-14  2.0194191398190506e+09
 -3.4207436399217224e-14  2.1735991468903537e+09
 -3.4050880626223090e-14  2.2605721493925767e+09
 -3.3894324853228963e-14  2.1383605626345291e+09
 -3.3737769080234835e-14  2.0176150484895606e+09
 -3.3581213307240708e-14  2.1074689222687387e+09
 -3.3424657534246574e-14  2.2628285019698343e+09
 -3.3268101761252447e-14  2.2278899837682691e+09
 -3.3111545988258320e-14  2.0672312591433113e+09
 -3.2954990215264186e-14  2.0580692730043895e+09
 -3.2798434442270058e-14  2.2234099227188039e+09
 -3.2641878669275931e-14  2.2922084796903553e+09
 -3.2485322896281804e-14  2.1554745636199470e+09
 -3.2328767123287670e-14  2.0508962145662405e+09
 -3.2172211350293543e-14  2.1632905668842044e+09
 -3.2015655577299415e-14  2.3124401414281936e+09
 -3.1859099804305282e-14  2.2555100311803122e+09
 -3.1702544031311154e-14  2.0966405580040534e+09
 -3.1545988258317027e-14  2.1129391375701385e+09
 -3.1389432485322899e-14  2.2875736044806781e+09
 -3.1232876712328766e-14  2.3365821866584401e+09
 -3.1076320939334638e-14  2.1868489101058145e+09
 -3.0919765166340511e-14  2.1008024913768823e+09
 -3.0763209393346377e-14  2.2352307088491611e+09
 -3.0606653620352250e-14  2.3758265206749406e+09
 -3.0450097847358122e-14  2.2968374843358898e+09
 -3.0293542074363995e-14  2.1423469989419954e+09
 -3.0136986301369861e-14  2.1853221468296909e+09
 -2.9980430528375734e-14  2.3673090232155466e+09
 -2.9823874755381607e-14  2.3948926644854798e+09
 -2.9667318982387473e-14  2.2338412054210324e+09
 -2.9510763209393346e-14  2.1688577037789631e+09
 -2.9354207436399218e-14  2.3247924243050303e+09
 -2.9197651663405091e-14  2.4543941602189603e+09
 -2.9041095890410957e-14  2.3533574948223124e+09
 -2.8884540117416830e-14  2.2060620524527016e+09
 -2.8727984344422702e-14  2.2770240352704663e+09
 -2.8571428571428569e-14  2.4643116381245599e+09
 -2.8414872798434441e-14  2.4687943173698683e+09
 -2.8258317025440314e-14  2.2983113028109908e+09
 -2.8101761252446183e-14  2.2571449240818076e+09
 -2.7945205479452053e-14  2.4340273168811135e+09
 -2.7788649706457925e-14  2.5500546526069798e+09
 -2.7632093933463798e-14  2.4270771361309648e+09
 -2.7475538160469668e-14  2.2900918692033429e+09
 -2.7318982387475537e-14  2.3904750239175019e+09
 -2.7162426614481410e-14  2.5808586633251281e+09
 -2.7005870841487282e-14  2.5605014522624111e+09
 -2.6849315068493152e-14  2.3827414547486300e+09
 -2.6692759295499021e-14  2.3684404466253676e+09
 -2.6536203522504894e-14  2.5656663062241344e+09
 -2.6379647749510763e-14  2.6653479154639187e+09
 -2.6223091976516633e-14  2.5206582677927327e+09
 -2.6066536203522505e-14  2.3974910201297951e+09
 -2.5909980430528378e-14  2.5288903189665494e+09
 -2.5753424657534247e-14  2.7199594100713310e+09
 -2.5596868884540117e-14  2.6729380335821667e+09
 -2.5440313111545990e-14  2.4904076404819641e+09
 -2.5283757338551859e-14  2.5064047157147412e+09
 -2.5127201565557732e-14  2.7233058880719395e+09
 -2.4970645792563601e-14  2.8036176864152794e+09
 -2.4814090019569471e-14  2.6376068878691363e+09
 -2.4657534246575343e-14  2.5322816662762074e+09
 -2.4500978473581213e-14  2.6964986462011786e+09
 -2.4344422700587085e-14  2.8855691099631186e+09
 -2.4187866927592955e-14  2.8099509938865318e+09
 -2.4031311154598827e-14  2.6256242624943790e+09
 -2.3874755381604697e-14  2.6758551003542213e+09
 -2.3718199608610569e-14  2.9116738217400432e+09
 -2.3561643835616439e-14  2.9692617942660494e+09
 -2.3405088062622308e-14  2.7825439889789357e+09
 -2.3248532289628181e-14  2.6997679071216898e+09
 -2.3091976516634050e-14  2.8988702434455757e+09
 -2.2935420743639923e-14  3.0828958731812768e+09
 -2.2778864970645793e-14  2.9766167376789942e+09
 -2.2622309197651665e-14  2.7940958186019893e+09
 -2.2465753424657535e-14  2.8831580740464878e+09
 -2.2309197651663404e-14  3.1370129234748788e+09
 -2.2152641878669277e-14  3.1680970665488830e+09
 -2.1996086105675146e-14  2.9616006797393193e+09
 -2.1839530332681019e-14  2.9069884868720961e+09
 -2.1682974559686888e-14  3.1433848658156915e+09
 -2.1526418786692761e-14  3.3188457394581666e+09
 -2.1369863013698630e-14  3.1797022453297110e+09
 -2.1213307240704500e-14  3.0034471637861514e+09
 -2.1056751467710372e-14  3.1367939722160687e+09
 -2.0900195694716242e-14  3.4076063297461324e+09
 -2.0743639921722114e-14  3.4078746877956772e+09
 -2.0587084148727984e-14  3.1830420760682878e+09
 -2.0430528375733857e-14  3.1634584176372347e+09
 -2.0273972602739726e-14  3.4399222731524072e+09
 -2.0117416829745599e-14  3.6025545975392041e+09
 -1.9960861056751468e-14  3.4282234575292983e+09
 -1.9804305283757338e-14  3.2640962977709460e+09
 -1.9647749510763210e-14  3.4484883191793823e+09
 -1.9491193737769080e-14  3.7347086893388858e+09
 -1.9334637964774952e-14  3.6987214121620564e+09
 -1.9178082191780822e-14  3.4576441841409359e+09
 -1.9021526418786694e-14  3.4822937306589751e+09
 -1.8864970645792564e-14  3.8028617559234986e+09
 -1.8708414872798436e-14  3.9471681479099154e+09
 -1.8551859099804306e-14  3.7337514833610158e+09
 -1.8395303326810175e-14  3.5885488140119715e+09
 -1.8238747553816048e-14  3.8339354996084771e+09
 -1.8082191780821917e-14  4.1364213907310338e+09
 -1.7925636007827790e-14  4.0579902620281496e+09
 -1.7769080234833660e-14  3.7995798935531316e+09
 -1.7612524461839532e-14  3.8757316663842902e+09
 -1.7455968688845402e-14  4.2477943148289495e+09
 -1.7299412915851271e-14  4.3763858006936684e+09
 -1.7142857142857144e-14  4.1246529409287429e+09
 -1.6986301369863013e-14  3.9974661377806163e+09
 -1.6829745596868886e-14  4.2987954425003023e+09
 -1.6673189823874755e-14  4.6172204605166750e+09
 -1.6516634050880628e-14  4.5148763867043228e+09
 -1.6360078277886497e-14  4.2647590959413977e+09
 -1.6203522504892367e-14  4.3862941732149849e+09
 -1.6046966731898239e-14  4.7635386892593832e+09
 -1.5890410958904109e-14  4.8513718987513895e+09
 -1.5733855185909982e-14  4.6209143668835754e+09
 -1.5577299412915851e-14  4.6086569599679613e+09
 -1.5420743639921724e-14  4.9630338177936707e+09
 -1.5264187866927593e-14  5.1539234104236593e+09
 -1.5107632093933466e-14  4.9149092950042276e+09
 -1.4951076320939335e-14  4.7957243159730263e+09
 -1.4794520547945205e-14  5.2454672836678677e+09
 -1.4637964774951077e-14  5.7101063077914543e+09
 -1.4481409001956947e-14  5.4329605645871944e+09
 -1.4324853228962819e-14  4.8295652864488831e+09
 -1.4168297455968689e-14  5.0614431831759949e+09
 -1.4011741682974561e-14  6.1720346752703762e+09
 -1.3855185909980431e-14  6.7107325049305506e+09
 -1.3698630136986304e-14  5.7849474205041218e+09
 -1.3542074363992173e-14  4.6423646494040556e+09
 -1.3385518590998042e-14  5.1850388151158657e+09
 -1.3228962818003915e-14  7.2074296170344028e+09
 -1.3072407045009785e-14  8.2839739146212587e+09
 -1.2915851272015657e-14  6.8283775613384285e+09
 -1.2759295499021527e-14  4.4831865031090183e+09
 -1.2602739726027399e-14  4.5375440019267979e+09
 -1.2446183953033269e-14  7.8608504599150839e+09
 -1.2289628180039138e-14  1.1128998499330267e+10
 -1.2133072407045011e-14  1.0111342882081669e+10
 -1.1976516634050880e-14  5.1797809910058041e+09
 -1.1819960861056753e-14  2.4795027583002038e+09
 -1.1663405088062622e-14  7.4641406830998564e+09
 -1.1506849315068495e-14  1.6750365022955496e+10
 -1.1350293542074368e-14  1.9490358997813538e+10
 -1.1193737769080234e-14  1.0514678286006878e+10
 -1.1037181996086107e-14  5.5798585315899253e+08
 -1.0880626223091979e-14  6.6421154417091780e+09
 -1.0724070450097845e-14  2.8988903010228691e+10
 -1.0567514677103718e-14  4.4423638732918602e+10
 -1.0410958904109591e-14  3.2851293021741123e+10
 -1.0254403131115463e-14  8.8937595577558784e+09
 -1.0097847358121330e-14  1.2541500911622433e+10
 -9.9412915851272022e-15  5.8615635017425179e+10
 -9.7847358121330748e-15  1.0700661833058858e+11
 -9.6281800391389412e-15  1.0491225336841251e+11
 -9.4716242661448138e-15  6.1286019921500793e+10
 -9.3150684931506864e-15  5.3638659392881317e+10
 -9.1585127201565590e-15  1.3683128958218710e+11
 -9.0019569471624253e-15  2.5814176352536337e+11
 -8.8454011741682979e-15  3.0394683171678082e+11
 -8.6888454011741706e-15  2.4802303416994345e+11
 -8.5322896281800369e-15  2.1613104979766971e+11
 -8.3757338551859095e-15  3.5080632118724036e+11
 -8.2191780821917821e-15  6.1554569132770715e+11
 -8.0626223091976547e-15  8.0229796851230835e+11
 -7.9060665362035210e-15  7.8628326211900830e+11
 -7.7495107632093937e-15  7.3031789667089246e+11
 -7.5929549902152663e-15  9.3367668596839600e+11
 -7.4363992172211389e-15  1.4472113449882600e+12
 -7.2798434442270052e-15  1.9416806607260867e+12
 -7.1232876712328778e-15  2.0821350696535510e+12
 -6.9667318982387504e-15  2.0063891484334966e+12
 -6.8101761252446168e-15  2.2567542788524937e+12
 -6.6536203522504894e-15  3.1291442555760015e+12
 -6.4970645792563620e-15  4.2206504730829448e+12
 -6.3405088062622346e-15  4.8598313987869570e+12
 -6.1839530332681009e-15  5.0098632719943721e+12
 -6.0273972602739735e-15  5.4658883748252793e+12
 -5.8708414872798462e-15  6.8982507709810850e+12
 -5.7142857142857125e-15  8.8321972577821719e+12
 -5.5577299412915851e-15  9.9987680063958184e+12
 -5.4011741682974577e-15  9.8838544860515723e+12
 -5.2446183953033303e-15  9.5887783107943145e+12
 -5.0880626223091966e-15  1.0689832089136154e+13
 -4.9315068493150693e-15  1.3308920200253715e+13
 -4.7749510763209419e-15  1.5924280175013248e+13
 -4.6183953033268082e-15  1.7468334142539695e+13
 -4.4618395303326808e-15  1.9119250516159496e+13
 -4.3052837573385534e-15  2.3087270627065770e+13
 -4.1487279843444261e-15  2.9386141355571762e+13
 -3.9921722113502924e-15  3.4669092188573719e+13
 -3.8356164383561650e-15  3.5290972248031547e+13
 -3.6790606653620376e-15  3.1501052445858402e+13
 -3.5225048923679039e-15  2.7598722153653156e+13
 -3.3659491193737765e-15  2.7318005709554852e+13
 -3.2093933463796492e-15  2.9773191690308230e+13
 -3.0528375733855218e-15  3.1225268488594641e+13
 -2.8962818003913881e-15  3.0965660002688875e+13
 -2.7397260273972607e-15  3.3946323055266789e+13
 -2.5831702544031333e-15  4.5932193828172461e+13
 -2.4266144814089996e-15  6.5946474289218062e+13
 -2.2700587084148723e-15  8.4897724385011469e+13
 -2.1135029354207449e-15  9.2928628289937047e+13
 -1.9569471624266175e-15  8.8125109280410422e+13
 -1.8003913894324838e-15  7.7384979144892375e+13
 -1.6438356164383564e-15  6.8836623364150164e+13
 -1.4872798434442290e-15  6.4341654259139188e+13
 -1.3307240704501017e-15  5.9935144142970328e+13
 -1.1741682974559680e-15  5.2822889344258016e+13
 -1.0176125244618406e-15  4.6614118397826156e+13
 -8.6105675146771321e-16  4.9135583320082359e+13
 -7.0450097847357952e-16  6.5380301009389273e+13
 -5.4794520547945214e-16  9.2524206000118656e+13
 -3.9138943248532476e-16  1.2097324822921261e+14
 -2.3483365949119738e-16  1.3984769535359727e+14
 -7.8277886497063690e-17  1.4283975701434725e+14
  7.8277886497063690e-17  1.3136466782223459e+14
  2.3483365949119107e-16  1.1358757967385491e+14
  3.9138943248532476e-16  9.9479563734404109e+13
  5.4794520547945214e-16  9.4571773317943328e+13
  7.0450097847357952e-16  9.7186991730346734e+13
  8.6105675146770690e-16  1.0198201986481198e+14
  1.0176125244618406e-15  1.0653975539065581e+14
  1.1741682974559680e-15  1.1373398239875000e+14
  1.3307240704500954e-15  1.2658204037989556e+14
  1.4872798434442290e-15  1.4121709439606578e+14
  1.6438356164383564e-15  1.4710666807400856e+14
  1.8003913894324838e-15  1.3633120114669378e+14
  1.9569471624266112e-15  1.1302852508748041e+14
  2.1135029354207449e-15  9.2526923201339234e+13
  2.2700587084148723e-15  8.9859615055358516e+13
  2.4266144814089996e-15  1.0822234349112584e+14
  2.5831702544031270e-15  1.3752320705116209e+14
  2.7397260273972607e-15  1.6258049697165619e+14
  2.8962818003913881e-15  1.7211151237364144e+14
  3.0528375733855155e-15  1.6196290049097362e+14
  3.2093933463796492e-15  1.3421402490652547e+14
  3.3659491193737765e-15  9.6865873418460766e+13
  3.5225048923679039e-15  6.3899987072354977e+13
  3.6790606653620313e-15  5.0836997522571570e+13
  3.8356164383561650e-15  6.4609532849873016e+13
  3.9921722113502924e-15  9.5294966489203938e+13
  4.1487279843444197e-15  1.1967925362901595e+14
  4.3052837573385534e-15  1.1729369504183773e+14
  4.4618395303326808e-15  8.6700769754880391e+13
  4.6183953033268082e-15  4.7243156381809586e+13
  4.7749510763209356e-15  2.3487779737349098e+13
  4.9315068493150693e-15  2.5416965410946809e+13
  5.0880626223091966e-15  4.1646987426239859e+13
  5.2446183953033240e-15  5.1133870246437023e+13
  5.4011741682974577e-15  4.2086731569444562e+13
  5.5577299412915851e-15  2.0957397347833539e+13
  5.7142857142857125e-15  4.4941865839316807e+12
  5.8708414872798399e-15  3.6889515772276973e+12
  6.0273972602739735e-15  1.4876563262004742e+13
  6.1839530332681009e-15  2.5028319607238051e+13
  6.3405088062622283e-15  2.4487216954241930e+13
  6.4970645792563620e-15  1.4571017046248094e+13
  6.6536203522504894e-15  4.1224513374960166e+12
  6.8101761252446168e-15  2.1450045908646707e+11
  6.9667318982387441e-15  2.5855777133872461e+12
  7.1232876712328778e-15  5.9617355528964805e+12
  7.2798434442270052e-15  6.1963584051152881e+12
  7.4363992172211326e-15  3.5861946442588940e+12
  7.5929549902152663e-15  1.0815469359454799e+12
  7.7495107632093937e-15  5.7680916022870422e+11
  7.9060665362035210e-15  1.4182580727188518e+12
  8.0626223091976484e-15  1.9015528382501492e+12
  8.2191780821917821e-15  1.3409377352418384e+12
  8.3757338551859095e-15  4.4027532805925330e+11
  8.5322896281800369e-15  1.0663774412970993e+11
  8.6888454011741642e-15  4.1125566732437860e+11
  8.8454011741682979e-15  7.4458827768029517e+11
  9.0019569471624253e-15  6.5309445383140222e+11
  9.1585127201565527e-15  2.7486948304120102e+11
  9.3150684931506864e-15  2.5467886976690308e+10
  9.4716242661448138e-15  7.7937407061112411e+10
  9.6281800391389412e-15  2.4581924205780630e+11
  9.7847358121330685e-15  2.8067754420105768e+11
  9.9412915851272022e-15  1.5303709272651355e+11
  1.0097847358121330e-14  2.2084585450757957e+10
  1.0254403131115457e-14  1.1452295936052359e+10
  1.0410958904109591e-14  8.4202560040390076e+10
  1.0567514677103718e-14  1.2546602197579204e+11
  1.0724070450097845e-14  8.8098364997763107e+10
  1.0880626223091973e-14  2.5711853060115967e+10
  1.1037181996086107e-14  6.2174928740372915e+09
  1.1193737769080234e-14  3.2710441543693462e+10
  1.1350293542074361e-14  5.7689501171031860e+10
  1.1506849315068495e-14  4.9807528729591927e+10
  1.1663405088062622e-14  2.3960284372431015e+10
  1.1819960861056750e-14  1.1002400058821751e+10
  1.1976516634050877e-14  1.8524628177239128e+10
  1.2133072407045011e-14  2.9636733304692196e+10
  1.2289628180039138e-14  2.9448686989771446e+10
  1.2446183953033266e-14  2.0582504649977970e+10
  1.2602739726027393e-14  1.4096806011333326e+10
  1.2759295499021527e-14  1.4636437430648153e+10
  1.2915851272015654e-14  1.8142529826795895e+10
  1.3072407045009781e-14  1.9408471283613853e+10
  1.3228962818003915e-14  1.7412062952219421e+10
  1.3385518590998042e-14  1.4395484198361181e+10
  1.3542074363992170e-14  1.2787706864127014e+10
  1.3698630136986297e-14  1.3316372005710623e+10
  1.3855185909980431e-14  1.4658037825032167e+10
  1.4011741682974558e-14  1.4720725048980215e+10
  1.4168297455968686e-14  1.2971208479207634e+10
  1.4324853228962819e-14  1.1190533907874876e+10
  1.4481409001956947e-14  1.1179111382645636e+10
  1.4637964774951074e-14  1.2286408024589437e+10
  1.4794520547945201e-14  1.2399328370578733e+10
  1.4951076320939335e-14  1.1028063376923758e+10
  1.5107632093933463e-14  9.8741737150418835e+09
  1.5264187866927590e-14  1.0131553255351942e+10
  1.5420743639921724e-14  1.0782967175154066e+10
  1.5577299412915851e-14  1.0391518144299747e+10
  1.5733855185909978e-14  9.3314677680440865e+09
  1.5890410958904106e-14  8.9759145624022522e+09
  1.6046966731898239e-14  9.4202013056741390e+09
  1.6203522504892367e-14  9.4801772665406227e+09
  1.6360078277886494e-14  8.7423749723629341e+09
  1.6516634050880628e-14  8.1677302058966856e+09
  1.6673189823874755e-14  8.3876677941063862e+09
  1.6829745596868883e-14  8.6699344942776299e+09
  1.6986301369863010e-14  8.2226429862493277e+09
  1.7142857142857137e-14  7.5302709237243156e+09
  1.7299412915851265e-14  7.4880714201356621e+09
  1.7455968688845405e-14  7.8801597509172010e+09
  1.7612524461839532e-14  7.7753420785639858e+09
  1.7769080234833660e-14  7.1092234514041777e+09
  1.7925636007827787e-14  6.7667196761855755e+09
  1.8082191780821914e-14  7.0761402747176456e+09
  1.8238747553816042e-14  7.2780725180658751e+09
  1.8395303326810169e-14  6.8226924479498644e+09
  1.8551859099804309e-14  6.2771007592473230e+09
  1.8708414872798436e-14  6.3464500132632113e+09
  1.8864970645792564e-14  6.6978810114228287e+09
  1.9021526418786691e-14  6.5475880310708361e+09
  1.9178082191780819e-14  5.9771646147728443e+09
  1.9334637964774946e-14  5.7688674767179003e+09
  1.9491193737769073e-14  6.0827696663457060e+09
  1.9647749510763213e-14  6.2111866245399694e+09
  1.9804305283757341e-14  5.7827683201446724e+09
  1.9960861056751468e-14  5.3686382592570438e+09
  2.0117416829745596e-14  5.5027468784691868e+09
  2.0273972602739723e-14  5.7950268573991728e+09
  2.0430528375733850e-14  5.6085059566726837e+09
  2.0587084148727978e-14  5.1261732715831270e+09
  2.0743639921722118e-14  5.0217797059600582e+09
  2.0900195694716245e-14  5.3241694002605371e+09
  2.1056751467710372e-14  5.3879844518705225e+09
  2.1213307240704500e-14  4.9869580357896767e+09
  2.1369863013698627e-14  4.6784476595500784e+09
  2.1526418786692755e-14  4.8535697956338596e+09
  2.1682974559686882e-14  5.0906226433968887e+09
  2.1839530332681022e-14  4.8793203666954517e+09
  2.1996086105675149e-14  4.4727011154901838e+09
  2.2152641878669277e-14  4.4452534799080620e+09
  2.2309197651663404e-14  4.7276291194753447e+09
  2.2465753424657531e-14  4.7388750379108820e+09
  2.2622309197651659e-14  4.3672004207632046e+09
  2.2778864970645786e-14  4.1441371631115932e+09
  2.2935420743639926e-14  4.3427378550845528e+09
  2.3091976516634054e-14  4.5290074440399580e+09
  2.3248532289628181e-14  4.3023894615614443e+09
  2.3405088062622308e-14  3.9623794276353998e+09
  2.3561643835616436e-14  3.9924898834968586e+09
  2.3718199608610563e-14  4.2499171629901967e+09
  2.3874755381604690e-14  4.2182213464145598e+09
  2.4031311154598830e-14  3.8768777051736331e+09
  2.4187866927592958e-14  3.7240745523749385e+09
  2.4344422700587085e-14  3.9342324370303135e+09
  2.4500978473581213e-14  4.0743353253366122e+09
  2.4657534246575340e-14  3.8394556061882515e+09
  2.4814090019569467e-14  3.5584915864311771e+09
  2.4970645792563595e-14  3.6318290043699641e+09
  2.5127201565557722e-14  3.8618464477007575e+09
  2.5283757338551862e-14  3.7951662223158798e+09
  2.5440313111545990e-14  3.4844006431904984e+09
  2.5596868884540117e-14  3.3899202113223696e+09
  2.5753424657534244e-14  3.6032554287968822e+09
  2.5909980430528372e-14  3.7016909015898018e+09
  2.6066536203522499e-14  3.4639862843331971e+09
  2.6223091976516626e-14  3.2357146900734353e+09
  2.6379647749510766e-14  3.3413574239327450e+09
  2.6536203522504894e-14  3.5429174828627720e+09
  2.6692759295499021e-14  3.4478871032801404e+09
  2.6849315068493149e-14  3.1675454639073253e+09
  2.7005870841487276e-14  3.1218239217823296e+09
  2.7162426614481403e-14  3.3322990739350739e+09
  2.7318982387475531e-14  3.3932648028408265e+09
  2.7475538160469671e-14  3.1570050867968302e+09
  2.7632093933463798e-14  2.9760424342063007e+09
  2.7788649706457925e-14  3.1054831897600965e+09
  2.7945205479452053e-14  3.2783802668295612e+09
  2.8101761252446180e-14  3.1605842523124681e+09
  2.8258317025440308e-14  2.9102835966158180e+09
  2.8414872798434435e-14  2.9055204644607105e+09
  2.8571428571428575e-14  3.1087002024420071e+09
  2.8727984344422702e-14  3.1360494663935852e+09
  2.8884540117416830e-14  2.9046522700481586e+09
  2.9041095890410957e-14  2.7663890738416548e+09
  2.9197651663405085e-14  2.9128652574828739e+09
  2.9354207436399212e-14  3.0574023118354845e+09
  2.9510763209393339e-14  2.9215992999949255e+09
  2.9667318982387479e-14  2.7008323706383390e+09
  2.9823874755381607e-14  2.7305566442670078e+09
  2.9980430528375734e-14  2.9231253567107878e+09
  3.0136986301369861e-14  2.9203779721126828e+09
  3.0293542074363989e-14  2.6966322524735498e+09
  3.0450097847358116e-14  2.5970788397950583e+09
  3.0606653620352244e-14  2.7551114609610291e+09
  3.0763209393346384e-14  2.8718999794214129e+09
  3.0919765166340511e-14  2.7221989404893060e+09
  3.1076320939334638e-14  2.5303969687001061e+09
  3.1232876712328766e-14  2.5891529030333214e+09
  3.1389432485322893e-14  2.7685928447860379e+09
  3.1545988258317020e-14  2.7389679551652489e+09
  3.1702544031311148e-14  2.5251941956707110e+09
  3.1859099804305288e-14  2.4608585863784060e+09
  3.2015655577299415e-14  2.6259273930507174e+09
  3.2172211350293543e-14  2.7157660226368556e+09
  3.2328767123287670e-14  2.5557644733801932e+09
  3.2485322896281797e-14  2.3923344909593558e+09
  3.2641878669275925e-14  2.4754496535155482e+09
  3.2798434442270052e-14  2.6398213601423202e+09
  3.2954990215264192e-14  2.5862776026953359e+09
  3.3111545988258320e-14  2.3844443704860444e+09
  3.3268101761252447e-14  2.3522349873900361e+09
  3.3424657534246574e-14  2.5205448942904210e+09
  3.3581213307240702e-14  2.5843456979221129e+09
  3.3737769080234829e-14  2.4172386025588765e+09
  3.3894324853228956e-14  2.2815851189748621e+09
  3.4050880626223096e-14  2.3849961745094123e+09
  3.4207436399217224e-14  2.5327858835738811e+09
  3.4363992172211351e-14  2.4580624621861243e+09
  3.4520547945205479e-14  2.2698726429920802e+09
  3.4677103718199606e-14  2.2670201567269173e+09
  3.4833659491193733e-14  2.4353301578280563e+09
  3.4990215264187861e-14  2.4740744476122284e+09
  3.5146771037182001e-14  2.3027409275083971e+09
  3.5303326810176128e-14  2.1942779589792356e+09
  3.5459882583170255e-14  2.3143975403302817e+09
  3.5616438356164383e-14  2.4444094450989885e+09
  3.5772994129158510e-14  2.3510654134134097e+09
  3.5929549902152638e-14  2.1780212409493637e+09
  3.6086105675146765e-14  2.2020151817276664e+09
  3.6242661448140892e-14  2.3675107738503609e+09
  3.6399217221135032e-14  2.3822236418618603e+09
  3.6555772994129160e-14  2.2092969600393882e+09
  3.6712328767123287e-14  2.1274541265520303e+09
  3.6868884540117414e-14  2.2610674388985310e+09
  3.7025440313111542e-14  2.3723466104796920e+09
  3.7181996086105669e-14  2.2627974152633128e+09
  3.7338551859099797e-14  2.1062504036501307e+09
  3.7495107632093937e-14  2.1547870772680712e+09
  3.7651663405088064e-14  2.3149835391041245e+09
  3.7808219178082191e-14  2.3067206069083185e+09
  3.7964774951076319e-14  2.1346456214594858e+09
  3.8121330724070446e-14  2.0788704421063657e+09
  3.8277886497064574e-14  2.2230534769507799e+09
  3.8434442270058701e-14  2.3148302157356162e+09
  3.8590998043052841e-14  2.1913816019537516e+09
  3.8747553816046968e-14  2.0525716932167320e+09
  3.8904109589041096e-14  2.1235106045573637e+09
  3.9060665362035223e-14  2.2761783529379249e+09
  3.9217221135029350e-14  2.2460208279886928e+09
  3.9373776908023478e-14  2.0771022983316555e+09
  3.9530332681017605e-14  2.0468600669105299e+09
  3.9686888454011745e-14  2.1989135338787575e+09
  3.9843444227005873e-14  2.2705628976190453e+09
  4.0000000000000000e-14  2.1354426884811049e+09
